-0.057447	0.69191	0.79045	-0.30961	0.51983	0.62645	0.49141
-0.057447	0.69191	0.79045	-0.30961	0.51983	0.62645	0.49141
-0.057447	0.69191	0.79045	-0.30961	0.51983	0.62645	0.49141
-0.057447	0.69191	0.79045	-0.30961	0.51983	0.62645	0.49141
-0.057447	0.69191	0.79045	-0.30961	0.51983	0.62645	0.49141
-0.057447	0.69191	0.79045	-0.30961	0.51983	0.62645	0.49141
-0.057447	0.69191	0.79045	-0.30961	0.51983	0.62645	0.49141
-0.057447	0.69191	0.79045	-0.30961	0.51983	0.62645	0.49141
-0.057447	0.69191	0.79045	-0.30961	0.51983	0.62645	0.49141
-0.057447	0.69191	0.79045	-0.30961	0.51983	0.62645	0.49141
-0.057447	0.69191	0.79045	-0.30961	0.51983	0.62645	0.49141
-0.057447	0.69191	0.79045	-0.30961	0.51983	0.62645	0.49141
-0.057447	0.69191	0.79045	-0.30961	0.51983	0.62645	0.49141
-0.057447	0.69191	0.79045	-0.30961	0.51983	0.62645	0.49141
-0.057447	0.69191	0.79045	-0.30961	0.51983	0.62645	0.49141
-0.057447	0.69191	0.79045	-0.30961	0.51983	0.62645	0.49141
-0.057447	0.69191	0.79045	-0.30961	0.51983	0.62645	0.49141
-0.057447	0.69191	0.79045	-0.30961	0.51983	0.62645	0.49141
-0.057447	0.69191	0.79045	-0.30961	0.51983	0.62645	0.49141
-0.057447	0.69191	0.79045	-0.30961	0.51983	0.62645	0.49141
-0.057447	0.69191	0.79045	-0.30961	0.51983	0.62645	0.49141
-0.057447	0.69191	0.79045	-0.30961	0.51983	0.62645	0.49141
-0.057447	0.69191	0.79045	-0.30961	0.51983	0.62645	0.49141
-0.057447	0.69191	0.79045	-0.30961	0.51983	0.62645	0.49141
-0.057447	0.69191	0.79045	-0.30961	0.51983	0.62645	0.49141
-0.057447	0.69191	0.79045	-0.30961	0.51983	0.62645	0.49141
-0.057447	0.69191	0.79045	-0.30961	0.51983	0.62645	0.49141
-0.057447	0.69191	0.79045	-0.30961	0.51983	0.62645	0.49141
-0.057447	0.69191	0.79045	-0.30961	0.51983	0.62645	0.49141
-0.057447	0.69191	0.79045	-0.30961	0.51983	0.62645	0.49141
-0.057447	0.69191	0.79045	-0.30961	0.51983	0.62645	0.49141
-0.057447	0.69191	0.79045	-0.30961	0.51983	0.62645	0.49141
-0.057447	0.69191	0.79045	-0.30961	0.51983	0.62645	0.49141
-0.057447	0.69191	0.79045	-0.30961	0.51983	0.62645	0.49141
-0.057447	0.69191	0.79045	-0.30961	0.51983	0.62645	0.49141
-0.057447	0.69191	0.79045	-0.30961	0.51983	0.62645	0.49141
-0.057447	0.69191	0.79045	-0.30961	0.51983	0.62645	0.49141
-0.057447	0.69191	0.79045	-0.30961	0.51983	0.62645	0.49141
-0.057447	0.69191	0.79045	-0.30961	0.51983	0.62645	0.49141
-0.057447	0.69191	0.79045	-0.30961	0.51983	0.62645	0.49141
-0.057447	0.69191	0.79045	-0.30961	0.51983	0.62645	0.49141
-0.057449	0.69191	0.79045	-0.30961	0.51983	0.62645	0.4914
-0.057449	0.69191	0.79045	-0.30961	0.51983	0.62645	0.4914
-0.057449	0.69192	0.79045	-0.30961	0.51983	0.62645	0.4914
-0.057449	0.69192	0.79045	-0.30961	0.51983	0.62645	0.4914
-0.057449	0.69192	0.79045	-0.30961	0.51983	0.62645	0.4914
-0.05745	0.69192	0.79045	-0.30961	0.51983	0.62646	0.4914
-0.05745	0.69192	0.79045	-0.30961	0.51983	0.62646	0.4914
-0.057454	0.69191	0.79045	-0.30961	0.51982	0.62646	0.4914
-0.057454	0.69191	0.79045	-0.30961	0.51982	0.62646	0.4914
-0.057454	0.69191	0.79045	-0.30961	0.51982	0.62646	0.4914
-0.057459	0.69192	0.79045	-0.30961	0.51983	0.62645	0.4914
-0.057459	0.69192	0.79045	-0.30961	0.51983	0.62645	0.4914
-0.057464	0.69192	0.79045	-0.30961	0.51983	0.62646	0.4914
-0.057464	0.69192	0.79045	-0.30961	0.51983	0.62646	0.4914
-0.057464	0.69192	0.79045	-0.30961	0.51983	0.62646	0.4914
-0.05747	0.69192	0.79045	-0.30962	0.51982	0.62646	0.49139
-0.05747	0.69192	0.79045	-0.30962	0.51982	0.62646	0.49139
-0.05748	0.69191	0.79044	-0.30962	0.51982	0.62646	0.49139
-0.05748	0.69191	0.79044	-0.30962	0.51982	0.62646	0.49139
-0.05748	0.69191	0.79044	-0.30962	0.51982	0.62646	0.49139
-0.057489	0.69191	0.79044	-0.30962	0.51982	0.62647	0.49138
-0.057489	0.69191	0.79044	-0.30962	0.51982	0.62647	0.49138
-0.057501	0.69191	0.79044	-0.30963	0.51982	0.62647	0.49138
-0.057501	0.69191	0.79044	-0.30963	0.51982	0.62647	0.49138
-0.057501	0.69191	0.79044	-0.30963	0.51982	0.62647	0.49138
-0.057509	0.69191	0.79044	-0.30964	0.51982	0.62647	0.49137
-0.057509	0.69191	0.79044	-0.30964	0.51982	0.62647	0.49137
-0.057516	0.69192	0.79044	-0.30964	0.51982	0.62647	0.49137
-0.057516	0.69192	0.79044	-0.30964	0.51982	0.62647	0.49137
-0.057516	0.69192	0.79044	-0.30964	0.51982	0.62647	0.49137
-0.057523	0.69192	0.79043	-0.30964	0.51982	0.62647	0.49137
-0.057523	0.69192	0.79043	-0.30964	0.51982	0.62647	0.49137
-0.057529	0.69192	0.79043	-0.30965	0.51982	0.62647	0.49136
-0.057529	0.69192	0.79043	-0.30965	0.51982	0.62647	0.49136
-0.057529	0.69192	0.79043	-0.30965	0.51982	0.62647	0.49136
-0.057536	0.69192	0.79042	-0.30966	0.51983	0.62647	0.49136
-0.057536	0.69192	0.79042	-0.30966	0.51983	0.62647	0.49136
-0.057539	0.69192	0.79041	-0.30966	0.51983	0.62646	0.49135
-0.057539	0.69192	0.79041	-0.30966	0.51983	0.62646	0.49135
-0.057539	0.69192	0.79041	-0.30966	0.51983	0.62646	0.49135
-0.057541	0.69193	0.7904	-0.30967	0.51984	0.62646	0.49135
-0.057541	0.69193	0.7904	-0.30967	0.51984	0.62646	0.49135
-0.057544	0.69193	0.79038	-0.30968	0.51985	0.62645	0.49134
-0.057544	0.69193	0.79038	-0.30968	0.51985	0.62645	0.49134
-0.057544	0.69193	0.79038	-0.30968	0.51985	0.62645	0.49134
-0.057546	0.69194	0.79036	-0.3097	0.51986	0.62643	0.49134
-0.057546	0.69194	0.79036	-0.3097	0.51986	0.62643	0.49134
-0.057547	0.69195	0.79033	-0.30971	0.51988	0.62642	0.49133
-0.057547	0.69195	0.79033	-0.30971	0.51988	0.62642	0.49133
-0.057547	0.69195	0.79033	-0.30971	0.51988	0.62642	0.49133
-0.05755	0.69197	0.7903	-0.30973	0.5199	0.6264	0.49132
-0.05755	0.69197	0.7903	-0.30973	0.5199	0.6264	0.49132
-0.057553	0.69198	0.79026	-0.30975	0.51992	0.62638	0.49131
-0.057553	0.69198	0.79026	-0.30975	0.51992	0.62638	0.49131
-0.057553	0.69198	0.79026	-0.30975	0.51992	0.62638	0.49131
-0.057557	0.692	0.79022	-0.30978	0.51995	0.62636	0.49129
-0.057557	0.692	0.79022	-0.30978	0.51995	0.62636	0.49129
-0.057563	0.69202	0.79016	-0.30981	0.51998	0.62632	0.49128
-0.057563	0.69202	0.79016	-0.30981	0.51998	0.62632	0.49128
-0.057563	0.69202	0.79016	-0.30981	0.51998	0.62632	0.49128
-0.057571	0.69204	0.7901	-0.30985	0.52002	0.62629	0.49126
-0.057571	0.69204	0.7901	-0.30985	0.52002	0.62629	0.49126
-0.057583	0.69207	0.79003	-0.3099	0.52006	0.62625	0.49123
-0.057583	0.69207	0.79003	-0.3099	0.52006	0.62625	0.49123
-0.057583	0.69207	0.79003	-0.3099	0.52006	0.62625	0.49123
-0.057602	0.69209	0.78996	-0.30994	0.5201	0.62622	0.49121
-0.057602	0.69209	0.78996	-0.30994	0.5201	0.62622	0.49121
-0.057626	0.69212	0.78987	-0.31	0.52015	0.62617	0.49117
-0.057626	0.69212	0.78987	-0.31	0.52015	0.62617	0.49117
-0.057626	0.69212	0.78987	-0.31	0.52015	0.62617	0.49117
-0.057663	0.69216	0.78976	-0.31008	0.52021	0.62612	0.49113
-0.057663	0.69216	0.78976	-0.31008	0.52021	0.62612	0.49113
-0.057704	0.69221	0.78961	-0.31018	0.5203	0.62604	0.49107
-0.057704	0.69221	0.78961	-0.31018	0.5203	0.62604	0.49107
-0.057704	0.69221	0.78961	-0.31018	0.5203	0.62604	0.49107
-0.057756	0.69228	0.78943	-0.31031	0.5204	0.62596	0.49099
-0.057756	0.69228	0.78943	-0.31031	0.5204	0.62596	0.49099
-0.057816	0.69233	0.78926	-0.31042	0.52049	0.62588	0.49092
-0.057816	0.69233	0.78926	-0.31042	0.52049	0.62588	0.49092
-0.057816	0.69233	0.78926	-0.31042	0.52049	0.62588	0.49092
-0.057885	0.69241	0.78904	-0.31057	0.52061	0.62577	0.49084
-0.057885	0.69241	0.78904	-0.31057	0.52061	0.62577	0.49084
-0.057982	0.69248	0.78884	-0.31073	0.52072	0.62568	0.49074
-0.057982	0.69248	0.78884	-0.31073	0.52072	0.62568	0.49074
-0.057982	0.69248	0.78884	-0.31073	0.52072	0.62568	0.49074
-0.058095	0.69256	0.78858	-0.31091	0.52085	0.62557	0.49062
-0.058095	0.69256	0.78858	-0.31091	0.52085	0.62557	0.49062
-0.058196	0.69267	0.78827	-0.31113	0.52102	0.62543	0.49049
-0.058196	0.69267	0.78827	-0.31113	0.52102	0.62543	0.49049
-0.058196	0.69267	0.78827	-0.31113	0.52102	0.62543	0.49049
-0.05827	0.6928	0.78795	-0.31134	0.5212	0.62526	0.49038
-0.05827	0.6928	0.78795	-0.31134	0.5212	0.62526	0.49038
-0.058313	0.69292	0.78762	-0.31153	0.52139	0.62508	0.49027
-0.058313	0.69292	0.78762	-0.31153	0.52139	0.62508	0.49027
-0.058313	0.69292	0.78762	-0.31153	0.52139	0.62508	0.49027
-0.058347	0.69307	0.78725	-0.31175	0.52161	0.62489	0.49016
-0.058347	0.69307	0.78725	-0.31175	0.52161	0.62489	0.49016
-0.058382	0.69322	0.78687	-0.31197	0.52183	0.62468	0.49005
-0.058382	0.69322	0.78687	-0.31197	0.52183	0.62468	0.49005
-0.058382	0.69322	0.78687	-0.31197	0.52183	0.62468	0.49005
-0.05842	0.69339	0.78643	-0.31223	0.52209	0.62443	0.48992
-0.05842	0.69339	0.78643	-0.31223	0.52209	0.62443	0.48992
-0.058458	0.69357	0.78593	-0.31252	0.52238	0.62415	0.48977
-0.058458	0.69357	0.78593	-0.31252	0.52238	0.62415	0.48977
-0.058458	0.69357	0.78593	-0.31252	0.52238	0.62415	0.48977
-0.058502	0.69377	0.7854	-0.31284	0.52271	0.62385	0.48961
-0.058502	0.69377	0.7854	-0.31284	0.52271	0.62385	0.48961
-0.058554	0.69397	0.78485	-0.31317	0.52304	0.62354	0.48944
-0.058554	0.69397	0.78485	-0.31317	0.52304	0.62354	0.48944
-0.058554	0.69397	0.78485	-0.31317	0.52304	0.62354	0.48944
-0.05862	0.69421	0.78417	-0.31358	0.52344	0.62316	0.48923
-0.05862	0.69421	0.78417	-0.31358	0.52344	0.62316	0.48923
-0.0587	0.69446	0.78343	-0.31403	0.52388	0.62274	0.489
-0.0587	0.69446	0.78343	-0.31403	0.52388	0.62274	0.489
-0.0587	0.69446	0.78343	-0.31403	0.52388	0.62274	0.489
-0.058792	0.69473	0.78266	-0.3145	0.52433	0.62232	0.48876
-0.058792	0.69473	0.78266	-0.3145	0.52433	0.62232	0.48876
-0.058915	0.695	0.78187	-0.31499	0.5248	0.62189	0.48849
-0.058915	0.695	0.78187	-0.31499	0.5248	0.62189	0.48849
-0.058915	0.695	0.78187	-0.31499	0.5248	0.62189	0.48849
-0.059048	0.69526	0.78111	-0.31547	0.52523	0.62149	0.48823
-0.059048	0.69526	0.78111	-0.31547	0.52523	0.62149	0.48823
-0.05919	0.69557	0.78019	-0.31605	0.52577	0.62098	0.48792
-0.05919	0.69557	0.78019	-0.31605	0.52577	0.62098	0.48792
-0.05919	0.69557	0.78019	-0.31605	0.52577	0.62098	0.48792
-0.059293	0.69591	0.77921	-0.31664	0.52635	0.62043	0.48761
-0.059293	0.69591	0.77921	-0.31664	0.52635	0.62043	0.48761
-0.059379	0.69626	0.77818	-0.31725	0.52695	0.61985	0.4873
-0.059379	0.69626	0.77818	-0.31725	0.52695	0.61985	0.4873
-0.059379	0.69626	0.77818	-0.31725	0.52695	0.61985	0.4873
-0.05947	0.69663	0.77711	-0.31789	0.52759	0.61924	0.48697
-0.05947	0.69663	0.77711	-0.31789	0.52759	0.61924	0.48697
-0.059576	0.697	0.77598	-0.31856	0.52825	0.6186	0.48662
-0.059576	0.697	0.77598	-0.31856	0.52825	0.6186	0.48662
-0.059576	0.697	0.77598	-0.31856	0.52825	0.6186	0.48662
-0.059693	0.69735	0.77493	-0.31919	0.52887	0.61801	0.48628
-0.059693	0.69735	0.77493	-0.31919	0.52887	0.61801	0.48628
-0.059859	0.69774	0.77374	-0.31992	0.52956	0.61736	0.48589
-0.059859	0.69774	0.77374	-0.31992	0.52956	0.61736	0.48589
-0.059859	0.69774	0.77374	-0.31992	0.52956	0.61736	0.48589
-0.060064	0.69813	0.77249	-0.3207	0.53027	0.61668	0.48546
-0.060064	0.69813	0.77249	-0.3207	0.53027	0.61668	0.48546
-0.060259	0.69852	0.77126	-0.32146	0.53097	0.61601	0.48504
-0.060259	0.69852	0.77126	-0.32146	0.53097	0.61601	0.48504
-0.060259	0.69852	0.77126	-0.32146	0.53097	0.61601	0.48504
-0.060434	0.6989	0.77005	-0.32221	0.53166	0.61534	0.48463
-0.060434	0.6989	0.77005	-0.32221	0.53166	0.61534	0.48463
-0.060707	0.69924	0.76895	-0.32293	0.53227	0.61477	0.48421
-0.060707	0.69924	0.76895	-0.32293	0.53227	0.61477	0.48421
-0.060707	0.69924	0.76895	-0.32293	0.53227	0.61477	0.48421
-0.061034	0.69962	0.76767	-0.32376	0.53296	0.61412	0.48373
-0.061034	0.69962	0.76767	-0.32376	0.53296	0.61412	0.48373
-0.061349	0.69999	0.76643	-0.32457	0.53364	0.61348	0.48324
-0.061349	0.69999	0.76643	-0.32457	0.53364	0.61348	0.48324
-0.061349	0.69999	0.76643	-0.32457	0.53364	0.61348	0.48324
-0.06179	0.70035	0.76516	-0.32545	0.53429	0.61287	0.48271
-0.06179	0.70035	0.76516	-0.32545	0.53429	0.61287	0.48271
-0.062197	0.70066	0.76404	-0.32622	0.53487	0.61233	0.48222
-0.062197	0.70066	0.76404	-0.32622	0.53487	0.61233	0.48222
-0.062197	0.70066	0.76404	-0.32622	0.53487	0.61233	0.48222
-0.06269	0.70101	0.76279	-0.3271	0.5355	0.61175	0.48166
-0.06269	0.70101	0.76279	-0.3271	0.5355	0.61175	0.48166
-0.063186	0.70135	0.76156	-0.32797	0.53611	0.61118	0.48112
-0.063186	0.70135	0.76156	-0.32797	0.53611	0.61118	0.48112
-0.063186	0.70135	0.76156	-0.32797	0.53611	0.61118	0.48112
-0.063836	0.70166	0.76038	-0.32887	0.53666	0.6107	0.48051
-0.063836	0.70166	0.76038	-0.32887	0.53666	0.6107	0.48051
-0.064464	0.70201	0.75916	-0.32976	0.53722	0.61019	0.47991
-0.064464	0.70201	0.75916	-0.32976	0.53722	0.61019	0.47991
-0.064464	0.70201	0.75916	-0.32976	0.53722	0.61019	0.47991
-0.065049	0.70234	0.75802	-0.33059	0.53774	0.60972	0.47936
-0.065049	0.70234	0.75802	-0.33059	0.53774	0.60972	0.47936
-0.065748	0.70269	0.75675	-0.33155	0.53831	0.60921	0.47871
-0.065748	0.70269	0.75675	-0.33155	0.53831	0.60921	0.47871
-0.065748	0.70269	0.75675	-0.33155	0.53831	0.60921	0.47871
-0.066463	0.703	0.75549	-0.33251	0.53888	0.60869	0.47806
-0.066463	0.703	0.75549	-0.33251	0.53888	0.60869	0.47806
-0.067204	0.70333	0.75416	-0.33352	0.53948	0.60814	0.47738
-0.067204	0.70333	0.75416	-0.33352	0.53948	0.60814	0.47738
-0.067204	0.70333	0.75416	-0.33352	0.53948	0.60814	0.47738
-0.067903	0.70366	0.75278	-0.33455	0.54012	0.60754	0.47669
-0.067903	0.70366	0.75278	-0.33455	0.54012	0.60754	0.47669
-0.06868	0.70394	0.7515	-0.33554	0.54068	0.60703	0.47601
-0.06868	0.70394	0.7515	-0.33554	0.54068	0.60703	0.47601
-0.06868	0.70394	0.7515	-0.33554	0.54068	0.60703	0.47601
-0.06954	0.70428	0.74999	-0.33671	0.54136	0.6064	0.47522
-0.06954	0.70428	0.74999	-0.33671	0.54136	0.6064	0.47522
-0.070558	0.70462	0.74842	-0.33796	0.54203	0.60579	0.47435
-0.070558	0.70462	0.74842	-0.33796	0.54203	0.60579	0.47435
-0.070558	0.70462	0.74842	-0.33796	0.54203	0.60579	0.47435
-0.071689	0.70493	0.74687	-0.33924	0.54266	0.60523	0.47343
-0.071689	0.70493	0.74687	-0.33924	0.54266	0.60523	0.47343
-0.072866	0.70525	0.74525	-0.34058	0.54331	0.60463	0.47248
-0.072866	0.70525	0.74525	-0.34058	0.54331	0.60463	0.47248
-0.072866	0.70525	0.74525	-0.34058	0.54331	0.60463	0.47248
-0.074215	0.70556	0.74355	-0.34203	0.54397	0.60404	0.47143
-0.074215	0.70556	0.74355	-0.34203	0.54397	0.60404	0.47143
-0.075718	0.70587	0.74179	-0.34356	0.5446	0.60348	0.47031
-0.075718	0.70587	0.74179	-0.34356	0.5446	0.60348	0.47031
-0.075718	0.70587	0.74179	-0.34356	0.5446	0.60348	0.47031
-0.077287	0.70612	0.7402	-0.34503	0.54513	0.60303	0.4692
-0.077287	0.70612	0.7402	-0.34503	0.54513	0.60303	0.4692
-0.079177	0.7064	0.73835	-0.34676	0.54572	0.60252	0.46788
-0.079177	0.7064	0.73835	-0.34676	0.54572	0.60252	0.46788
-0.079177	0.7064	0.73835	-0.34676	0.54572	0.60252	0.46788
-0.081262	0.70664	0.73657	-0.34852	0.54621	0.60213	0.46651
-0.081262	0.70664	0.73657	-0.34852	0.54621	0.60213	0.46651
-0.083273	0.70696	0.73455	-0.35037	0.54683	0.60157	0.46511
-0.083273	0.70696	0.73455	-0.35037	0.54683	0.60157	0.46511
-0.083273	0.70696	0.73455	-0.35037	0.54683	0.60157	0.46511
-0.085678	0.70721	0.73252	-0.35238	0.54736	0.60113	0.46354
-0.085678	0.70721	0.73252	-0.35238	0.54736	0.60113	0.46354
-0.087753	0.70745	0.73062	-0.3542	0.54789	0.60065	0.46215
-0.087753	0.70745	0.73062	-0.3542	0.54789	0.60065	0.46215
-0.087753	0.70745	0.73062	-0.3542	0.54789	0.60065	0.46215
-0.090093	0.70769	0.72845	-0.35626	0.5485	0.60009	0.46057
-0.090093	0.70769	0.72845	-0.35626	0.5485	0.60009	0.46057
-0.092392	0.70792	0.72623	-0.35835	0.54915	0.59946	0.45899
-0.092392	0.70792	0.72623	-0.35835	0.54915	0.59946	0.45899
-0.092392	0.70792	0.72623	-0.35835	0.54915	0.59946	0.45899
-0.094828	0.70814	0.72386	-0.36057	0.54983	0.59878	0.45731
-0.094828	0.70814	0.72386	-0.36057	0.54983	0.59878	0.45731
-0.09702	0.70839	0.72138	-0.36276	0.55064	0.59795	0.4557
-0.09702	0.70839	0.72138	-0.36276	0.55064	0.59795	0.4557
-0.09702	0.70839	0.72138	-0.36276	0.55064	0.59795	0.4557
-0.099346	0.70857	0.71906	-0.36491	0.55131	0.59725	0.45409
-0.099346	0.70857	0.71906	-0.36491	0.55131	0.59725	0.45409
-0.10148	0.70883	0.71641	-0.36717	0.5522	0.59627	0.45246
-0.10148	0.70883	0.71641	-0.36717	0.5522	0.59627	0.45246
-0.10148	0.70883	0.71641	-0.36717	0.5522	0.59627	0.45246
-0.10384	0.70904	0.71371	-0.36954	0.55304	0.59533	0.45074
-0.10384	0.70904	0.71371	-0.36954	0.55304	0.59533	0.45074
-0.10609	0.70925	0.71094	-0.37191	0.55395	0.59431	0.44903
-0.10609	0.70925	0.71094	-0.37191	0.55395	0.59431	0.44903
-0.10609	0.70925	0.71094	-0.37191	0.55395	0.59431	0.44903
-0.1081	0.70945	0.70837	-0.37407	0.55479	0.59333	0.44748
-0.1081	0.70945	0.70837	-0.37407	0.55479	0.59333	0.44748
-0.11027	0.70966	0.70543	-0.37649	0.55578	0.59216	0.44577
-0.11027	0.70966	0.70543	-0.37649	0.55578	0.59216	0.44577
-0.11027	0.70966	0.70543	-0.37649	0.55578	0.59216	0.44577
-0.11262	0.70983	0.70249	-0.37899	0.55671	0.59104	0.44398
-0.11262	0.70983	0.70249	-0.37899	0.55671	0.59104	0.44398
-0.11474	0.71001	0.69955	-0.38139	0.55769	0.58984	0.44228
-0.11474	0.71001	0.69955	-0.38139	0.55769	0.58984	0.44228
-0.11474	0.71001	0.69955	-0.38139	0.55769	0.58984	0.44228
-0.1173	0.71005	0.69683	-0.38384	0.55842	0.58891	0.44047
-0.1173	0.71005	0.69683	-0.38384	0.55842	0.58891	0.44047
-0.11954	0.71019	0.69372	-0.38638	0.55943	0.58763	0.43869
-0.11954	0.71019	0.69372	-0.38638	0.55943	0.58763	0.43869
-0.11954	0.71019	0.69372	-0.38638	0.55943	0.58763	0.43869
-0.12218	0.71022	0.69067	-0.38903	0.56028	0.5865	0.43676
-0.12218	0.71022	0.69067	-0.38903	0.56028	0.5865	0.43676
-0.12495	0.71022	0.68756	-0.39178	0.56111	0.58536	0.43476
-0.12495	0.71022	0.68756	-0.39178	0.56111	0.58536	0.43476
-0.12495	0.71022	0.68756	-0.39178	0.56111	0.58536	0.43476
-0.12749	0.71019	0.6847	-0.3943	0.56186	0.58431	0.43292
-0.12749	0.71019	0.6847	-0.3943	0.56186	0.58431	0.43292
-0.13063	0.71005	0.68158	-0.39719	0.56256	0.58327	0.43077
-0.13063	0.71005	0.68158	-0.39719	0.56256	0.58327	0.43077
-0.13063	0.71005	0.68158	-0.39719	0.56256	0.58327	0.43077
-0.13349	0.70995	0.67845	-0.39997	0.56333	0.58212	0.42873
-0.13349	0.70995	0.67845	-0.39997	0.56333	0.58212	0.42873
-0.13644	0.70978	0.67551	-0.40269	0.56395	0.58113	0.42672
-0.13644	0.70978	0.67551	-0.40269	0.56395	0.58113	0.42672
-0.13644	0.70978	0.67551	-0.40269	0.56395	0.58113	0.42672
-0.13959	0.70956	0.67232	-0.40562	0.56464	0.58001	0.42454
-0.13959	0.70956	0.67232	-0.40562	0.56464	0.58001	0.42454
-0.1425	0.70934	0.66922	-0.40842	0.56533	0.57887	0.4225
-0.1425	0.70934	0.66922	-0.40842	0.56533	0.57887	0.4225
-0.1425	0.70934	0.66922	-0.40842	0.56533	0.57887	0.4225
-0.14541	0.70909	0.66607	-0.41124	0.56603	0.57769	0.42044
-0.14541	0.70909	0.66607	-0.41124	0.56603	0.57769	0.42044
-0.14847	0.7088	0.66284	-0.41415	0.5667	0.5765	0.4183
-0.14847	0.7088	0.66284	-0.41415	0.5667	0.5765	0.4183
-0.14847	0.7088	0.66284	-0.41415	0.5667	0.5765	0.4183
-0.15144	0.70847	0.65972	-0.41699	0.56733	0.57533	0.41623
-0.15144	0.70847	0.65972	-0.41699	0.56733	0.57533	0.41623
-0.15431	0.7081	0.6569	-0.41961	0.56784	0.57433	0.41428
-0.15431	0.7081	0.6569	-0.41961	0.56784	0.57433	0.41428
-0.15431	0.7081	0.6569	-0.41961	0.56784	0.57433	0.41428
-0.15699	0.70778	0.65372	-0.42237	0.56855	0.57303	0.41231
-0.15699	0.70778	0.65372	-0.42237	0.56855	0.57303	0.41231
-0.15981	0.70739	0.65046	-0.42522	0.56924	0.5717	0.41026
-0.15981	0.70739	0.65046	-0.42522	0.56924	0.5717	0.41026
-0.15981	0.70739	0.65046	-0.42522	0.56924	0.5717	0.41026
-0.16235	0.70703	0.64732	-0.42789	0.56995	0.57036	0.40836
-0.16235	0.70703	0.64732	-0.42789	0.56995	0.57036	0.40836
-0.16508	0.70657	0.64448	-0.43048	0.57044	0.56927	0.40647
-0.16508	0.70657	0.64448	-0.43048	0.57044	0.56927	0.40647
-0.16508	0.70657	0.64448	-0.43048	0.57044	0.56927	0.40647
-0.16773	0.70614	0.64128	-0.43323	0.57111	0.56791	0.4045
-0.16773	0.70614	0.64128	-0.43323	0.57111	0.56791	0.4045
-0.1701	0.70573	0.63811	-0.43586	0.57183	0.56648	0.40266
-0.1701	0.70573	0.63811	-0.43586	0.57183	0.56648	0.40266
-0.1701	0.70573	0.63811	-0.43586	0.57183	0.56648	0.40266
-0.17271	0.70522	0.63521	-0.43845	0.57235	0.56528	0.40079
-0.17271	0.70522	0.63521	-0.43845	0.57235	0.56528	0.40079
-0.17526	0.70471	0.63196	-0.44119	0.57303	0.56383	0.39886
-0.17526	0.70471	0.63196	-0.44119	0.57303	0.56383	0.39886
-0.17526	0.70471	0.63196	-0.44119	0.57303	0.56383	0.39886
-0.17759	0.70422	0.62876	-0.44382	0.57373	0.56235	0.39702
-0.17759	0.70422	0.62876	-0.44382	0.57373	0.56235	0.39702
-0.18039	0.70357	0.62594	-0.44644	0.5741	0.56124	0.3951
-0.18039	0.70357	0.62594	-0.44644	0.5741	0.56124	0.3951
-0.18039	0.70357	0.62594	-0.44644	0.5741	0.56124	0.3951
-0.18328	0.70288	0.62266	-0.44935	0.57464	0.55984	0.39302
-0.18328	0.70288	0.62266	-0.44935	0.57464	0.55984	0.39302
-0.18592	0.70222	0.61945	-0.45212	0.5752	0.5584	0.39106
-0.18592	0.70222	0.61945	-0.45212	0.5752	0.5584	0.39106
-0.18592	0.70222	0.61945	-0.45212	0.5752	0.5584	0.39106
-0.18855	0.70153	0.61658	-0.4547	0.5756	0.55719	0.3892
-0.18855	0.70153	0.61658	-0.4547	0.5756	0.55719	0.3892
-0.19152	0.70072	0.6134	-0.45759	0.57601	0.55585	0.38711
-0.19152	0.70072	0.6134	-0.45759	0.57601	0.55585	0.38711
-0.19152	0.70072	0.6134	-0.45759	0.57601	0.55585	0.38711
-0.1947	0.69982	0.61055	-0.4604	0.57619	0.55478	0.38503
-0.1947	0.69982	0.61055	-0.4604	0.57619	0.55478	0.38503
-0.19798	0.69887	0.60744	-0.46338	0.57643	0.55357	0.38285
-0.19798	0.69887	0.60744	-0.46338	0.57643	0.55357	0.38285
-0.19798	0.69887	0.60744	-0.46338	0.57643	0.55357	0.38285
-0.20116	0.6979	0.60434	-0.46633	0.57668	0.55231	0.3807
-0.20116	0.6979	0.60434	-0.46633	0.57668	0.55231	0.3807
-0.20415	0.69695	0.6013	-0.46916	0.57696	0.55103	0.37865
-0.20415	0.69695	0.6013	-0.46916	0.57696	0.55103	0.37865
-0.20415	0.69695	0.6013	-0.46916	0.57696	0.55103	0.37865
-0.20701	0.69602	0.59855	-0.47179	0.57713	0.54992	0.37673
-0.20701	0.69602	0.59855	-0.47179	0.57713	0.54992	0.37673
-0.20999	0.69502	0.59547	-0.47465	0.57738	0.5486	0.37467
-0.20999	0.69502	0.59547	-0.47465	0.57738	0.5486	0.37467
-0.20999	0.69502	0.59547	-0.47465	0.57738	0.5486	0.37467
-0.21307	0.69396	0.59247	-0.4775	0.57755	0.54736	0.3726
-0.21307	0.69396	0.59247	-0.4775	0.57755	0.54736	0.3726
-0.21572	0.69298	0.58947	-0.4802	0.57785	0.54598	0.37069
-0.21572	0.69298	0.58947	-0.4802	0.57785	0.54598	0.37069
-0.21572	0.69298	0.58947	-0.4802	0.57785	0.54598	0.37069
-0.21873	0.69188	0.58675	-0.48288	0.57789	0.5449	0.36872
-0.21873	0.69188	0.58675	-0.48288	0.57789	0.5449	0.36872
-0.22136	0.69085	0.58376	-0.48557	0.57816	0.5435	0.36682
-0.22136	0.69085	0.58376	-0.48557	0.57816	0.5435	0.36682
-0.22136	0.69085	0.58376	-0.48557	0.57816	0.5435	0.36682
-0.22419	0.68973	0.58076	-0.48835	0.57835	0.54215	0.36483
-0.22419	0.68973	0.58076	-0.48835	0.57835	0.54215	0.36483
-0.22685	0.68862	0.57781	-0.49103	0.57856	0.54078	0.36293
-0.22685	0.68862	0.57781	-0.49103	0.57856	0.54078	0.36293
-0.22685	0.68862	0.57781	-0.49103	0.57856	0.54078	0.36293
-0.22934	0.68755	0.57486	-0.49364	0.57881	0.53935	0.36109
-0.22934	0.68755	0.57486	-0.49364	0.57881	0.53935	0.36109
-0.232	0.68641	0.5722	-0.49618	0.57888	0.53818	0.35927
-0.232	0.68641	0.5722	-0.49618	0.57888	0.53818	0.35927
-0.232	0.68641	0.5722	-0.49618	0.57888	0.53818	0.35927
-0.23429	0.68536	0.5693	-0.49869	0.57915	0.53672	0.35753
-0.23429	0.68536	0.5693	-0.49869	0.57915	0.53672	0.35753
-0.23669	0.68423	0.56646	-0.50122	0.57935	0.53533	0.35575
-0.23669	0.68423	0.56646	-0.50122	0.57935	0.53533	0.35575
-0.23669	0.68423	0.56646	-0.50122	0.57935	0.53533	0.35575
-0.23896	0.68315	0.56376	-0.50362	0.57953	0.53399	0.35406
-0.23896	0.68315	0.56376	-0.50362	0.57953	0.53399	0.35406
-0.24096	0.68217	0.56133	-0.50576	0.5797	0.53277	0.35257
-0.24096	0.68217	0.56133	-0.50576	0.5797	0.53277	0.35257
-0.24096	0.68217	0.56133	-0.50576	0.5797	0.53277	0.35257
-0.24322	0.68105	0.55864	-0.50817	0.57985	0.53143	0.35089
-0.24322	0.68105	0.55864	-0.50817	0.57985	0.53143	0.35089
-0.24548	0.67991	0.55605	-0.51051	0.57995	0.53016	0.34925
-0.24548	0.67991	0.55605	-0.51051	0.57995	0.53016	0.34925
-0.24548	0.67991	0.55605	-0.51051	0.57995	0.53016	0.34925
-0.24777	0.67875	0.55353	-0.51284	0.58	0.52893	0.3476
-0.24777	0.67875	0.55353	-0.51284	0.58	0.52893	0.3476
-0.25004	0.67759	0.5511	-0.51511	0.58001	0.52776	0.346
-0.25004	0.67759	0.5511	-0.51511	0.58001	0.52776	0.346
-0.25004	0.67759	0.5511	-0.51511	0.58001	0.52776	0.346
-0.25213	0.67652	0.54894	-0.51716	0.57998	0.52674	0.34454
-0.25213	0.67652	0.54894	-0.51716	0.57998	0.52674	0.34454
-0.25447	0.6753	0.54664	-0.5194	0.5799	0.52567	0.34294
-0.25447	0.6753	0.54664	-0.5194	0.5799	0.52567	0.34294
-0.25447	0.6753	0.54664	-0.5194	0.5799	0.52567	0.34294
-0.25697	0.67401	0.54437	-0.52169	0.57974	0.52466	0.34129
-0.25697	0.67401	0.54437	-0.52169	0.57974	0.52466	0.34129
-0.2592	0.6728	0.54212	-0.52386	0.57965	0.52359	0.33975
-0.2592	0.6728	0.54212	-0.52386	0.57965	0.52359	0.33975
-0.2592	0.6728	0.54212	-0.52386	0.57965	0.52359	0.33975
-0.26168	0.67148	0.53992	-0.52612	0.57944	0.5226	0.33813
-0.26168	0.67148	0.53992	-0.52612	0.57944	0.5226	0.33813
-0.26411	0.67017	0.53777	-0.52833	0.57922	0.52165	0.33653
-0.26411	0.67017	0.53777	-0.52833	0.57922	0.52165	0.33653
-0.26411	0.67017	0.53777	-0.52833	0.57922	0.52165	0.33653
-0.26625	0.669	0.53588	-0.53028	0.57902	0.52079	0.33513
-0.26625	0.669	0.53588	-0.53028	0.57902	0.52079	0.33513
-0.26846	0.66773	0.53376	-0.53239	0.57885	0.51979	0.33363
-0.26846	0.66773	0.53376	-0.53239	0.57885	0.51979	0.33363
-0.26846	0.66773	0.53376	-0.53239	0.57885	0.51979	0.33363
-0.27039	0.66658	0.53171	-0.53434	0.57876	0.51877	0.33226
-0.27039	0.66658	0.53171	-0.53434	0.57876	0.51877	0.33226
-0.27261	0.66529	0.52965	-0.53642	0.57855	0.5178	0.33077
-0.27261	0.66529	0.52965	-0.53642	0.57855	0.5178	0.33077
-0.27261	0.66529	0.52965	-0.53642	0.57855	0.5178	0.33077
-0.27464	0.66411	0.52784	-0.53829	0.57832	0.51697	0.32944
-0.27464	0.66411	0.52784	-0.53829	0.57832	0.51697	0.32944
-0.27693	0.66277	0.52583	-0.54038	0.57805	0.51605	0.32794
-0.27693	0.66277	0.52583	-0.54038	0.57805	0.51605	0.32794
-0.27693	0.66277	0.52583	-0.54038	0.57805	0.51605	0.32794
-0.27891	0.66153	0.52384	-0.54233	0.57788	0.51506	0.32657
-0.27891	0.66153	0.52384	-0.54233	0.57788	0.51506	0.32657
-0.28092	0.66027	0.52186	-0.5443	0.57768	0.51409	0.32518
-0.28092	0.66027	0.52186	-0.5443	0.57768	0.51409	0.32518
-0.28092	0.66027	0.52186	-0.5443	0.57768	0.51409	0.32518
-0.2828	0.65905	0.51988	-0.54621	0.57753	0.51307	0.32384
-0.2828	0.65905	0.51988	-0.54621	0.57753	0.51307	0.32384
-0.28452	0.65789	0.5179	-0.54805	0.57743	0.51202	0.32257
-0.28452	0.65789	0.5179	-0.54805	0.57743	0.51202	0.32257
-0.28452	0.65789	0.5179	-0.54805	0.57743	0.51202	0.32257
-0.28635	0.65665	0.51593	-0.54994	0.57728	0.51099	0.32125
-0.28635	0.65665	0.51593	-0.54994	0.57728	0.51099	0.32125
-0.28819	0.65545	0.51414	-0.55173	0.57706	0.5101	0.31999
-0.28819	0.65545	0.51414	-0.55173	0.57706	0.5101	0.31999
-0.28819	0.65545	0.51414	-0.55173	0.57706	0.5101	0.31999
-0.29005	0.65419	0.51224	-0.5536	0.57685	0.50913	0.31868
-0.29005	0.65419	0.51224	-0.5536	0.57685	0.50913	0.31868
-0.29166	0.653	0.51027	-0.5554	0.57677	0.50803	0.31745
-0.29166	0.653	0.51027	-0.5554	0.57677	0.50803	0.31745
-0.29166	0.653	0.51027	-0.5554	0.57677	0.50803	0.31745
-0.29346	0.65172	0.50829	-0.55729	0.5766	0.50697	0.31614
-0.29346	0.65172	0.50829	-0.55729	0.5766	0.50697	0.31614
-0.29539	0.65037	0.50633	-0.55924	0.57635	0.50596	0.31478
-0.29539	0.65037	0.50633	-0.55924	0.57635	0.50596	0.31478
-0.29539	0.65037	0.50633	-0.55924	0.57635	0.50596	0.31478
-0.29712	0.64915	0.50458	-0.56097	0.57612	0.50505	0.31357
-0.29712	0.64915	0.50458	-0.56097	0.57612	0.50505	0.31357
-0.29913	0.64773	0.50263	-0.56295	0.57581	0.50406	0.31219
-0.29913	0.64773	0.50263	-0.56295	0.57581	0.50406	0.31219
-0.29913	0.64773	0.50263	-0.56295	0.57581	0.50406	0.31219
-0.30134	0.64621	0.50071	-0.565	0.5754	0.50312	0.31073
-0.30134	0.64621	0.50071	-0.565	0.5754	0.50312	0.31073
-0.30338	0.64473	0.49872	-0.56702	0.57507	0.50211	0.30932
-0.30338	0.64473	0.49872	-0.56702	0.57507	0.50211	0.30932
-0.30338	0.64473	0.49872	-0.56702	0.57507	0.50211	0.30932
-0.30566	0.64319	0.49694	-0.56902	0.57457	0.50129	0.30788
-0.30566	0.64319	0.49694	-0.56902	0.57457	0.50129	0.30788
-0.30797	0.64157	0.49488	-0.57119	0.57412	0.50028	0.30635
-0.30797	0.64157	0.49488	-0.57119	0.57412	0.50028	0.30635
-0.30797	0.64157	0.49488	-0.57119	0.57412	0.50028	0.30635
-0.30988	0.6401	0.49277	-0.57321	0.57384	0.49913	0.30496
-0.30988	0.6401	0.49277	-0.57321	0.57384	0.49913	0.30496
-0.31193	0.63856	0.49076	-0.57525	0.57347	0.49808	0.30354
-0.31193	0.63856	0.49076	-0.57525	0.57347	0.49808	0.30354
-0.31193	0.63856	0.49076	-0.57525	0.57347	0.49808	0.30354
-0.31377	0.63707	0.4887	-0.57723	0.57319	0.49694	0.30218
-0.31377	0.63707	0.4887	-0.57723	0.57319	0.49694	0.30218
-0.31587	0.63544	0.4866	-0.57935	0.57279	0.49582	0.30071
-0.31587	0.63544	0.4866	-0.57935	0.57279	0.49582	0.30071
-0.31587	0.63544	0.4866	-0.57935	0.57279	0.49582	0.30071
-0.31798	0.63385	0.48464	-0.58139	0.57234	0.49481	0.29928
-0.31798	0.63385	0.48464	-0.58139	0.57234	0.49481	0.29928
-0.31981	0.63231	0.48234	-0.58349	0.57209	0.49348	0.29787
-0.31981	0.63231	0.48234	-0.58349	0.57209	0.49348	0.29787
-0.31981	0.63231	0.48234	-0.58349	0.57209	0.49348	0.29787
-0.32175	0.63067	0.48005	-0.58564	0.57178	0.49218	0.29641
-0.32175	0.63067	0.48005	-0.58564	0.57178	0.49218	0.29641
-0.32351	0.62908	0.47776	-0.58773	0.57153	0.49082	0.29501
-0.32351	0.62908	0.47776	-0.58773	0.57153	0.49082	0.29501
-0.32351	0.62908	0.47776	-0.58773	0.57153	0.49082	0.29501
-0.32515	0.62762	0.47563	-0.58966	0.57129	0.48956	0.29372
-0.32515	0.62762	0.47563	-0.58966	0.57129	0.48956	0.29372
-0.32699	0.62598	0.47328	-0.5918	0.57099	0.48817	0.29227
-0.32699	0.62598	0.47328	-0.5918	0.57099	0.48817	0.29227
-0.32699	0.62598	0.47328	-0.5918	0.57099	0.48817	0.29227
-0.32873	0.62437	0.47079	-0.59396	0.57077	0.48666	0.29084
-0.32873	0.62437	0.47079	-0.59396	0.57077	0.48666	0.29084
-0.33039	0.62275	0.46829	-0.59611	0.57058	0.48511	0.28943
-0.33039	0.62275	0.46829	-0.59611	0.57058	0.48511	0.28943
-0.33039	0.62275	0.46829	-0.59611	0.57058	0.48511	0.28943
-0.33193	0.62116	0.46585	-0.59819	0.5704	0.48356	0.28806
-0.33193	0.62116	0.46585	-0.59819	0.5704	0.48356	0.28806
-0.33327	0.61967	0.46355	-0.60011	0.57028	0.48206	0.28681
-0.33327	0.61967	0.46355	-0.60011	0.57028	0.48206	0.28681
-0.33327	0.61967	0.46355	-0.60011	0.57028	0.48206	0.28681
-0.33466	0.61816	0.46123	-0.60205	0.57013	0.48057	0.28555
-0.33466	0.61816	0.46123	-0.60205	0.57013	0.48057	0.28555
-0.33622	0.61663	0.45903	-0.604	0.56986	0.47921	0.28426
-0.33622	0.61663	0.45903	-0.604	0.56986	0.47921	0.28426
-0.33622	0.61663	0.45903	-0.604	0.56986	0.47921	0.28426
-0.33792	0.61497	0.45667	-0.60608	0.56955	0.47776	0.28287
-0.33792	0.61497	0.45667	-0.60608	0.56955	0.47776	0.28287
-0.33954	0.61327	0.45432	-0.60817	0.56925	0.47628	0.2815
-0.33954	0.61327	0.45432	-0.60817	0.56925	0.47628	0.2815
-0.33954	0.61327	0.45432	-0.60817	0.56925	0.47628	0.2815
-0.34138	0.61145	0.45204	-0.61032	0.56882	0.47489	0.28006
-0.34138	0.61145	0.45204	-0.61032	0.56882	0.47489	0.28006
-0.34338	0.60952	0.44973	-0.61256	0.5683	0.47352	0.27855
-0.34338	0.60952	0.44973	-0.61256	0.5683	0.47352	0.27855
-0.34338	0.60952	0.44973	-0.61256	0.5683	0.47352	0.27855
-0.34522	0.60775	0.44761	-0.6146	0.5678	0.47227	0.27717
-0.34522	0.60775	0.44761	-0.6146	0.5678	0.47227	0.27717
-0.34691	0.60599	0.44529	-0.6167	0.56741	0.47082	0.27579
-0.34691	0.60599	0.44529	-0.6167	0.56741	0.47082	0.27579
-0.34691	0.60599	0.44529	-0.6167	0.56741	0.47082	0.27579
-0.34884	0.60402	0.44291	-0.61895	0.56689	0.46936	0.27429
-0.34884	0.60402	0.44291	-0.61895	0.56689	0.46936	0.27429
-0.35059	0.60217	0.44073	-0.62103	0.56641	0.46801	0.2729
-0.35059	0.60217	0.44073	-0.62103	0.56641	0.46801	0.2729
-0.35059	0.60217	0.44073	-0.62103	0.56641	0.46801	0.2729
-0.35263	0.60023	0.43874	-0.62313	0.56573	0.46687	0.27147
-0.35263	0.60023	0.43874	-0.62313	0.56573	0.46687	0.27147
-0.35462	0.5982	0.4365	-0.62535	0.5651	0.46552	0.26998
-0.35462	0.5982	0.4365	-0.62535	0.5651	0.46552	0.26998
-0.35462	0.5982	0.4365	-0.62535	0.5651	0.46552	0.26998
-0.35624	0.59638	0.43429	-0.62739	0.56464	0.46411	0.26864
-0.35624	0.59638	0.43429	-0.62739	0.56464	0.46411	0.26864
-0.35803	0.59443	0.43219	-0.62946	0.56406	0.4628	0.26726
-0.35803	0.59443	0.43219	-0.62946	0.56406	0.4628	0.26726
-0.35803	0.59443	0.43219	-0.62946	0.56406	0.4628	0.26726
-0.35962	0.59265	0.43027	-0.63135	0.56354	0.46159	0.266
-0.35962	0.59265	0.43027	-0.63135	0.56354	0.46159	0.266
-0.36145	0.59062	0.4282	-0.63345	0.5629	0.4603	0.2646
-0.36145	0.59062	0.4282	-0.63345	0.5629	0.4603	0.2646
-0.36145	0.59062	0.4282	-0.63345	0.5629	0.4603	0.2646
-0.36316	0.58865	0.42611	-0.63551	0.56231	0.45896	0.26324
-0.36316	0.58865	0.42611	-0.63551	0.56231	0.45896	0.26324
-0.36466	0.58679	0.42402	-0.63747	0.56182	0.45757	0.26196
-0.36466	0.58679	0.42402	-0.63747	0.56182	0.45757	0.26196
-0.36466	0.58679	0.42402	-0.63747	0.56182	0.45757	0.26196
-0.3662	0.58484	0.42194	-0.63946	0.56129	0.45619	0.26065
-0.3662	0.58484	0.42194	-0.63946	0.56129	0.45619	0.26065
-0.36771	0.583	0.42013	-0.6413	0.56071	0.455	0.25944
-0.36771	0.583	0.42013	-0.6413	0.56071	0.455	0.25944
-0.36771	0.583	0.42013	-0.6413	0.56071	0.455	0.25944
-0.3691	0.58113	0.41817	-0.64318	0.56021	0.45366	0.25821
-0.3691	0.58113	0.41817	-0.64318	0.56021	0.45366	0.25821
-0.37037	0.57935	0.41624	-0.64499	0.55976	0.45231	0.25705
-0.37037	0.57935	0.41624	-0.64499	0.55976	0.45231	0.25705
-0.37037	0.57935	0.41624	-0.64499	0.55976	0.45231	0.25705
-0.37197	0.57735	0.41423	-0.64698	0.55913	0.45098	0.25574
-0.37197	0.57735	0.41423	-0.64698	0.55913	0.45098	0.25574
-0.37362	0.5753	0.41219	-0.64901	0.55846	0.44965	0.25441
-0.37362	0.5753	0.41219	-0.64901	0.55846	0.44965	0.25441
-0.37362	0.5753	0.41219	-0.64901	0.55846	0.44965	0.25441
-0.37528	0.57323	0.41019	-0.65104	0.55777	0.44832	0.25307
-0.37528	0.57323	0.41019	-0.65104	0.55777	0.44832	0.25307
-0.37681	0.57123	0.4083	-0.65295	0.55712	0.44706	0.25182
-0.37681	0.57123	0.4083	-0.65295	0.55712	0.44706	0.25182
-0.37681	0.57123	0.4083	-0.65295	0.55712	0.44706	0.25182
-0.37864	0.56913	0.4066	-0.6549	0.55626	0.44602	0.25051
-0.37864	0.56913	0.4066	-0.6549	0.55626	0.44602	0.25051
-0.38028	0.56704	0.4047	-0.65687	0.55551	0.44477	0.2492
-0.38028	0.56704	0.4047	-0.65687	0.55551	0.44477	0.2492
-0.38028	0.56704	0.4047	-0.65687	0.55551	0.44477	0.2492
-0.38222	0.56473	0.40271	-0.65903	0.5546	0.44352	0.24777
-0.38222	0.56473	0.40271	-0.65903	0.5546	0.44352	0.24777
-0.38395	0.56257	0.4008	-0.66106	0.55377	0.44228	0.24644
-0.38395	0.56257	0.4008	-0.66106	0.55377	0.44228	0.24644
-0.38395	0.56257	0.4008	-0.66106	0.55377	0.44228	0.24644
-0.38602	0.56016	0.39893	-0.66324	0.55272	0.44113	0.24498
-0.38602	0.56016	0.39893	-0.66324	0.55272	0.44113	0.24498
-0.38794	0.55787	0.39721	-0.66527	0.55173	0.44007	0.24362
-0.38794	0.55787	0.39721	-0.66527	0.55173	0.44007	0.24362
-0.38794	0.55787	0.39721	-0.66527	0.55173	0.44007	0.24362
-0.38945	0.55576	0.39533	-0.6672	0.55098	0.43878	0.24236
-0.38945	0.55576	0.39533	-0.6672	0.55098	0.43878	0.24236
-0.39119	0.55346	0.39343	-0.66926	0.55007	0.43752	0.24101
-0.39119	0.55346	0.39343	-0.66926	0.55007	0.43752	0.24101
-0.39119	0.55346	0.39343	-0.66926	0.55007	0.43752	0.24101
-0.39267	0.5513	0.39143	-0.67125	0.54932	0.43612	0.23973
-0.39267	0.5513	0.39143	-0.67125	0.54932	0.43612	0.23973
-0.39443	0.54895	0.38954	-0.67333	0.54836	0.43487	0.23836
-0.39443	0.54895	0.38954	-0.67333	0.54836	0.43487	0.23836
-0.39443	0.54895	0.38954	-0.67333	0.54836	0.43487	0.23836
-0.39602	0.54679	0.38782	-0.67522	0.54749	0.43371	0.23712
-0.39602	0.54679	0.38782	-0.67522	0.54749	0.43371	0.23712
-0.39761	0.54447	0.38594	-0.67724	0.54659	0.4324	0.23581
-0.39761	0.54447	0.38594	-0.67724	0.54659	0.4324	0.23581
-0.39761	0.54447	0.38594	-0.67724	0.54659	0.4324	0.23581
-0.39904	0.54222	0.38404	-0.67921	0.54578	0.43104	0.23455
-0.39904	0.54222	0.38404	-0.67921	0.54578	0.43104	0.23455
-0.40023	0.54009	0.382	-0.68113	0.54511	0.4295	0.23334
-0.40023	0.54009	0.382	-0.68113	0.54511	0.4295	0.23334
-0.40023	0.54009	0.382	-0.68113	0.54511	0.4295	0.23334
-0.40154	0.53784	0.37997	-0.68311	0.54435	0.42799	0.23209
-0.40154	0.53784	0.37997	-0.68311	0.54435	0.42799	0.23209
-0.40302	0.53558	0.37821	-0.68503	0.54345	0.42674	0.23085
-0.40302	0.53558	0.37821	-0.68503	0.54345	0.42674	0.23085
-0.40302	0.53558	0.37821	-0.68503	0.54345	0.42674	0.23085
-0.40436	0.53323	0.37622	-0.68704	0.54261	0.42525	0.22957
-0.40436	0.53323	0.37622	-0.68704	0.54261	0.42525	0.22957
-0.40549	0.53106	0.3743	-0.68891	0.5419	0.42377	0.2284
-0.40549	0.53106	0.3743	-0.68891	0.5419	0.42377	0.2284
-0.40549	0.53106	0.3743	-0.68891	0.5419	0.42377	0.2284
-0.40681	0.52869	0.37228	-0.69094	0.54105	0.42223	0.22713
-0.40681	0.52869	0.37228	-0.69094	0.54105	0.42223	0.22713
-0.40825	0.5262	0.37021	-0.69304	0.54012	0.42069	0.22579
-0.40825	0.5262	0.37021	-0.69304	0.54012	0.42069	0.22579
-0.40825	0.5262	0.37021	-0.69304	0.54012	0.42069	0.22579
-0.40962	0.52391	0.36832	-0.69498	0.53922	0.4193	0.22456
-0.40962	0.52391	0.36832	-0.69498	0.53922	0.4193	0.22456
-0.40962	0.52391	0.36832	-0.69498	0.53922	0.4193	0.22456
-0.41137	0.52115	0.36629	-0.69725	0.53802	0.41785	0.22311
-0.41137	0.52115	0.36629	-0.69725	0.53802	0.41785	0.22311
-0.41289	0.51851	0.3643	-0.69939	0.53696	0.41637	0.22175
-0.41289	0.51851	0.3643	-0.69939	0.53696	0.41637	0.22175
-0.41289	0.51851	0.3643	-0.69939	0.53696	0.41637	0.22175
-0.41464	0.51569	0.36232	-0.70165	0.53571	0.41494	0.2203
-0.41464	0.51569	0.36232	-0.70165	0.53571	0.41494	0.2203
-0.41602	0.51308	0.36024	-0.70378	0.53469	0.41334	0.21896
-0.41602	0.51308	0.36024	-0.70378	0.53469	0.41334	0.21896
-0.41602	0.51308	0.36024	-0.70378	0.53469	0.41334	0.21896
-0.41772	0.51017	0.35815	-0.70611	0.53343	0.41178	0.21748
-0.41772	0.51017	0.35815	-0.70611	0.53343	0.41178	0.21748
-0.41952	0.50728	0.35627	-0.70835	0.53208	0.41044	0.21604
-0.41952	0.50728	0.35627	-0.70835	0.53208	0.41044	0.21604
-0.421	0.5044	0.35414	-0.71062	0.5309	0.40878	0.21461
-0.421	0.5044	0.35414	-0.71062	0.5309	0.40878	0.21461
-0.421	0.5044	0.35414	-0.71062	0.5309	0.40878	0.21461
-0.42249	0.50152	0.35205	-0.71288	0.52969	0.40716	0.2132
-0.42249	0.50152	0.35205	-0.71288	0.52969	0.40716	0.2132
-0.42406	0.49868	0.35009	-0.71508	0.52841	0.40568	0.21181
-0.42406	0.49868	0.35009	-0.71508	0.52841	0.40568	0.21181
-0.42406	0.49868	0.35009	-0.71508	0.52841	0.40568	0.21181
-0.42548	0.49574	0.34792	-0.71737	0.5272	0.40395	0.21039
-0.42548	0.49574	0.34792	-0.71737	0.5272	0.40395	0.21039
-0.42665	0.49292	0.34575	-0.71957	0.52611	0.40215	0.20905
-0.42665	0.49292	0.34575	-0.71957	0.52611	0.40215	0.20905
-0.42665	0.49292	0.34575	-0.71957	0.52611	0.40215	0.20905
-0.42818	0.48995	0.34381	-0.72181	0.52476	0.40063	0.20764
-0.42818	0.48995	0.34381	-0.72181	0.52476	0.40063	0.20764
-0.42924	0.48715	0.34164	-0.72396	0.5237	0.3988	0.20634
-0.42924	0.48715	0.34164	-0.72396	0.5237	0.3988	0.20634
-0.42924	0.48715	0.34164	-0.72396	0.5237	0.3988	0.20634
-0.43049	0.48438	0.33969	-0.72606	0.52251	0.3972	0.20504
-0.43049	0.48438	0.33969	-0.72606	0.52251	0.3972	0.20504
-0.43143	0.48161	0.33751	-0.72819	0.52148	0.39531	0.20377
-0.43143	0.48161	0.33751	-0.72819	0.52148	0.39531	0.20377
-0.43143	0.48161	0.33751	-0.72819	0.52148	0.39531	0.20377
-0.43224	0.47893	0.33534	-0.73025	0.52052	0.3934	0.20255
-0.43224	0.47893	0.33534	-0.73025	0.52052	0.3934	0.20255
-0.43331	0.47602	0.33321	-0.73244	0.51935	0.39156	0.20123
-0.43331	0.47602	0.33321	-0.73244	0.51935	0.39156	0.20123
-0.43331	0.47602	0.33321	-0.73244	0.51935	0.39156	0.20123
-0.43428	0.47316	0.33107	-0.73458	0.51822	0.38969	0.19995
-0.43428	0.47316	0.33107	-0.73458	0.51822	0.38969	0.19995
-0.43428	0.47316	0.33107	-0.73458	0.51822	0.38969	0.19995
-0.43513	0.4706	0.32914	-0.7365	0.51721	0.388	0.1988
-0.43513	0.4706	0.32914	-0.7365	0.51721	0.388	0.1988
-0.4361	0.46772	0.32704	-0.73863	0.51603	0.38616	0.19753
-0.4361	0.46772	0.32704	-0.73863	0.51603	0.38616	0.19753
-0.43707	0.46484	0.32499	-0.74075	0.51484	0.38434	0.19627
-0.43707	0.46484	0.32499	-0.74075	0.51484	0.38434	0.19627
-0.43707	0.46484	0.32499	-0.74075	0.51484	0.38434	0.19627
-0.43812	0.46211	0.32318	-0.74272	0.5136	0.38279	0.19507
-0.43812	0.46211	0.32318	-0.74272	0.5136	0.38279	0.19507
-0.43942	0.45886	0.32107	-0.74505	0.51209	0.381	0.19366
-0.43942	0.45886	0.32107	-0.74505	0.51209	0.381	0.19366
-0.43942	0.45886	0.32107	-0.74505	0.51209	0.381	0.19366
-0.44056	0.45577	0.319	-0.74727	0.51069	0.37921	0.19232
-0.44056	0.45577	0.319	-0.74727	0.51069	0.37921	0.19232
-0.44151	0.45286	0.31698	-0.74937	0.50941	0.37741	0.19108
-0.44151	0.45286	0.31698	-0.74937	0.50941	0.37741	0.19108
-0.44151	0.45286	0.31698	-0.74937	0.50941	0.37741	0.19108
-0.44273	0.44986	0.31519	-0.75145	0.50794	0.37589	0.18981
-0.44273	0.44986	0.31519	-0.75145	0.50794	0.37589	0.18981
-0.44385	0.44673	0.31321	-0.75365	0.50646	0.37415	0.1885
-0.44385	0.44673	0.31321	-0.75365	0.50646	0.37415	0.1885
-0.44385	0.44673	0.31321	-0.75365	0.50646	0.37415	0.1885
-0.44484	0.44369	0.31122	-0.75578	0.50505	0.37236	0.18723
-0.44484	0.44369	0.31122	-0.75578	0.50505	0.37236	0.18723
-0.44601	0.44066	0.3095	-0.75784	0.50353	0.37088	0.18598
-0.44601	0.44066	0.3095	-0.75784	0.50353	0.37088	0.18598
-0.44601	0.44066	0.3095	-0.75784	0.50353	0.37088	0.18598
-0.44677	0.43784	0.30763	-0.7598	0.50227	0.36913	0.18484
-0.44677	0.43784	0.30763	-0.7598	0.50227	0.36913	0.18484
-0.44677	0.43784	0.30763	-0.7598	0.50227	0.36913	0.18484
-0.44765	0.43481	0.30573	-0.76188	0.50086	0.36737	0.18362
-0.44765	0.43481	0.30573	-0.76188	0.50086	0.36737	0.18362
-0.44869	0.43183	0.30404	-0.76388	0.49936	0.36586	0.18242
-0.44869	0.43183	0.30404	-0.76388	0.49936	0.36586	0.18242
-0.44966	0.42866	0.30216	-0.76601	0.49781	0.36414	0.18116
-0.44966	0.42866	0.30216	-0.76601	0.49781	0.36414	0.18116
-0.44966	0.42866	0.30216	-0.76601	0.49781	0.36414	0.18116
-0.45045	0.42568	0.30032	-0.76802	0.49641	0.3624	0.17999
-0.45045	0.42568	0.30032	-0.76802	0.49641	0.3624	0.17999
-0.45045	0.42568	0.30032	-0.76802	0.49641	0.3624	0.17999
-0.45094	0.42299	0.29848	-0.76986	0.49524	0.36059	0.17894
-0.45094	0.42299	0.29848	-0.76986	0.49524	0.36059	0.17894
-0.45159	0.42015	0.2967	-0.77177	0.49392	0.35886	0.17785
-0.45159	0.42015	0.2967	-0.77177	0.49392	0.35886	0.17785
-0.45199	0.41751	0.29488	-0.77357	0.49278	0.35705	0.17683
-0.45199	0.41751	0.29488	-0.77357	0.49278	0.35705	0.17683
-0.45199	0.41751	0.29488	-0.77357	0.49278	0.35705	0.17683
-0.45266	0.41462	0.29311	-0.7755	0.49139	0.35533	0.17572
-0.45266	0.41462	0.29311	-0.7755	0.49139	0.35533	0.17572
-0.45266	0.41462	0.29311	-0.7755	0.49139	0.35533	0.17572
-0.45339	0.41188	0.29154	-0.77728	0.49001	0.35384	0.17468
-0.45339	0.41188	0.29154	-0.77728	0.49001	0.35384	0.17468
-0.45388	0.40915	0.28981	-0.7791	0.48874	0.35211	0.17366
-0.45388	0.40915	0.28981	-0.7791	0.48874	0.35211	0.17366
-0.45388	0.40915	0.28981	-0.7791	0.48874	0.35211	0.17366
-0.45448	0.4063	0.28811	-0.78096	0.48735	0.35043	0.17259
-0.45448	0.4063	0.28811	-0.78096	0.48735	0.35043	0.17259
-0.45488	0.40367	0.28642	-0.7827	0.48614	0.34871	0.17161
-0.45488	0.40367	0.28642	-0.7827	0.48614	0.34871	0.17161
-0.45488	0.40367	0.28642	-0.7827	0.48614	0.34871	0.17161
-0.45576	0.40076	0.2849	-0.78456	0.48454	0.34729	0.17053
-0.45576	0.40076	0.2849	-0.78456	0.48454	0.34729	0.17053
-0.45655	0.39766	0.2832	-0.78654	0.4829	0.34565	0.16939
-0.45655	0.39766	0.2832	-0.78654	0.4829	0.34565	0.16939
-0.45655	0.39766	0.2832	-0.78654	0.4829	0.34565	0.16939
-0.45728	0.39468	0.28161	-0.78842	0.48132	0.34409	0.1683
-0.45728	0.39468	0.28161	-0.78842	0.48132	0.34409	0.1683
-0.45814	0.39152	0.28003	-0.7904	0.47957	0.34256	0.16715
-0.45814	0.39152	0.28003	-0.7904	0.47957	0.34256	0.16715
-0.45814	0.39152	0.28003	-0.7904	0.47957	0.34256	0.16715
-0.45897	0.38863	0.27863	-0.79218	0.47793	0.34123	0.16611
-0.45897	0.38863	0.27863	-0.79218	0.47793	0.34123	0.16611
-0.45974	0.38553	0.27705	-0.79411	0.47622	0.33967	0.16501
-0.45974	0.38553	0.27705	-0.79411	0.47622	0.33967	0.16501
-0.45974	0.38553	0.27705	-0.79411	0.47622	0.33967	0.16501
-0.46052	0.38241	0.27549	-0.79603	0.47448	0.33814	0.1639
-0.46052	0.38241	0.27549	-0.79603	0.47448	0.33814	0.1639
-0.4611	0.37956	0.274	-0.7978	0.47293	0.33663	0.1629
-0.4611	0.37956	0.274	-0.7978	0.47293	0.33663	0.1629
-0.4611	0.37956	0.274	-0.7978	0.47293	0.33663	0.1629
-0.46191	0.37663	0.27269	-0.79956	0.47121	0.33535	0.16187
-0.46191	0.37663	0.27269	-0.79956	0.47121	0.33535	0.16187
-0.46242	0.37381	0.27121	-0.80129	0.46969	0.33383	0.1609
-0.46242	0.37381	0.27121	-0.80129	0.46969	0.33383	0.1609
-0.46242	0.37381	0.27121	-0.80129	0.46969	0.33383	0.1609
-0.46315	0.37073	0.26978	-0.80314	0.4679	0.3324	0.15984
-0.46315	0.37073	0.26978	-0.80314	0.4679	0.3324	0.15984
-0.46363	0.36787	0.2683	-0.80489	0.46633	0.33084	0.15886
-0.46363	0.36787	0.2683	-0.80489	0.46633	0.33084	0.15886
-0.46363	0.36787	0.2683	-0.80489	0.46633	0.33084	0.15886
-0.4642	0.36487	0.26683	-0.80669	0.46464	0.32932	0.15785
-0.4642	0.36487	0.26683	-0.80669	0.46464	0.32932	0.15785
-0.46467	0.36206	0.26544	-0.80838	0.46306	0.32785	0.15691
-0.46467	0.36206	0.26544	-0.80838	0.46306	0.32785	0.15691
-0.46506	0.35953	0.26417	-0.80838	0.46306	0.32785	0.15691
-0.46506	0.35953	0.26417	-0.80989	0.46164	0.32651	0.15607
-0.46506	0.35953	0.26417	-0.80989	0.46164	0.32651	0.15607
-0.4655	0.35669	0.26276	-0.81159	0.46003	0.32501	0.15512
-0.4655	0.35669	0.26276	-0.81159	0.46003	0.32501	0.15512
-0.4655	0.35669	0.26276	-0.81159	0.46003	0.32501	0.15512
-0.46597	0.35381	0.26137	-0.81329	0.45838	0.32353	0.15417
-0.46597	0.35381	0.26137	-0.81329	0.45838	0.32353	0.15417
-0.46641	0.35091	0.25997	-0.81501	0.45671	0.32203	0.15322
-0.46641	0.35091	0.25997	-0.81501	0.45671	0.32203	0.15322
-0.46668	0.3483	0.25997	-0.81501	0.45671	0.32203	0.15322
-0.46668	0.3483	0.25862	-0.81656	0.45526	0.32055	0.15237
-0.46668	0.3483	0.25862	-0.81656	0.45526	0.32055	0.15237
-0.46732	0.34545	0.25745	-0.81819	0.45348	0.31935	0.15144
-0.46732	0.34545	0.25745	-0.81819	0.45348	0.31935	0.15144
-0.46732	0.34545	0.25745	-0.81819	0.45348	0.31935	0.15144
-0.46762	0.34265	0.25607	-0.81983	0.45189	0.31782	0.15054
-0.46762	0.34265	0.25607	-0.81983	0.45189	0.31782	0.15054
-0.46836	0.33957	0.25488	-0.82156	0.44993	0.31661	0.14953
-0.46836	0.33957	0.25488	-0.82156	0.44993	0.31661	0.14953
-0.46836	0.33957	0.25488	-0.82156	0.44993	0.31661	0.14953
-0.46901	0.33634	0.25356	-0.82338	0.44792	0.31523	0.14846
-0.46901	0.33634	0.25356	-0.82338	0.44792	0.31523	0.14846
-0.46942	0.33335	0.2522	-0.82509	0.44617	0.31374	0.14743
-0.46942	0.33335	0.2522	-0.82509	0.44617	0.31374	0.14743
-0.46942	0.33335	0.2522	-0.82509	0.44617	0.31374	0.14743
-0.47014	0.3302	0.25102	-0.82681	0.4442	0.31251	0.14632
-0.47014	0.3302	0.25102	-0.82681	0.4442	0.31251	0.14632
-0.47054	0.32728	0.24974	-0.82845	0.44246	0.3111	0.1453
-0.47054	0.32728	0.24974	-0.82845	0.44246	0.3111	0.1453
-0.47054	0.32728	0.24974	-0.82845	0.44246	0.3111	0.1453
-0.47109	0.32406	0.24845	-0.83023	0.44046	0.3097	0.14424
-0.47109	0.32406	0.24845	-0.83023	0.44046	0.3097	0.14424
-0.47172	0.32086	0.24726	-0.83197	0.4384	0.30843	0.14319
-0.47172	0.32086	0.24726	-0.83197	0.4384	0.30843	0.14319
-0.47172	0.32086	0.24726	-0.83197	0.4384	0.30843	0.14319
-0.472	0.31789	0.24593	-0.83362	0.43666	0.30691	0.14217
-0.472	0.31789	0.24593	-0.83362	0.43666	0.30691	0.14217
-0.47223	0.31491	0.24457	-0.83527	0.43496	0.30533	0.14109
-0.47223	0.31491	0.24457	-0.83527	0.43496	0.30533	0.14109
-0.47223	0.31491	0.24457	-0.83527	0.43496	0.30533	0.14109
-0.47266	0.31163	0.24323	-0.83704	0.43301	0.30383	0.13987
-0.47266	0.31163	0.24323	-0.83704	0.43301	0.30383	0.13987
-0.47297	0.30874	0.24203	-0.83859	0.43129	0.30245	0.13883
-0.47297	0.30874	0.24203	-0.83859	0.43129	0.30245	0.13883
-0.47318	0.30571	0.2407	-0.84024	0.42953	0.30088	0.13774
-0.47318	0.30571	0.2407	-0.84024	0.42953	0.30088	0.13774
-0.47318	0.30571	0.2407	-0.84024	0.42953	0.30088	0.13774
-0.47343	0.30285	0.2395	-0.84178	0.42782	0.29948	0.13673
-0.47343	0.30285	0.2395	-0.84178	0.42782	0.29948	0.13673
-0.47343	0.30285	0.2395	-0.84178	0.42782	0.29948	0.13673
-0.47353	0.29984	0.23814	-0.84341	0.42609	0.29784	0.13564
-0.47353	0.29984	0.23814	-0.84341	0.42609	0.29784	0.13564
-0.47348	0.29705	0.23678	-0.84494	0.42455	0.29617	0.13464
-0.47348	0.29705	0.23678	-0.84494	0.42455	0.29617	0.13464
-0.47369	0.29409	0.23556	-0.8465	0.42279	0.2947	0.13354
-0.47369	0.29409	0.23556	-0.8465	0.42279	0.2947	0.13354
-0.47369	0.29409	0.23556	-0.8465	0.42279	0.2947	0.13354
-0.47381	0.29106	0.23426	-0.8481	0.42103	0.29313	0.13243
-0.47381	0.29106	0.23426	-0.8481	0.42103	0.29313	0.13243
-0.47381	0.29106	0.23426	-0.8481	0.42103	0.29313	0.13243
-0.47377	0.28825	0.23297	-0.8496	0.41946	0.2915	0.13137
-0.47377	0.28825	0.23297	-0.8496	0.41946	0.2915	0.13137
-0.4738	0.28532	0.23168	-0.85112	0.41788	0.28988	0.13014
-0.4738	0.28532	0.23168	-0.85112	0.41788	0.28988	0.13014
-0.47395	0.28236	0.23046	-0.85263	0.41628	0.28836	0.12877
-0.47395	0.28236	0.23046	-0.85263	0.41628	0.28836	0.12877
-0.47395	0.28236	0.23046	-0.85263	0.41628	0.28836	0.12877
-0.47413	0.27895	0.22909	-0.85433	0.41445	0.28665	0.12719
-0.47413	0.27895	0.22909	-0.85433	0.41445	0.28665	0.12719
-0.47433	0.27554	0.22775	-0.85602	0.41261	0.28496	0.12558
-0.47433	0.27554	0.22775	-0.85602	0.41261	0.28496	0.12558
-0.47433	0.27554	0.22775	-0.85602	0.41261	0.28496	0.12558
-0.47437	0.27245	0.22645	-0.85754	0.41112	0.28327	0.12394
-0.47437	0.27245	0.22645	-0.85754	0.41112	0.28327	0.12394
-0.47464	0.26918	0.22527	-0.8591	0.40942	0.28175	0.12222
-0.47464	0.26918	0.22527	-0.8591	0.40942	0.28175	0.12222
-0.47464	0.26918	0.22527	-0.8591	0.40942	0.28175	0.12222
-0.47465	0.26609	0.224	-0.8606	0.40787	0.28008	0.12065
-0.47465	0.26609	0.224	-0.8606	0.40787	0.28008	0.12065
-0.47472	0.26278	0.2227	-0.86219	0.40621	0.27835	0.11891
-0.47472	0.26278	0.2227	-0.86219	0.40621	0.27835	0.11891
-0.47472	0.26278	0.2227	-0.86219	0.40621	0.27835	0.11891
-0.4747	0.25962	0.22142	-0.8637	0.40465	0.27662	0.11728
-0.4747	0.25962	0.22142	-0.8637	0.40465	0.27662	0.11728
-0.47465	0.25644	0.22012	-0.86524	0.40303	0.27487	0.11569
-0.47465	0.25644	0.22012	-0.86524	0.40303	0.27487	0.11569
-0.47465	0.25644	0.22012	-0.86524	0.40303	0.27487	0.11569
-0.47466	0.25343	0.21896	-0.86665	0.40152	0.27328	0.1141
-0.47466	0.25343	0.21896	-0.86665	0.40152	0.27328	0.1141
-0.47453	0.25046	0.21775	-0.86805	0.40007	0.27157	0.11256
-0.47453	0.25046	0.21775	-0.86805	0.40007	0.27157	0.11256
-0.47453	0.25046	0.21775	-0.86805	0.40007	0.27157	0.11256
-0.47449	0.24726	0.21654	-0.86957	0.39834	0.2699	0.11106
-0.47449	0.24726	0.21654	-0.86957	0.39834	0.2699	0.11106
-0.4745	0.24426	0.21545	-0.87096	0.39673	0.26838	0.1096
-0.4745	0.24426	0.21545	-0.87096	0.39673	0.26838	0.1096
-0.4745	0.24426	0.21545	-0.87096	0.39673	0.26838	0.1096
-0.47424	0.24132	0.21421	-0.87235	0.39525	0.2666	0.10816
-0.47424	0.24132	0.21421	-0.87235	0.39525	0.2666	0.10816
-0.47381	0.23867	0.21295	-0.87363	0.39404	0.26475	0.10682
-0.47381	0.23867	0.21295	-0.87363	0.39404	0.26475	0.10682
-0.47381	0.23867	0.21295	-0.87363	0.39404	0.26475	0.10682
-0.47353	0.23576	0.21172	-0.87501	0.39256	0.26297	0.10541
-0.47353	0.23576	0.21172	-0.87501	0.39256	0.26297	0.10541
-0.47341	0.23297	0.21066	-0.8763	0.39103	0.26146	0.10412
-0.47341	0.23297	0.21066	-0.8763	0.39103	0.26146	0.10412
-0.47341	0.23297	0.21066	-0.8763	0.39103	0.26146	0.10412
-0.47308	0.23026	0.20952	-0.87756	0.3897	0.25975	0.10276
-0.47308	0.23026	0.20952	-0.87756	0.3897	0.25975	0.10276
-0.47293	0.2274	0.20845	-0.87884	0.38823	0.25816	0.10129
-0.47293	0.2274	0.20845	-0.87884	0.38823	0.25816	0.10129
-0.47293	0.2274	0.20845	-0.87884	0.38823	0.25816	0.10129
-0.47255	0.22455	0.20723	-0.88014	0.38696	0.2563	0.099689
-0.47255	0.22455	0.20723	-0.88014	0.38696	0.2563	0.099689
-0.47223	0.22161	0.20599	-0.88146	0.38558	0.25443	0.09808
-0.47223	0.22161	0.20599	-0.88146	0.38558	0.25443	0.09808
-0.47223	0.22161	0.20599	-0.88146	0.38558	0.25443	0.09808
-0.47208	0.2186	0.20486	-0.88278	0.38411	0.25273	0.096372
-0.47208	0.2186	0.20486	-0.88278	0.38411	0.25273	0.096372
-0.47186	0.21546	0.20371	-0.88414	0.38258	0.25095	0.094637
-0.47186	0.21546	0.20371	-0.88414	0.38258	0.25095	0.094637
-0.47186	0.21546	0.20371	-0.88414	0.38258	0.25095	0.094637
-0.47161	0.21244	0.20261	-0.88544	0.38112	0.24921	0.092945
-0.47161	0.21244	0.20261	-0.88544	0.38112	0.24921	0.092945
-0.4714	0.20975	0.20165	-0.88658	0.37984	0.24768	0.09142
-0.4714	0.20975	0.20165	-0.88658	0.37984	0.24768	0.09142
-0.4714	0.20975	0.20165	-0.88658	0.37984	0.24768	0.09142
-0.47103	0.20693	0.20058	-0.88779	0.37853	0.24593	0.089835
-0.47103	0.20693	0.20058	-0.88779	0.37853	0.24593	0.089835
-0.47073	0.20432	0.19961	-0.88888	0.37737	0.24434	0.088265
-0.47073	0.20432	0.19961	-0.88888	0.37737	0.24434	0.088265
-0.47073	0.20432	0.19961	-0.88888	0.37737	0.24434	0.088265
-0.47039	0.20132	0.19853	-0.89016	0.37582	0.24258	0.086729
-0.47039	0.20132	0.19853	-0.89016	0.37582	0.24258	0.086729
-0.47007	0.19845	0.19749	-0.89137	0.37443	0.24087	0.085128
-0.47007	0.19845	0.19749	-0.89137	0.37443	0.24087	0.085128
-0.47007	0.19845	0.19749	-0.89137	0.37443	0.24087	0.085128
-0.46971	0.19581	0.19651	-0.89248	0.37315	0.23924	0.083682
-0.46971	0.19581	0.19651	-0.89248	0.37315	0.23924	0.083682
-0.46937	0.19312	0.19555	-0.89359	0.37184	0.23762	0.0822
-0.46937	0.19312	0.19555	-0.89359	0.37184	0.23762	0.0822
-0.46937	0.19312	0.19555	-0.89359	0.37184	0.23762	0.0822
-0.46904	0.19084	0.1947	-0.89453	0.37079	0.23619	0.080876
-0.46904	0.19084	0.1947	-0.89453	0.37079	0.23619	0.080876
-0.46869	0.18822	0.19378	-0.89562	0.36945	0.23462	0.079509
-0.46869	0.18822	0.19378	-0.89562	0.36945	0.23462	0.079509
-0.46869	0.18822	0.19378	-0.89562	0.36945	0.23462	0.079509
-0.46829	0.18593	0.19292	-0.89658	0.36829	0.23316	0.078328
-0.46829	0.18593	0.19292	-0.89658	0.36829	0.23316	0.078328
-0.46785	0.18336	0.19197	-0.89767	0.36695	0.23153	0.077045
-0.46785	0.18336	0.19197	-0.89767	0.36695	0.23153	0.077045
-0.46785	0.18336	0.19197	-0.89767	0.36695	0.23153	0.077045
-0.46741	0.18085	0.19105	-0.89872	0.36562	0.22995	0.07582
-0.46741	0.18085	0.19105	-0.89872	0.36562	0.22995	0.07582
-0.46699	0.17846	0.19019	-0.89972	0.36432	0.22846	0.074677
-0.46699	0.17846	0.19019	-0.89972	0.36432	0.22846	0.074677
-0.46699	0.17846	0.19019	-0.89972	0.36432	0.22846	0.074677
-0.46655	0.17618	0.18935	-0.90065	0.36322	0.22697	0.073442
-0.46655	0.17618	0.18935	-0.90065	0.36322	0.22697	0.073442
-0.46629	0.17378	0.18859	-0.90161	0.3619	0.22565	0.072214
-0.46629	0.17378	0.18859	-0.90161	0.3619	0.22565	0.072214
-0.46629	0.17378	0.18859	-0.90161	0.3619	0.22565	0.072214
-0.46595	0.17139	0.18778	-0.90256	0.36067	0.22421	0.070932
-0.46595	0.17139	0.18778	-0.90256	0.36067	0.22421	0.070932
-0.46571	0.1687	0.18697	-0.90363	0.35911	0.2228	0.069617
-0.46571	0.1687	0.18697	-0.90363	0.35911	0.2228	0.069617
-0.46571	0.1687	0.18697	-0.90363	0.35911	0.2228	0.069617
-0.46531	0.1663	0.18612	-0.9046	0.35784	0.22131	0.068384
-0.46531	0.1663	0.18612	-0.9046	0.35784	0.22131	0.068384
-0.46507	0.16384	0.18538	-0.90557	0.35642	0.22	0.067172
-0.46507	0.16384	0.18538	-0.90557	0.35642	0.22	0.067172
-0.46507	0.16384	0.18538	-0.90557	0.35642	0.22	0.067172
-0.46468	0.16145	0.18458	-0.9065	0.35517	0.21854	0.065917
-0.46468	0.16145	0.18458	-0.9065	0.35517	0.21854	0.065917
-0.46427	0.15907	0.18375	-0.90745	0.35391	0.21705	0.06467
-0.46427	0.15907	0.18375	-0.90745	0.35391	0.21705	0.06467
-0.46427	0.15907	0.18375	-0.90745	0.35391	0.21705	0.06467
-0.46392	0.15673	0.18295	-0.90835	0.3527	0.21561	0.0634
-0.46392	0.15673	0.18295	-0.90835	0.3527	0.21561	0.0634
-0.46369	0.15425	0.18225	-0.90931	0.35119	0.21435	0.062228
-0.46369	0.15425	0.18225	-0.90931	0.35119	0.21435	0.062228
-0.46369	0.15425	0.18225	-0.90931	0.35119	0.21435	0.062228
-0.46334	0.15212	0.18153	-0.91013	0.35007	0.21304	0.061094
-0.46334	0.15212	0.18153	-0.91013	0.35007	0.21304	0.061094
-0.4631	0.14978	0.18081	-0.91103	0.34868	0.21177	0.059949
-0.4631	0.14978	0.18081	-0.91103	0.34868	0.21177	0.059949
-0.4631	0.14978	0.18081	-0.91103	0.34868	0.21177	0.059949
-0.46268	0.14771	0.18005	-0.91187	0.34748	0.21043	0.058998
-0.46268	0.14771	0.18005	-0.91187	0.34748	0.21043	0.058998
-0.46227	0.14583	0.17934	-0.9126	0.3465	0.20914	0.058016
-0.46227	0.14583	0.17934	-0.9126	0.3465	0.20914	0.058016
-0.46227	0.14583	0.17934	-0.9126	0.3465	0.20914	0.058016
-0.4618	0.14375	0.17854	-0.91342	0.34535	0.20771	0.057013
-0.4618	0.14375	0.17854	-0.91342	0.34535	0.20771	0.057013
-0.46126	0.14179	0.17773	-0.91421	0.3443	0.20624	0.056067
-0.46126	0.14179	0.17773	-0.91421	0.3443	0.20624	0.056067
-0.46126	0.14179	0.17773	-0.91421	0.3443	0.20624	0.056067
-0.46076	0.1397	0.17691	-0.91504	0.34312	0.20478	0.055087
-0.46076	0.1397	0.17691	-0.91504	0.34312	0.20478	0.055087
-0.46022	0.13777	0.17604	-0.91584	0.34202	0.20328	0.054232
-0.46022	0.13777	0.17604	-0.91584	0.34202	0.20328	0.054232
-0.46022	0.13777	0.17604	-0.91584	0.34202	0.20328	0.054232
-0.45974	0.13593	0.1752	-0.91658	0.34101	0.20186	0.053369
-0.45974	0.13593	0.1752	-0.91658	0.34101	0.20186	0.053369
-0.45919	0.13404	0.17432	-0.91735	0.33995	0.20035	0.0525
-0.45919	0.13404	0.17432	-0.91735	0.33995	0.20035	0.0525
-0.45919	0.13404	0.17432	-0.91735	0.33995	0.20035	0.0525
-0.45867	0.13225	0.17349	-0.91807	0.33898	0.19891	0.051645
-0.45867	0.13225	0.17349	-0.91807	0.33898	0.19891	0.051645
-0.45808	0.13061	0.17264	-0.91875	0.33812	0.19743	0.050882
-0.45808	0.13061	0.17264	-0.91875	0.33812	0.19743	0.050882
-0.45808	0.13061	0.17264	-0.91875	0.33812	0.19743	0.050882
-0.45754	0.12899	0.17178	-0.9194	0.33732	0.19597	0.050039
-0.45754	0.12899	0.17178	-0.9194	0.33732	0.19597	0.050039
-0.45695	0.12717	0.17091	-0.92014	0.33633	0.19444	0.049199
-0.45695	0.12717	0.17091	-0.92014	0.33633	0.19444	0.049199
-0.45695	0.12717	0.17091	-0.92014	0.33633	0.19444	0.049199
-0.45631	0.12536	0.16995	-0.92089	0.33531	0.19282	0.048423
-0.45631	0.12536	0.16995	-0.92089	0.33531	0.19282	0.048423
-0.45567	0.1236	0.16896	-0.92162	0.33437	0.19116	0.047611
-0.45567	0.1236	0.16896	-0.92162	0.33437	0.19116	0.047611
-0.45567	0.1236	0.16896	-0.92162	0.33437	0.19116	0.047611
-0.45567	0.1236	0.16896	-0.92162	0.33437	0.19116	0.047611
-0.45567	0.1236	0.16896	-0.92162	0.33437	0.19116	0.047611
-0.4541	0.12026	0.16682	-0.92304	0.3327	0.18754	0.04611
-0.4541	0.12026	0.16682	-0.92304	0.3327	0.18754	0.04611
-0.4541	0.12026	0.16682	-0.92304	0.3327	0.18754	0.04611
-0.45332	0.11868	0.16579	-0.92372	0.3319	0.18578	0.04541
-0.45332	0.11868	0.16579	-0.92372	0.3319	0.18578	0.04541
-0.45248	0.11721	0.16467	-0.92437	0.33123	0.18392	0.044749
-0.45248	0.11721	0.16467	-0.92437	0.33123	0.18392	0.044749
-0.45248	0.11721	0.16467	-0.92437	0.33123	0.18392	0.044749
-0.45169	0.11575	0.16357	-0.92503	0.33045	0.18214	0.044184
-0.45169	0.11575	0.16357	-0.92503	0.33045	0.18214	0.044184
-0.45096	0.1143	0.16254	-0.92566	0.32971	0.18043	0.043529
-0.45096	0.1143	0.16254	-0.92566	0.32971	0.18043	0.043529
-0.45096	0.1143	0.16254	-0.92566	0.32971	0.18043	0.043529
-0.45031	0.11287	0.1616	-0.92625	0.329	0.17884	0.042838
-0.45031	0.11287	0.1616	-0.92625	0.329	0.17884	0.042838
-0.44955	0.11122	0.16051	-0.92695	0.32812	0.177	0.042056
-0.44955	0.11122	0.16051	-0.92695	0.32812	0.177	0.042056
-0.44955	0.11122	0.16051	-0.92695	0.32812	0.177	0.042056
-0.44885	0.10958	0.15948	-0.92766	0.32716	0.17525	0.041292
-0.44885	0.10958	0.15948	-0.92766	0.32716	0.17525	0.041292
-0.44815	0.10792	0.15843	-0.92836	0.32624	0.17344	0.040395
-0.44815	0.10792	0.15843	-0.92836	0.32624	0.17344	0.040395
-0.44815	0.10792	0.15843	-0.92836	0.32624	0.17344	0.040395
-0.44736	0.1062	0.15739	-0.92912	0.32517	0.17157	0.039514
-0.44736	0.1062	0.15739	-0.92912	0.32517	0.17157	0.039514
-0.44654	0.10446	0.15631	-0.92997	0.32384	0.16966	0.038705
-0.44654	0.10446	0.15631	-0.92997	0.32384	0.16966	0.038705
-0.44654	0.10446	0.15631	-0.92997	0.32384	0.16966	0.038705
-0.44575	0.10272	0.15522	-0.93088	0.32228	0.16779	0.038011
-0.44575	0.10272	0.15522	-0.93088	0.32228	0.16779	0.038011
-0.44494	0.10104	0.15418	-0.93174	0.32084	0.16592	0.037232
-0.44494	0.10104	0.15418	-0.93174	0.32084	0.16592	0.037232
-0.44494	0.10104	0.15418	-0.93174	0.32084	0.16592	0.037232
-0.44416	0.099464	0.15317	-0.9326	0.31931	0.16417	0.036589
-0.44416	0.099464	0.15317	-0.9326	0.31931	0.16417	0.036589
-0.44349	0.097917	0.15227	-0.9334	0.3179	0.16255	0.035859
-0.44349	0.097917	0.15227	-0.9334	0.3179	0.16255	0.035859
-0.44349	0.097917	0.15227	-0.9334	0.3179	0.16255	0.035859
-0.44274	0.096211	0.15126	-0.93429	0.31625	0.16078	0.035159
-0.44274	0.096211	0.15126	-0.93429	0.31625	0.16078	0.035159
-0.44203	0.09445	0.15026	-0.93521	0.3145	0.15903	0.034467
-0.44203	0.09445	0.15026	-0.93521	0.3145	0.15903	0.034467
-0.44203	0.09445	0.15026	-0.93521	0.3145	0.15903	0.034467
-0.44123	0.092814	0.14927	-0.93604	0.31297	0.15726	0.03384
-0.44123	0.092814	0.14927	-0.93604	0.31297	0.15726	0.03384
-0.44047	0.091168	0.14825	-0.93686	0.31147	0.15549	0.033172
-0.44047	0.091168	0.14825	-0.93686	0.31147	0.15549	0.033172
-0.44047	0.091168	0.14825	-0.93686	0.31147	0.15549	0.033172
-0.43961	0.089512	0.14719	-0.93771	0.3099	0.15362	0.032558
-0.43961	0.089512	0.14719	-0.93771	0.3099	0.15362	0.032558
-0.43872	0.087995	0.14615	-0.9385	0.30846	0.15179	0.032057
-0.43872	0.087995	0.14615	-0.9385	0.30846	0.15179	0.032057
-0.43872	0.087995	0.14615	-0.9385	0.30846	0.15179	0.032057
-0.4378	0.08658	0.14516	-0.93925	0.30712	0.14997	0.03154
-0.4378	0.08658	0.14516	-0.93925	0.30712	0.14997	0.03154
-0.43683	0.085186	0.14412	-0.93925	0.30712	0.14997	0.03154
-0.43683	0.085186	0.14412	-0.94002	0.30573	0.14809	0.03108
-0.43683	0.085186	0.14412	-0.94002	0.30573	0.14809	0.03108
-0.43595	0.083869	0.14318	-0.94073	0.3044	0.14638	0.030644
-0.43595	0.083869	0.14318	-0.94073	0.3044	0.14638	0.030644
-0.43496	0.082661	0.14225	-0.9414	0.3032	0.14462	0.030262
-0.43496	0.082661	0.14225	-0.9414	0.3032	0.14462	0.030262
-0.43496	0.082661	0.14225	-0.9414	0.3032	0.14462	0.030262
-0.43395	0.081421	0.14128	-0.94206	0.30205	0.1428	0.029842
-0.43395	0.081421	0.14128	-0.94206	0.30205	0.1428	0.029842
-0.43295	0.080227	0.14037	-0.9427	0.30092	0.14106	0.029502
-0.43295	0.080227	0.14037	-0.9427	0.30092	0.14106	0.029502
-0.43295	0.080227	0.14037	-0.9427	0.30092	0.14106	0.029502
-0.43199	0.078964	0.13948	-0.94332	0.29981	0.13936	0.029116
-0.43199	0.078964	0.13948	-0.94332	0.29981	0.13936	0.029116
-0.43113	0.077694	0.13866	-0.94395	0.29856	0.13779	0.028786
-0.43113	0.077694	0.13866	-0.94395	0.29856	0.13779	0.028786
-0.43113	0.077694	0.13866	-0.94395	0.29856	0.13779	0.028786
-0.43024	0.076466	0.13785	-0.94457	0.29735	0.13625	0.028505
-0.43024	0.076466	0.13785	-0.94457	0.29735	0.13625	0.028505
-0.42927	0.075323	0.13706	-0.94516	0.29619	0.13468	0.028318
-0.42927	0.075323	0.13706	-0.94516	0.29619	0.13468	0.028318
-0.42927	0.075323	0.13706	-0.94516	0.29619	0.13468	0.028318
-0.42839	0.074154	0.13629	-0.94575	0.295	0.13318	0.028079
-0.42839	0.074154	0.13629	-0.94575	0.295	0.13318	0.028079
-0.42736	0.07302	0.13547	-0.94575	0.295	0.13318	0.028079
-0.42736	0.07302	0.13547	-0.94633	0.2939	0.13156	0.027896
-0.42736	0.07302	0.13547	-0.94633	0.2939	0.13156	0.027896
-0.42634	0.071937	0.1347	-0.94689	0.29281	0.12999	0.027733
-0.42634	0.071937	0.1347	-0.94689	0.29281	0.12999	0.027733
-0.42526	0.070776	0.13387	-0.9475	0.29159	0.12831	0.027558
-0.42526	0.070776	0.13387	-0.9475	0.29159	0.12831	0.027558
-0.42526	0.070776	0.13387	-0.9475	0.29159	0.12831	0.027558
-0.42425	0.069749	0.13307	-0.94805	0.29052	0.12671	0.02737
-0.42425	0.069749	0.13307	-0.94805	0.29052	0.12671	0.02737
-0.42317	0.068643	0.13229	-0.94862	0.28938	0.12507	0.027183
-0.42317	0.068643	0.13229	-0.94862	0.28938	0.12507	0.027183
-0.42317	0.068643	0.13229	-0.94862	0.28938	0.12507	0.027183
-0.42207	0.06759	0.13147	-0.94917	0.28833	0.12337	0.026979
-0.42207	0.06759	0.13147	-0.94917	0.28833	0.12337	0.026979
-0.42104	0.066555	0.13069	-0.9497	0.28725	0.12178	0.026816
-0.42104	0.066555	0.13069	-0.9497	0.28725	0.12178	0.026816
-0.42104	0.066555	0.13069	-0.9497	0.28725	0.12178	0.026816
-0.42002	0.065508	0.12993	-0.95025	0.28612	0.1202	0.026638
-0.42002	0.065508	0.12993	-0.95025	0.28612	0.1202	0.026638
-0.41912	0.0645	0.12926	-0.95079	0.28494	0.11881	0.026513
-0.41912	0.0645	0.12926	-0.95079	0.28494	0.11881	0.026513
-0.41912	0.0645	0.12926	-0.95079	0.28494	0.11881	0.026513
-0.41812	0.063504	0.12854	-0.95131	0.28382	0.11732	0.026418
-0.41812	0.063504	0.12854	-0.95131	0.28382	0.11732	0.026418
-0.4171	0.062419	0.12782	-0.95131	0.28382	0.11732	0.026418
-0.4171	0.062419	0.12782	-0.95189	0.28248	0.11583	0.026375
-0.4171	0.062419	0.12782	-0.95189	0.28248	0.11583	0.026375
-0.41615	0.061394	0.12713	-0.95246	0.28112	0.11444	0.026361
-0.41615	0.061394	0.12713	-0.95246	0.28112	0.11444	0.026361
-0.41508	0.060301	0.12641	-0.95248	0.28119	0.11425	0.025741
-0.41508	0.060301	0.12641	-0.95305	0.27974	0.11291	0.026329
-0.41508	0.060301	0.12641	-0.95305	0.27974	0.11291	0.026329
-0.41399	0.059233	0.1257	-0.95364	0.27834	0.11137	0.026306
-0.41399	0.059233	0.1257	-0.95364	0.27834	0.11137	0.026306
-0.41299	0.058245	0.12499	-0.95364	0.27834	0.11137	0.026306
-0.41299	0.058245	0.12499	-0.9542	0.27698	0.10992	0.026299
-0.41299	0.058245	0.12499	-0.9542	0.27698	0.10992	0.026299
-0.41195	0.057246	0.1243	-0.95475	0.27567	0.10845	0.026309
-0.41195	0.057246	0.1243	-0.95475	0.27567	0.10845	0.026309
-0.41091	0.056245	0.1236	-0.95475	0.27567	0.10845	0.026309
-0.41091	0.056245	0.1236	-0.95531	0.27431	0.10698	0.026301
-0.41091	0.056245	0.1236	-0.95531	0.27431	0.10698	0.026301
-0.40994	0.055289	0.12295	-0.95582	0.27307	0.10559	0.026263
-0.40994	0.055289	0.12295	-0.95582	0.27307	0.10559	0.026263
-0.40896	0.054392	0.12231	-0.95582	0.27307	0.10559	0.026263
-0.40896	0.054392	0.12231	-0.95631	0.2719	0.1042	0.026226
-0.40896	0.054392	0.12231	-0.95631	0.2719	0.1042	0.026226
-0.40796	0.053535	0.12165	-0.95678	0.27078	0.10278	0.026191
-0.40796	0.053535	0.12165	-0.95678	0.27078	0.10278	0.026191
-0.40707	0.052591	0.12105	-0.95678	0.27078	0.10278	0.026191
-0.40707	0.052591	0.12105	-0.95729	0.26947	0.10149	0.026126
-0.40707	0.052591	0.12105	-0.95729	0.26947	0.10149	0.026126
-0.40602	0.05172	0.12038	-0.95777	0.26834	0.099999	0.026049
-0.40602	0.05172	0.12038	-0.95777	0.26834	0.099999	0.026049
-0.40497	0.050801	0.11969	-0.95777	0.26834	0.099999	0.026049
-0.40497	0.050801	0.11969	-0.95826	0.26714	0.098497	0.026008
-0.40497	0.050801	0.11969	-0.95826	0.26714	0.098497	0.026008
-0.40389	0.049926	0.119	-0.95872	0.26602	0.096983	0.025995
-0.40389	0.049926	0.119	-0.95872	0.26602	0.096983	0.025995
-0.40279	0.049025	0.11825	-0.95872	0.26602	0.096983	0.025995
-0.40279	0.049025	0.11825	-0.95922	0.26481	0.095406	0.026014
-0.40279	0.049025	0.11825	-0.95922	0.26481	0.095406	0.026014
-0.40172	0.048136	0.11753	-0.95971	0.26357	0.093876	0.026027
-0.40172	0.048136	0.11753	-0.95971	0.26357	0.093876	0.026027
-0.40074	0.04718	0.1168	-0.95971	0.26357	0.093876	0.026027
-0.40074	0.04718	0.1168	-0.96022	0.26223	0.092409	0.026043
-0.40074	0.04718	0.1168	-0.96022	0.26223	0.092409	0.026043
-0.39971	0.046323	0.11609	-0.9607	0.26098	0.090935	0.026108
-0.39971	0.046323	0.11609	-0.9607	0.26098	0.090935	0.026108
-0.3987	0.045424	0.11537	-0.9607	0.26098	0.090935	0.026108
-0.3987	0.045424	0.11537	-0.96122	0.25954	0.089489	0.026193
-0.3987	0.045424	0.11537	-0.96122	0.25954	0.089489	0.026193
-0.39772	0.044555	0.11463	-0.96173	0.25813	0.088042	0.026281
-0.39772	0.044555	0.11463	-0.96173	0.25813	0.088042	0.026281
-0.39687	0.043714	0.11396	-0.96173	0.25813	0.088042	0.026281
-0.39687	0.043714	0.11396	-0.96221	0.25677	0.08675	0.026352
-0.39687	0.043714	0.11396	-0.96221	0.25677	0.08675	0.026352
