0.21916	-0.21452	0.42035	0.4284	0.62657	0.14504	0.6347
0.21916	-0.21452	0.42035	0.4284	0.62657	0.14504	0.6347
0.21916	-0.21452	0.42035	0.4284	0.62657	0.14504	0.6347
0.21916	-0.21452	0.42035	0.4284	0.62657	0.14504	0.6347
0.21916	-0.21452	0.42035	0.4284	0.62657	0.14504	0.6347
0.21916	-0.21452	0.42035	0.4284	0.62657	0.14504	0.6347
0.21916	-0.21452	0.42035	0.4284	0.62657	0.14504	0.6347
0.21916	-0.21452	0.42035	0.4284	0.62657	0.14504	0.6347
0.21916	-0.21452	0.42035	0.4284	0.62657	0.14504	0.6347
0.21916	-0.21452	0.42035	0.4284	0.62657	0.14504	0.6347
0.21916	-0.21452	0.42035	0.4284	0.62657	0.14504	0.6347
0.21916	-0.21452	0.42035	0.4284	0.62657	0.14504	0.6347
0.21916	-0.21452	0.42035	0.4284	0.62657	0.14504	0.6347
0.21916	-0.21452	0.42035	0.4284	0.62657	0.14504	0.6347
0.21916	-0.21452	0.42035	0.4284	0.62657	0.14504	0.6347
0.21916	-0.21452	0.42035	0.4284	0.62657	0.14504	0.6347
0.21916	-0.21452	0.42035	0.4284	0.62657	0.14504	0.6347
0.21916	-0.21452	0.42035	0.4284	0.62657	0.14504	0.6347
0.21915	-0.21452	0.42035	0.4284	0.62657	0.14504	0.6347
0.21915	-0.21452	0.42035	0.4284	0.62657	0.14504	0.6347
0.21916	-0.21452	0.42035	0.4284	0.62657	0.14504	0.6347
0.21916	-0.21452	0.42035	0.4284	0.62657	0.14504	0.6347
0.21916	-0.21452	0.42035	0.4284	0.62657	0.14504	0.6347
0.21916	-0.21452	0.42035	0.4284	0.62657	0.14504	0.6347
0.21916	-0.21452	0.42035	0.4284	0.62657	0.14504	0.6347
0.21916	-0.21452	0.42035	0.4284	0.62657	0.14504	0.6347
0.21916	-0.21452	0.42035	0.4284	0.62657	0.14504	0.6347
0.21916	-0.21452	0.42035	0.4284	0.62657	0.14504	0.6347
0.21916	-0.21452	0.42035	0.4284	0.62657	0.14504	0.6347
0.21916	-0.21452	0.42035	0.4284	0.62657	0.14504	0.6347
0.21916	-0.21452	0.42035	0.4284	0.62657	0.14504	0.6347
0.21916	-0.21452	0.42035	0.4284	0.62657	0.14504	0.6347
0.21916	-0.21452	0.42035	0.4284	0.62657	0.14504	0.6347
0.21916	-0.21452	0.42035	0.4284	0.62657	0.14504	0.6347
0.21916	-0.21452	0.42035	0.4284	0.62657	0.14504	0.6347
0.21916	-0.21452	0.42035	0.4284	0.62657	0.14504	0.6347
0.21916	-0.21452	0.42035	0.4284	0.62657	0.14504	0.6347
0.21916	-0.21452	0.42035	0.4284	0.62657	0.14504	0.6347
0.21916	-0.21452	0.42035	0.4284	0.62657	0.14504	0.6347
0.21916	-0.21452	0.42035	0.4284	0.62657	0.14504	0.6347
0.21916	-0.21452	0.42035	0.4284	0.62657	0.14504	0.6347
0.21916	-0.21452	0.42035	0.4284	0.62657	0.14504	0.6347
0.21916	-0.21452	0.42035	0.4284	0.62657	0.14504	0.6347
0.21916	-0.21452	0.42035	0.4284	0.62657	0.14504	0.6347
0.21916	-0.21452	0.42035	0.4284	0.62657	0.14504	0.6347
0.21916	-0.21452	0.42035	0.4284	0.62657	0.14504	0.6347
0.21916	-0.21452	0.42035	0.4284	0.62657	0.14504	0.6347
0.21916	-0.21452	0.42035	0.4284	0.62657	0.14504	0.6347
0.21916	-0.21452	0.42035	0.4284	0.62657	0.14504	0.6347
0.21916	-0.21452	0.42035	0.4284	0.62657	0.14504	0.6347
0.21916	-0.21452	0.42035	0.4284	0.62657	0.14504	0.6347
0.21916	-0.21452	0.42035	0.4284	0.62657	0.14504	0.6347
0.21916	-0.21452	0.42035	0.4284	0.62657	0.14504	0.6347
0.21916	-0.21452	0.42035	0.4284	0.62657	0.14504	0.6347
0.21916	-0.21452	0.42035	0.4284	0.62657	0.14504	0.6347
0.21916	-0.21452	0.42035	0.4284	0.62657	0.14504	0.6347
0.21916	-0.21452	0.42035	0.4284	0.62657	0.14504	0.6347
0.21916	-0.21452	0.42035	0.4284	0.62657	0.14504	0.6347
0.21916	-0.21452	0.42035	0.4284	0.62657	0.14504	0.6347
0.21916	-0.21452	0.42035	0.4284	0.62657	0.14504	0.6347
0.21916	-0.21452	0.42035	0.4284	0.62657	0.14504	0.6347
0.21916	-0.21452	0.42035	0.4284	0.62657	0.14504	0.6347
0.21916	-0.21452	0.42035	0.4284	0.62657	0.14504	0.6347
0.21916	-0.21452	0.42035	0.4284	0.62657	0.14504	0.6347
0.21916	-0.21452	0.42035	0.4284	0.62657	0.14504	0.6347
0.21916	-0.21452	0.42035	0.4284	0.62657	0.14504	0.6347
0.21916	-0.21452	0.42035	0.4284	0.62657	0.14504	0.6347
0.21916	-0.21452	0.42035	0.4284	0.62657	0.14504	0.6347
0.21916	-0.21452	0.42035	0.4284	0.62657	0.14504	0.6347
0.21916	-0.21452	0.42035	0.4284	0.62657	0.14504	0.6347
0.21916	-0.21452	0.42035	0.4284	0.62657	0.14504	0.6347
0.21916	-0.21452	0.42035	0.4284	0.62657	0.14504	0.6347
0.21916	-0.21452	0.42035	0.4284	0.62657	0.14504	0.6347
0.21916	-0.21452	0.42035	0.4284	0.62657	0.14504	0.6347
0.21916	-0.21452	0.42035	0.4284	0.62657	0.14504	0.6347
0.21915	-0.21452	0.42035	0.4284	0.62657	0.14504	0.6347
0.21915	-0.21452	0.42035	0.4284	0.62657	0.14504	0.6347
0.21915	-0.21452	0.42035	0.4284	0.62657	0.14504	0.6347
0.21915	-0.21452	0.42035	0.4284	0.62657	0.14504	0.6347
0.21915	-0.21452	0.42035	0.4284	0.62657	0.14504	0.6347
0.21915	-0.21452	0.42035	0.4284	0.62657	0.14504	0.6347
0.21915	-0.21452	0.42035	0.4284	0.62657	0.14504	0.6347
0.21915	-0.21452	0.42035	0.4284	0.62657	0.14504	0.6347
0.21915	-0.21452	0.42035	0.4284	0.62657	0.14504	0.6347
0.21915	-0.21452	0.42035	0.4284	0.62657	0.14504	0.6347
0.21915	-0.21452	0.42035	0.4284	0.62657	0.14504	0.6347
0.21915	-0.21452	0.42035	0.4284	0.62657	0.14504	0.6347
0.21915	-0.21452	0.42035	0.4284	0.62657	0.14504	0.6347
0.21915	-0.21452	0.42035	0.4284	0.62657	0.14504	0.6347
0.21915	-0.21452	0.42035	0.4284	0.62657	0.14504	0.6347
0.21915	-0.21452	0.42035	0.4284	0.62657	0.14504	0.6347
0.21915	-0.21452	0.42035	0.4284	0.62657	0.14504	0.6347
0.21915	-0.21452	0.42035	0.4284	0.62657	0.14504	0.6347
0.21916	-0.21452	0.42035	0.4284	0.62657	0.14504	0.6347
0.21916	-0.21452	0.42035	0.4284	0.62657	0.14504	0.6347
0.21915	-0.21452	0.42035	0.4284	0.62657	0.14504	0.6347
0.21915	-0.21452	0.42035	0.4284	0.62657	0.14504	0.6347
0.21915	-0.21452	0.42035	0.4284	0.62657	0.14504	0.6347
0.21915	-0.21452	0.42035	0.4284	0.62657	0.14504	0.6347
0.21915	-0.21452	0.42035	0.4284	0.62657	0.14504	0.6347
0.21916	-0.21452	0.42035	0.4284	0.62657	0.14504	0.6347
0.21916	-0.21452	0.42035	0.4284	0.62657	0.14504	0.6347
0.21916	-0.21452	0.42035	0.4284	0.62657	0.14504	0.6347
0.21916	-0.21452	0.42035	0.4284	0.62657	0.14504	0.6347
0.21916	-0.21452	0.42035	0.4284	0.62657	0.14504	0.6347
0.21916	-0.21452	0.42035	0.4284	0.62657	0.14504	0.6347
0.21916	-0.21452	0.42035	0.4284	0.62657	0.14504	0.6347
0.21916	-0.21452	0.42035	0.4284	0.62657	0.14504	0.6347
0.21916	-0.21452	0.42035	0.4284	0.62657	0.14504	0.6347
0.21916	-0.21452	0.42035	0.4284	0.62657	0.14504	0.6347
0.21916	-0.21452	0.42035	0.4284	0.62657	0.14504	0.6347
0.21916	-0.21452	0.42035	0.4284	0.62657	0.14504	0.6347
0.21916	-0.21452	0.42035	0.4284	0.62657	0.14504	0.6347
0.21916	-0.21452	0.42035	0.4284	0.62657	0.14504	0.6347
0.21916	-0.21452	0.42035	0.4284	0.62657	0.14504	0.6347
0.21916	-0.21452	0.42035	0.4284	0.62657	0.14504	0.6347
0.21916	-0.21452	0.42035	0.4284	0.62657	0.14504	0.6347
0.21916	-0.21452	0.42035	0.4284	0.62657	0.14504	0.6347
0.21916	-0.21452	0.42035	0.4284	0.62657	0.14504	0.6347
0.21916	-0.21452	0.42035	0.4284	0.62657	0.14504	0.6347
0.21916	-0.21452	0.42035	0.4284	0.62657	0.14504	0.6347
0.21916	-0.21452	0.42035	0.4284	0.62657	0.14504	0.6347
0.21916	-0.21452	0.42035	0.4284	0.62657	0.14504	0.6347
0.21916	-0.21452	0.42035	0.4284	0.62657	0.14504	0.6347
0.21916	-0.21452	0.42035	0.4284	0.62657	0.14504	0.6347
0.21916	-0.21452	0.42035	0.4284	0.62657	0.14504	0.6347
0.21916	-0.21452	0.42035	0.4284	0.62657	0.14504	0.6347
0.21916	-0.21452	0.42035	0.4284	0.62657	0.14504	0.6347
0.21916	-0.21452	0.42035	0.4284	0.62657	0.14504	0.6347
0.21916	-0.21452	0.42035	0.4284	0.62657	0.14504	0.6347
0.21916	-0.21452	0.42035	0.4284	0.62657	0.14504	0.6347
0.21916	-0.21452	0.42035	0.4284	0.62657	0.14504	0.6347
0.21916	-0.21452	0.42035	0.4284	0.62657	0.14504	0.6347
0.21916	-0.21452	0.42035	0.4284	0.62657	0.14504	0.6347
0.21916	-0.21452	0.42035	0.4284	0.62657	0.14504	0.6347
0.21916	-0.21452	0.42035	0.4284	0.62657	0.14504	0.6347
0.21916	-0.21452	0.42035	0.4284	0.62657	0.14504	0.6347
0.21916	-0.21452	0.42035	0.4284	0.62657	0.14504	0.6347
0.21916	-0.21452	0.42035	0.4284	0.62657	0.14504	0.6347
0.21916	-0.21452	0.42035	0.4284	0.62657	0.14504	0.6347
0.21916	-0.21452	0.42035	0.4284	0.62657	0.14504	0.6347
0.21916	-0.21452	0.42035	0.4284	0.62657	0.14504	0.6347
0.21916	-0.21452	0.42035	0.4284	0.62657	0.14504	0.6347
0.21916	-0.21452	0.42035	0.4284	0.62657	0.14504	0.6347
0.21916	-0.21452	0.42035	0.4284	0.62657	0.14504	0.6347
0.21916	-0.21452	0.42035	0.4284	0.62657	0.14504	0.6347
0.21916	-0.21452	0.42035	0.4284	0.62657	0.14504	0.6347
0.21916	-0.21452	0.42035	0.4284	0.62657	0.14504	0.6347
0.21916	-0.21452	0.42035	0.4284	0.62657	0.14504	0.6347
0.21916	-0.21452	0.42035	0.4284	0.62657	0.14504	0.6347
0.21916	-0.21452	0.42035	0.4284	0.62657	0.14504	0.6347
0.21916	-0.21452	0.42035	0.4284	0.62657	0.14504	0.6347
0.21916	-0.21452	0.42035	0.4284	0.62657	0.14504	0.6347
0.21916	-0.21452	0.42035	0.4284	0.62657	0.14504	0.6347
0.21916	-0.21452	0.42035	0.4284	0.62657	0.14504	0.6347
0.21916	-0.21452	0.42035	0.4284	0.62657	0.14504	0.6347
0.21916	-0.21452	0.42035	0.4284	0.62657	0.14504	0.6347
0.21916	-0.21452	0.42035	0.4284	0.62657	0.14504	0.6347
0.21916	-0.21452	0.42035	0.4284	0.62657	0.14504	0.6347
0.21916	-0.21452	0.42035	0.4284	0.62657	0.14504	0.6347
0.21916	-0.21452	0.42035	0.4284	0.62657	0.14504	0.6347
0.21916	-0.21452	0.42035	0.4284	0.62657	0.14504	0.6347
0.21916	-0.21452	0.42035	0.4284	0.62657	0.14504	0.6347
0.21915	-0.21452	0.42035	0.4284	0.62657	0.14504	0.6347
0.21915	-0.21452	0.42035	0.4284	0.62657	0.14504	0.6347
0.21915	-0.21452	0.42035	0.4284	0.62657	0.14504	0.6347
0.21915	-0.21452	0.42035	0.4284	0.62657	0.14504	0.6347
0.21915	-0.21452	0.42035	0.4284	0.62657	0.14504	0.6347
0.21915	-0.21452	0.42035	0.4284	0.62657	0.14504	0.6347
0.21915	-0.21452	0.42035	0.4284	0.62657	0.14504	0.6347
0.21915	-0.21452	0.42035	0.4284	0.62657	0.14504	0.6347
0.21915	-0.21452	0.42035	0.4284	0.62657	0.14504	0.6347
0.21915	-0.21452	0.42035	0.4284	0.62657	0.14504	0.6347
0.21915	-0.21452	0.42035	0.4284	0.62657	0.14504	0.6347
0.21915	-0.21452	0.42035	0.4284	0.62657	0.14504	0.6347
0.21915	-0.21452	0.42035	0.4284	0.62657	0.14504	0.6347
0.21915	-0.21452	0.42035	0.4284	0.62657	0.14504	0.6347
0.21915	-0.21452	0.42035	0.4284	0.62657	0.14504	0.6347
0.21915	-0.21452	0.42035	0.4284	0.62657	0.14504	0.6347
0.21915	-0.21452	0.42035	0.4284	0.62657	0.14504	0.6347
0.21915	-0.21452	0.42035	0.4284	0.62657	0.14504	0.6347
0.21915	-0.21452	0.42035	0.4284	0.62657	0.14504	0.6347
0.21915	-0.21452	0.42035	0.4284	0.62657	0.14504	0.6347
0.21915	-0.21452	0.42035	0.4284	0.62657	0.14504	0.6347
0.21915	-0.21452	0.42035	0.4284	0.62657	0.14504	0.6347
0.21916	-0.21452	0.42035	0.4284	0.62657	0.14504	0.6347
0.21916	-0.21452	0.42035	0.4284	0.62657	0.14504	0.6347
0.21916	-0.21452	0.42035	0.4284	0.62657	0.14504	0.6347
0.21915	-0.21452	0.42035	0.4284	0.62657	0.14504	0.6347
0.21915	-0.21452	0.42035	0.4284	0.62657	0.14504	0.6347
0.21916	-0.21452	0.42035	0.4284	0.62657	0.14504	0.6347
0.21916	-0.21452	0.42035	0.4284	0.62657	0.14504	0.6347
0.21916	-0.21452	0.42035	0.4284	0.62657	0.14504	0.6347
0.21915	-0.21452	0.42035	0.4284	0.62657	0.14504	0.6347
0.21915	-0.21452	0.42035	0.4284	0.62657	0.14504	0.6347
0.21916	-0.21452	0.42035	0.4284	0.62657	0.14504	0.6347
0.21916	-0.21452	0.42035	0.4284	0.62657	0.14504	0.6347
0.21916	-0.21452	0.42035	0.4284	0.62657	0.14504	0.6347
0.21916	-0.21452	0.42035	0.4284	0.62657	0.14504	0.6347
0.21916	-0.21452	0.42035	0.4284	0.62657	0.14504	0.6347
0.21916	-0.21452	0.42035	0.4284	0.62657	0.14504	0.6347
0.21916	-0.21452	0.42035	0.4284	0.62657	0.14504	0.6347
0.21916	-0.21452	0.42035	0.4284	0.62657	0.14504	0.6347
0.21916	-0.21452	0.42035	0.4284	0.62657	0.14504	0.6347
0.21916	-0.21452	0.42035	0.4284	0.62657	0.14504	0.6347
0.21916	-0.21452	0.42035	0.4284	0.62657	0.14504	0.6347
0.21916	-0.21452	0.42035	0.4284	0.62657	0.14504	0.6347
0.21916	-0.21452	0.42035	0.4284	0.62657	0.14504	0.6347
0.21915	-0.21452	0.42035	0.4284	0.62657	0.14504	0.6347
0.21915	-0.21452	0.42035	0.4284	0.62657	0.14504	0.6347
0.21915	-0.21453	0.42035	0.42841	0.62657	0.14504	0.6347
0.21915	-0.21453	0.42035	0.42841	0.62657	0.14504	0.6347
0.21915	-0.21453	0.42035	0.42841	0.62657	0.14504	0.6347
0.21915	-0.21453	0.42035	0.42841	0.62656	0.14505	0.6347
0.21915	-0.21453	0.42035	0.42841	0.62656	0.14505	0.6347
0.21915	-0.21453	0.42035	0.42842	0.62656	0.14506	0.63469
0.21915	-0.21453	0.42035	0.42842	0.62656	0.14506	0.63469
0.21915	-0.21453	0.42035	0.42842	0.62656	0.14506	0.63469
0.21915	-0.21453	0.42034	0.42843	0.62656	0.14506	0.63469
0.21915	-0.21453	0.42034	0.42843	0.62656	0.14506	0.63469
0.21915	-0.21454	0.42033	0.42844	0.62655	0.14507	0.63468
0.21915	-0.21454	0.42033	0.42844	0.62655	0.14507	0.63468
0.21915	-0.21454	0.42033	0.42844	0.62655	0.14507	0.63468
0.21915	-0.21454	0.42033	0.42845	0.62655	0.14508	0.63468
0.21915	-0.21454	0.42033	0.42845	0.62655	0.14508	0.63468
0.21915	-0.21455	0.42032	0.42846	0.62655	0.14509	0.63467
0.21915	-0.21455	0.42032	0.42846	0.62655	0.14509	0.63467
0.21915	-0.21455	0.42032	0.42846	0.62655	0.14509	0.63467
0.21915	-0.21455	0.42032	0.42846	0.62655	0.14508	0.63467
0.21915	-0.21455	0.42032	0.42846	0.62655	0.14508	0.63467
0.21915	-0.21455	0.42032	0.42846	0.62655	0.14509	0.63467
0.21915	-0.21455	0.42032	0.42846	0.62655	0.14509	0.63467
0.21915	-0.21455	0.42032	0.42846	0.62655	0.14509	0.63467
0.21915	-0.21455	0.42032	0.42847	0.62654	0.14509	0.63467
0.21915	-0.21455	0.42032	0.42847	0.62654	0.14509	0.63467
0.21915	-0.21455	0.42032	0.42848	0.62654	0.14509	0.63467
0.21915	-0.21455	0.42032	0.42848	0.62654	0.14509	0.63467
0.21915	-0.21455	0.42032	0.42848	0.62654	0.14509	0.63467
0.21915	-0.21456	0.42031	0.42849	0.62654	0.1451	0.63466
0.21915	-0.21456	0.42031	0.42849	0.62654	0.1451	0.63466
0.21915	-0.21456	0.42031	0.4285	0.62653	0.1451	0.63466
0.21915	-0.21456	0.42031	0.4285	0.62653	0.1451	0.63466
0.21915	-0.21456	0.42031	0.4285	0.62653	0.1451	0.63466
0.21914	-0.21458	0.4203	0.42854	0.62651	0.1451	0.63465
0.21914	-0.21458	0.4203	0.42854	0.62651	0.1451	0.63465
0.21914	-0.2146	0.42028	0.42859	0.62649	0.14511	0.63464
0.21914	-0.2146	0.42028	0.42859	0.62649	0.14511	0.63464
0.21914	-0.2146	0.42028	0.42859	0.62649	0.14511	0.63464
0.21913	-0.21463	0.42026	0.42868	0.62645	0.14512	0.63461
0.21913	-0.21463	0.42026	0.42868	0.62645	0.14512	0.63461
0.21912	-0.21467	0.42023	0.42877	0.62641	0.14513	0.63459
0.21912	-0.21467	0.42023	0.42877	0.62641	0.14513	0.63459
0.21912	-0.21467	0.42023	0.42877	0.62641	0.14513	0.63459
0.2191	-0.21472	0.4202	0.42888	0.62636	0.14516	0.63455
0.2191	-0.21472	0.4202	0.42888	0.62636	0.14516	0.63455
0.21909	-0.21476	0.42016	0.42898	0.62632	0.14519	0.63452
0.21909	-0.21476	0.42016	0.42898	0.62632	0.14519	0.63452
0.21909	-0.21476	0.42016	0.42898	0.62632	0.14519	0.63452
0.21909	-0.21479	0.42013	0.42907	0.62629	0.14522	0.63449
0.21909	-0.21479	0.42013	0.42907	0.62629	0.14522	0.63449
0.21908	-0.21482	0.4201	0.42914	0.62626	0.14525	0.63446
0.21908	-0.21482	0.4201	0.42914	0.62626	0.14525	0.63446
0.21908	-0.21482	0.4201	0.42914	0.62626	0.14525	0.63446
0.21907	-0.21485	0.42007	0.42922	0.62623	0.14528	0.63443
0.21907	-0.21485	0.42007	0.42922	0.62623	0.14528	0.63443
0.21907	-0.21488	0.42003	0.4293	0.6262	0.14533	0.63439
0.21907	-0.21488	0.42003	0.4293	0.6262	0.14533	0.63439
0.21907	-0.21488	0.42003	0.4293	0.6262	0.14533	0.63439
0.21906	-0.21491	0.41998	0.4294	0.62616	0.14538	0.63435
0.21906	-0.21491	0.41998	0.4294	0.62616	0.14538	0.63435
0.21905	-0.21495	0.41994	0.4295	0.62613	0.14545	0.6343
0.21905	-0.21495	0.41994	0.4295	0.62613	0.14545	0.6343
0.21905	-0.21495	0.41994	0.4295	0.62613	0.14545	0.6343
0.21904	-0.21498	0.4199	0.42958	0.6261	0.14548	0.63428
0.21904	-0.21498	0.4199	0.42958	0.6261	0.14548	0.63428
0.21903	-0.21502	0.41988	0.42966	0.62606	0.1455	0.63425
0.21903	-0.21502	0.41988	0.42966	0.62606	0.1455	0.63425
0.21903	-0.21502	0.41988	0.42966	0.62606	0.1455	0.63425
0.21902	-0.21506	0.41985	0.42976	0.62601	0.14552	0.63422
0.21902	-0.21506	0.41985	0.42976	0.62601	0.14552	0.63422
0.21901	-0.21512	0.4198	0.42991	0.62595	0.14553	0.63418
0.21901	-0.21512	0.4198	0.42991	0.62595	0.14553	0.63418
0.21901	-0.21512	0.4198	0.42991	0.62595	0.14553	0.63418
0.21899	-0.21517	0.41976	0.43004	0.62589	0.14555	0.63414
0.21899	-0.21517	0.41976	0.43004	0.62589	0.14555	0.63414
0.21898	-0.2152	0.41974	0.43013	0.62585	0.14557	0.63412
0.21898	-0.2152	0.41974	0.43013	0.62585	0.14557	0.63412
0.21898	-0.2152	0.41974	0.43013	0.62585	0.14557	0.63412
0.21897	-0.21522	0.41972	0.43019	0.62583	0.14558	0.6341
0.21897	-0.21522	0.41972	0.43019	0.62583	0.14558	0.6341
0.21897	-0.21523	0.4197	0.43024	0.62581	0.14559	0.63409
0.21897	-0.21523	0.4197	0.43024	0.62581	0.14559	0.63409
0.21897	-0.21523	0.4197	0.43024	0.62581	0.14559	0.63409
0.21896	-0.21524	0.41969	0.43027	0.62579	0.14559	0.63408
0.21896	-0.21524	0.41969	0.43027	0.62579	0.14559	0.63408
0.21896	-0.21525	0.41968	0.4303	0.62578	0.14559	0.63407
0.21896	-0.21525	0.41968	0.4303	0.62578	0.14559	0.63407
0.21896	-0.21525	0.41968	0.4303	0.62578	0.14559	0.63407
0.21896	-0.21526	0.41967	0.43033	0.62577	0.1456	0.63406
0.21896	-0.21526	0.41967	0.43033	0.62577	0.1456	0.63406
0.21896	-0.21527	0.41966	0.43036	0.62575	0.14561	0.63405
0.21896	-0.21527	0.41966	0.43036	0.62575	0.14561	0.63405
0.21896	-0.21527	0.41966	0.43036	0.62575	0.14561	0.63405
0.21895	-0.21528	0.41965	0.43039	0.62574	0.14562	0.63404
0.21895	-0.21528	0.41965	0.43039	0.62574	0.14562	0.63404
0.21895	-0.2153	0.41963	0.43043	0.62573	0.14564	0.63402
0.21895	-0.2153	0.41963	0.43043	0.62573	0.14564	0.63402
0.21895	-0.2153	0.41963	0.43043	0.62573	0.14564	0.63402
0.21895	-0.21532	0.41961	0.43048	0.62571	0.14567	0.634
0.21895	-0.21532	0.41961	0.43048	0.62571	0.14567	0.634
0.21894	-0.21535	0.41958	0.43055	0.62568	0.14569	0.63398
0.21894	-0.21535	0.41958	0.43055	0.62568	0.14569	0.63398
0.21894	-0.21535	0.41958	0.43055	0.62568	0.14569	0.63398
0.21893	-0.21539	0.41955	0.43065	0.62563	0.14571	0.63395
0.21893	-0.21539	0.41955	0.43065	0.62563	0.14571	0.63395
0.21891	-0.21544	0.41952	0.43078	0.62557	0.14571	0.63392
0.21891	-0.21544	0.41952	0.43078	0.62557	0.14571	0.63392
0.21891	-0.21544	0.41952	0.43078	0.62557	0.14571	0.63392
0.21889	-0.21549	0.41949	0.43093	0.62551	0.14571	0.63389
0.21889	-0.21549	0.41949	0.43093	0.62551	0.14571	0.63389
0.21887	-0.21554	0.41945	0.43107	0.62544	0.1457	0.63386
0.21887	-0.21554	0.41945	0.43107	0.62544	0.1457	0.63386
0.21887	-0.21554	0.41945	0.43107	0.62544	0.1457	0.63386
0.21885	-0.21558	0.41942	0.43121	0.62538	0.14569	0.63382
0.21885	-0.21558	0.41942	0.43121	0.62538	0.14569	0.63382
0.21884	-0.21563	0.41937	0.43138	0.6253	0.1457	0.63378
0.21884	-0.21563	0.41937	0.43138	0.6253	0.1457	0.63378
0.21884	-0.21563	0.41937	0.43138	0.6253	0.1457	0.63378
0.21881	-0.21569	0.41932	0.43157	0.62522	0.14571	0.63373
0.21881	-0.21569	0.41932	0.43157	0.62522	0.14571	0.63373
0.21879	-0.21576	0.41926	0.43178	0.62512	0.14573	0.63368
0.21879	-0.21576	0.41926	0.43178	0.62512	0.14573	0.63368
0.21879	-0.21576	0.41926	0.43178	0.62512	0.14573	0.63368
0.21876	-0.21581	0.4192	0.43197	0.62504	0.14575	0.63362
0.21876	-0.21581	0.4192	0.43197	0.62504	0.14575	0.63362
0.21874	-0.21587	0.41916	0.43215	0.62497	0.14574	0.63358
0.21874	-0.21587	0.41916	0.43215	0.62497	0.14574	0.63358
0.21874	-0.21587	0.41916	0.43215	0.62497	0.14574	0.63358
0.21871	-0.21593	0.41908	0.43236	0.6249	0.14574	0.6335
0.21871	-0.21593	0.41908	0.43236	0.6249	0.14574	0.6335
0.21867	-0.21598	0.41898	0.43256	0.62489	0.14577	0.63337
0.21867	-0.21598	0.41898	0.43256	0.62489	0.14577	0.63337
0.21867	-0.21598	0.41898	0.43256	0.62489	0.14577	0.63337
0.21863	-0.21599	0.41884	0.43271	0.62497	0.14582	0.63317
0.21863	-0.21599	0.41884	0.43271	0.62497	0.14582	0.63317
0.21857	-0.21599	0.41866	0.4329	0.62509	0.14586	0.63292
0.21857	-0.21599	0.41866	0.4329	0.62509	0.14586	0.63292
0.21857	-0.21599	0.41866	0.4329	0.62509	0.14586	0.63292
0.2185	-0.21595	0.41842	0.43305	0.62533	0.14594	0.63256
0.2185	-0.21595	0.41842	0.43305	0.62533	0.14594	0.63256
0.21842	-0.21588	0.41811	0.43316	0.62569	0.14607	0.6321
0.21842	-0.21588	0.41811	0.43316	0.62569	0.14607	0.6321
0.21842	-0.21588	0.41811	0.43316	0.62569	0.14607	0.6321
0.21833	-0.21579	0.41775	0.43329	0.6261	0.14622	0.63157
0.21833	-0.21579	0.41775	0.43329	0.6261	0.14622	0.63157
0.21823	-0.21568	0.41734	0.43341	0.62659	0.1464	0.63096
0.21823	-0.21568	0.41734	0.43341	0.62659	0.1464	0.63096
0.21823	-0.21568	0.41734	0.43341	0.62659	0.1464	0.63096
0.2181	-0.2155	0.41684	0.43347	0.62727	0.14661	0.63019
0.2181	-0.2155	0.41684	0.43347	0.62727	0.14661	0.63019
0.21796	-0.21526	0.41628	0.43349	0.6281	0.14682	0.6293
0.21796	-0.21526	0.41628	0.43349	0.6281	0.14682	0.6293
0.21796	-0.21526	0.41628	0.43349	0.6281	0.14682	0.6293
0.21779	-0.21506	0.41566	0.43362	0.6289	0.14706	0.62835
0.21779	-0.21506	0.41566	0.43362	0.6289	0.14706	0.62835
0.2176	-0.2148	0.41497	0.43372	0.62985	0.1473	0.62728
0.2176	-0.2148	0.41497	0.43372	0.62985	0.1473	0.62728
0.2176	-0.2148	0.41497	0.43372	0.62985	0.1473	0.62728
0.21738	-0.21452	0.41418	0.43385	0.63092	0.14758	0.62604
0.21738	-0.21452	0.41418	0.43385	0.63092	0.14758	0.62604
0.21713	-0.21424	0.41333	0.43406	0.63202	0.14785	0.62472
0.21713	-0.21424	0.41333	0.43406	0.63202	0.14785	0.62472
0.21713	-0.21424	0.41333	0.43406	0.63202	0.14785	0.62472
0.21688	-0.21402	0.41247	0.43438	0.63304	0.14813	0.6234
0.21688	-0.21402	0.41247	0.43438	0.63304	0.14813	0.6234
0.2166	-0.21384	0.4116	0.43481	0.634	0.14838	0.62206
0.2166	-0.21384	0.4116	0.43481	0.634	0.14838	0.62206
0.2166	-0.21384	0.4116	0.43481	0.634	0.14838	0.62206
0.21631	-0.2137	0.41069	0.43538	0.63489	0.14863	0.6207
0.21631	-0.2137	0.41069	0.43538	0.63489	0.14863	0.6207
0.21601	-0.21361	0.40978	0.43608	0.63565	0.1489	0.61936
0.21601	-0.21361	0.40978	0.43608	0.63565	0.1489	0.61936
0.21601	-0.21361	0.40978	0.43608	0.63565	0.1489	0.61936
0.21568	-0.21353	0.40881	0.43694	0.63639	0.1491	0.61794
0.21568	-0.21353	0.40881	0.43694	0.63639	0.1491	0.61794
0.21535	-0.21349	0.40788	0.4379	0.63699	0.14929	0.6166
0.21535	-0.21349	0.40788	0.4379	0.63699	0.14929	0.6166
0.21535	-0.21349	0.40788	0.4379	0.63699	0.14929	0.6166
0.21496	-0.21346	0.40679	0.43911	0.63763	0.14948	0.61504
0.21496	-0.21346	0.40679	0.43911	0.63763	0.14948	0.61504
0.21454	-0.21349	0.40566	0.44048	0.63817	0.14966	0.61344
0.21454	-0.21349	0.40566	0.44048	0.63817	0.14966	0.61344
0.21454	-0.21349	0.40566	0.44048	0.63817	0.14966	0.61344
0.21412	-0.21352	0.40454	0.44186	0.63871	0.14984	0.61185
0.21412	-0.21352	0.40454	0.44186	0.63871	0.14984	0.61185
0.21369	-0.2137	0.40347	0.44355	0.63892	0.14993	0.61038
0.21369	-0.2137	0.40347	0.44355	0.63892	0.14993	0.61038
0.21369	-0.2137	0.40347	0.44355	0.63892	0.14993	0.61038
0.21324	-0.21389	0.40235	0.44528	0.63917	0.15	0.60884
0.21324	-0.21389	0.40235	0.44528	0.63917	0.15	0.60884
0.21276	-0.21417	0.40122	0.44722	0.63929	0.14999	0.60729
0.21276	-0.21417	0.40122	0.44722	0.63929	0.14999	0.60729
0.21276	-0.21417	0.40122	0.44722	0.63929	0.14999	0.60729
0.21227	-0.21449	0.40011	0.44921	0.63934	0.14995	0.60578
0.21227	-0.21449	0.40011	0.44921	0.63934	0.14995	0.60578
0.2118	-0.21478	0.39905	0.45107	0.63942	0.14989	0.60433
0.2118	-0.21478	0.39905	0.45107	0.63942	0.14989	0.60433
0.2118	-0.21478	0.39905	0.45107	0.63942	0.14989	0.60433
0.21131	-0.2152	0.39799	0.45323	0.63925	0.1498	0.60291
0.21131	-0.2152	0.39799	0.45323	0.63925	0.1498	0.60291
0.21082	-0.21554	0.39689	0.4552	0.63929	0.14973	0.6014
0.21082	-0.21554	0.39689	0.4552	0.63929	0.14973	0.6014
0.21082	-0.21554	0.39689	0.4552	0.63929	0.14973	0.6014
0.2103	-0.21598	0.39578	0.45744	0.63912	0.14961	0.59991
0.2103	-0.21598	0.39578	0.45744	0.63912	0.14961	0.59991
0.20983	-0.21636	0.39476	0.45941	0.63902	0.14956	0.59852
0.20983	-0.21636	0.39476	0.45941	0.63902	0.14956	0.59852
0.20983	-0.21636	0.39476	0.45941	0.63902	0.14956	0.59852
0.20934	-0.21685	0.3938	0.46158	0.63869	0.14933	0.59725
0.20934	-0.21685	0.3938	0.46158	0.63869	0.14933	0.59725
0.20885	-0.21733	0.39278	0.46374	0.63844	0.14917	0.59589
0.20885	-0.21733	0.39278	0.46374	0.63844	0.14917	0.59589
0.20885	-0.21733	0.39278	0.46374	0.63844	0.14917	0.59589
0.20841	-0.21773	0.39182	0.46565	0.63825	0.14915	0.59461
0.20841	-0.21773	0.39182	0.46565	0.63825	0.14915	0.59461
0.20795	-0.21821	0.39087	0.46771	0.63793	0.14905	0.59336
0.20795	-0.21821	0.39087	0.46771	0.63793	0.14905	0.59336
0.20795	-0.21821	0.39087	0.46771	0.63793	0.14905	0.59336
0.2075	-0.21864	0.38996	0.46972	0.63761	0.1489	0.59215
0.2075	-0.21864	0.38996	0.46972	0.63761	0.1489	0.59215
0.20707	-0.21913	0.38905	0.4718	0.63718	0.1488	0.59098
0.20707	-0.21913	0.38905	0.4718	0.63718	0.1488	0.59098
0.20707	-0.21913	0.38905	0.4718	0.63718	0.1488	0.59098
0.20667	-0.21953	0.38819	0.47355	0.63696	0.14877	0.58983
0.20667	-0.21953	0.38819	0.47355	0.63696	0.14877	0.58983
0.20625	-0.21996	0.38734	0.47539	0.63665	0.14868	0.58871
0.20625	-0.21996	0.38734	0.47539	0.63665	0.14868	0.58871
0.20625	-0.21996	0.38734	0.47539	0.63665	0.14868	0.58871
0.20588	-0.22033	0.38652	0.47707	0.6364	0.14867	0.58762
0.20588	-0.22033	0.38652	0.47707	0.6364	0.14867	0.58762
0.20548	-0.22074	0.3857	0.47883	0.63609	0.14858	0.58654
0.20548	-0.22074	0.3857	0.47883	0.63609	0.14858	0.58654
0.20548	-0.22074	0.3857	0.47883	0.63609	0.14858	0.58654
0.20513	-0.22114	0.38495	0.48044	0.63579	0.14856	0.58556
0.20513	-0.22114	0.38495	0.48044	0.63579	0.14856	0.58556
0.20477	-0.22155	0.3842	0.48207	0.63548	0.14851	0.58457
0.20477	-0.22155	0.3842	0.48207	0.63548	0.14851	0.58457
0.20477	-0.22155	0.3842	0.48207	0.63548	0.14851	0.58457
0.20442	-0.22194	0.38348	0.48365	0.63517	0.14844	0.58362
0.20442	-0.22194	0.38348	0.48365	0.63517	0.14844	0.58362
0.20411	-0.22226	0.38281	0.48503	0.63492	0.14842	0.58274
0.20411	-0.22226	0.38281	0.48503	0.63492	0.14842	0.58274
0.20411	-0.22226	0.38281	0.48503	0.63492	0.14842	0.58274
0.20378	-0.22267	0.38211	0.48663	0.63453	0.14839	0.58184
0.20378	-0.22267	0.38211	0.48663	0.63453	0.14839	0.58184
0.20348	-0.223	0.38144	0.48802	0.63425	0.14847	0.58097
0.20348	-0.223	0.38144	0.48802	0.63425	0.14847	0.58097
0.20348	-0.223	0.38144	0.48802	0.63425	0.14847	0.58097
0.20318	-0.2234	0.38078	0.48952	0.63384	0.14848	0.58014
0.20318	-0.2234	0.38078	0.48952	0.63384	0.14848	0.58014
0.20289	-0.22377	0.38011	0.49096	0.6335	0.14855	0.57928
0.20289	-0.22377	0.38011	0.49096	0.6335	0.14855	0.57928
0.20289	-0.22377	0.38011	0.49096	0.6335	0.14855	0.57928
0.20262	-0.2241	0.37947	0.49226	0.6332	0.14865	0.57847
0.20262	-0.2241	0.37947	0.49226	0.6332	0.14865	0.57847
0.20235	-0.22445	0.37882	0.49366	0.63284	0.14875	0.57765
0.20235	-0.22445	0.37882	0.49366	0.63284	0.14875	0.57765
0.20235	-0.22445	0.37882	0.49366	0.63284	0.14875	0.57765
0.20207	-0.22484	0.3782	0.49508	0.63243	0.14881	0.57688
0.20207	-0.22484	0.3782	0.49508	0.63243	0.14881	0.57688
0.20183	-0.22518	0.37762	0.49635	0.63205	0.14892	0.57617
0.20183	-0.22518	0.37762	0.49635	0.63205	0.14892	0.57617
0.20183	-0.22518	0.37762	0.49635	0.63205	0.14892	0.57617
0.20158	-0.22557	0.37708	0.49767	0.63162	0.14895	0.57549
0.20158	-0.22557	0.37708	0.49767	0.63162	0.14895	0.57549
0.20134	-0.22595	0.3765	0.49897	0.63122	0.14903	0.57478
0.20134	-0.22595	0.3765	0.49897	0.63122	0.14903	0.57478
0.20134	-0.22595	0.3765	0.49897	0.63122	0.14903	0.57478
0.2011	-0.22635	0.37593	0.50027	0.6308	0.14915	0.57408
0.2011	-0.22635	0.37593	0.50027	0.6308	0.14915	0.57408
0.20086	-0.22672	0.37538	0.50151	0.63042	0.14924	0.5734
0.20086	-0.22672	0.37538	0.50151	0.63042	0.14924	0.5734
0.20086	-0.22672	0.37538	0.50151	0.63042	0.14924	0.5734
0.20065	-0.22706	0.37486	0.50265	0.63007	0.14936	0.57276
0.20065	-0.22706	0.37486	0.50265	0.63007	0.14936	0.57276
0.20042	-0.22743	0.37428	0.50392	0.62966	0.14952	0.57204
0.20042	-0.22743	0.37428	0.50392	0.62966	0.14952	0.57204
0.20042	-0.22743	0.37428	0.50392	0.62966	0.14952	0.57204
0.20021	-0.22776	0.3737	0.50507	0.62934	0.14975	0.57133
0.20021	-0.22776	0.3737	0.50507	0.62934	0.14975	0.57133
0.19998	-0.22815	0.37311	0.50635	0.62891	0.14992	0.57062
0.19998	-0.22815	0.37311	0.50635	0.62891	0.14992	0.57062
0.19998	-0.22815	0.37311	0.50635	0.62891	0.14992	0.57062
0.19975	-0.22854	0.37251	0.50767	0.62847	0.15013	0.56988
0.19975	-0.22854	0.37251	0.50767	0.62847	0.15013	0.56988
0.19953	-0.22892	0.37192	0.50895	0.62802	0.15033	0.56917
0.19953	-0.22892	0.37192	0.50895	0.62802	0.15033	0.56917
0.19953	-0.22892	0.37192	0.50895	0.62802	0.15033	0.56917
0.19931	-0.22925	0.3713	0.51019	0.62764	0.15058	0.56841
0.19931	-0.22925	0.3713	0.51019	0.62764	0.15058	0.56841
0.19906	-0.22965	0.37069	0.51157	0.62716	0.1507	0.56767
0.19906	-0.22965	0.37069	0.51157	0.62716	0.1507	0.56767
0.19906	-0.22965	0.37069	0.51157	0.62716	0.1507	0.56767
0.19882	-0.23008	0.37007	0.513	0.62662	0.15088	0.56693
0.19882	-0.23008	0.37007	0.513	0.62662	0.15088	0.56693
0.19859	-0.23051	0.36942	0.51443	0.62608	0.15114	0.56617
0.19859	-0.23051	0.36942	0.51443	0.62608	0.15114	0.56617
0.19859	-0.23051	0.36942	0.51443	0.62608	0.15114	0.56617
0.19834	-0.23101	0.36878	0.516	0.62542	0.15132	0.56542
0.19834	-0.23101	0.36878	0.516	0.62542	0.15132	0.56542
0.19809	-0.2315	0.36813	0.51754	0.62478	0.15152	0.56466
0.19809	-0.2315	0.36813	0.51754	0.62478	0.15152	0.56466
0.19809	-0.2315	0.36813	0.51754	0.62478	0.15152	0.56466
0.19779	-0.23207	0.36742	0.51929	0.62404	0.15166	0.56383
0.19779	-0.23207	0.36742	0.51929	0.62404	0.15166	0.56383
0.19751	-0.23262	0.36676	0.52097	0.62331	0.15175	0.56306
0.19751	-0.23262	0.36676	0.52097	0.62331	0.15175	0.56306
0.19751	-0.23262	0.36676	0.52097	0.62331	0.15175	0.56306
0.19719	-0.23326	0.36602	0.52291	0.62245	0.15184	0.5622
0.19719	-0.23326	0.36602	0.52291	0.62245	0.15184	0.5622
0.19684	-0.23393	0.36523	0.52493	0.62156	0.15191	0.56128
0.19684	-0.23393	0.36523	0.52493	0.62156	0.15191	0.56128
0.19684	-0.23393	0.36523	0.52493	0.62156	0.15191	0.56128
0.19651	-0.23456	0.36444	0.52688	0.62071	0.15205	0.56035
0.19651	-0.23456	0.36444	0.52688	0.62071	0.15205	0.56035
0.19612	-0.23531	0.36361	0.52913	0.61967	0.15207	0.55938
0.19612	-0.23531	0.36361	0.52913	0.61967	0.15207	0.55938
0.19612	-0.23531	0.36361	0.52913	0.61967	0.15207	0.55938
0.19573	-0.23608	0.36284	0.53137	0.61859	0.15195	0.55849
0.19573	-0.23608	0.36284	0.53137	0.61859	0.15195	0.55849
0.19535	-0.23681	0.362	0.53357	0.61756	0.152	0.55751
0.19535	-0.23681	0.362	0.53357	0.61756	0.152	0.55751
0.19535	-0.23681	0.362	0.53357	0.61756	0.152	0.55751
0.19493	-0.23759	0.36109	0.53593	0.61647	0.15202	0.55645
0.19493	-0.23759	0.36109	0.53593	0.61647	0.15202	0.55645
0.1945	-0.23836	0.36017	0.5383	0.61539	0.15202	0.55536
0.1945	-0.23836	0.36017	0.5383	0.61539	0.15202	0.55536
0.1945	-0.23836	0.36017	0.5383	0.61539	0.15202	0.55536
0.1941	-0.23911	0.35927	0.54058	0.61433	0.1521	0.55428
0.1941	-0.23911	0.35927	0.54058	0.61433	0.1521	0.55428
0.19367	-0.23991	0.35831	0.54301	0.6132	0.15214	0.55316
0.19367	-0.23991	0.35831	0.54301	0.6132	0.15214	0.55316
0.19367	-0.23991	0.35831	0.54301	0.6132	0.15214	0.55316
0.19322	-0.24069	0.3574	0.54543	0.61206	0.15203	0.55207
0.19322	-0.24069	0.3574	0.54543	0.61206	0.15203	0.55207
0.19275	-0.24152	0.35641	0.54799	0.61084	0.152	0.55088
0.19275	-0.24152	0.35641	0.54799	0.61084	0.152	0.55088
0.19275	-0.24152	0.35641	0.54799	0.61084	0.152	0.55088
0.1923	-0.24233	0.35545	0.55047	0.60964	0.15201	0.54975
0.1923	-0.24233	0.35545	0.55047	0.60964	0.15201	0.54975
0.19184	-0.24316	0.35444	0.55302	0.60839	0.15202	0.54856
0.19184	-0.24316	0.35444	0.55302	0.60839	0.15202	0.54856
0.19184	-0.24316	0.35444	0.55302	0.60839	0.15202	0.54856
0.19138	-0.244	0.35343	0.5556	0.60712	0.15202	0.54736
0.19138	-0.244	0.35343	0.5556	0.60712	0.15202	0.54736
0.19096	-0.24472	0.35252	0.55786	0.60602	0.15204	0.54627
0.19096	-0.24472	0.35252	0.55786	0.60602	0.15204	0.54627
0.19096	-0.24472	0.35252	0.55786	0.60602	0.15204	0.54627
0.19048	-0.24556	0.35145	0.56049	0.60475	0.15205	0.54499
0.19048	-0.24556	0.35145	0.56049	0.60475	0.15205	0.54499
0.19005	-0.24629	0.35044	0.56284	0.60363	0.15217	0.54377
0.19005	-0.24629	0.35044	0.56284	0.60363	0.15217	0.54377
0.19005	-0.24629	0.35044	0.56284	0.60363	0.15217	0.54377
0.18959	-0.24706	0.34941	0.5653	0.60243	0.15221	0.54254
0.18959	-0.24706	0.34941	0.5653	0.60243	0.15221	0.54254
0.18917	-0.24777	0.34846	0.56756	0.60132	0.15226	0.54139
0.18917	-0.24777	0.34846	0.56756	0.60132	0.15226	0.54139
0.18917	-0.24777	0.34846	0.56756	0.60132	0.15226	0.54139
0.18874	-0.24852	0.34742	0.56997	0.60013	0.15239	0.54014
0.18874	-0.24852	0.34742	0.56997	0.60013	0.15239	0.54014
0.18836	-0.24918	0.34641	0.57213	0.59909	0.15264	0.53894
0.18836	-0.24918	0.34641	0.57213	0.59909	0.15264	0.53894
0.18836	-0.24918	0.34641	0.57213	0.59909	0.15264	0.53894
0.18794	-0.24986	0.34546	0.57436	0.59799	0.1527	0.53778
0.18794	-0.24986	0.34546	0.57436	0.59799	0.1527	0.53778
0.18754	-0.25053	0.34443	0.57656	0.59692	0.1529	0.53655
0.18754	-0.25053	0.34443	0.57656	0.59692	0.1529	0.53655
0.18754	-0.25053	0.34443	0.57656	0.59692	0.1529	0.53655
0.18719	-0.25114	0.34342	0.57862	0.59594	0.15321	0.53534
0.18719	-0.25114	0.34342	0.57862	0.59594	0.15321	0.53534
0.1868	-0.25178	0.34241	0.58078	0.59488	0.15343	0.53411
0.1868	-0.25178	0.34241	0.58078	0.59488	0.15343	0.53411
0.1868	-0.25178	0.34241	0.58078	0.59488	0.15343	0.53411
0.18643	-0.25239	0.34149	0.58279	0.59387	0.15358	0.53299
0.18643	-0.25239	0.34149	0.58279	0.59387	0.15358	0.53299
0.18611	-0.25295	0.34051	0.58473	0.59293	0.15395	0.53182
0.18611	-0.25295	0.34051	0.58473	0.59293	0.15395	0.53182
0.18611	-0.25295	0.34051	0.58473	0.59293	0.15395	0.53182
0.18577	-0.25353	0.33954	0.58668	0.59196	0.15425	0.53065
0.18577	-0.25353	0.33954	0.58668	0.59196	0.15425	0.53065
0.18545	-0.25409	0.33858	0.58859	0.59102	0.15459	0.5295
0.18545	-0.25409	0.33858	0.58859	0.59102	0.15459	0.5295
0.18545	-0.25409	0.33858	0.58859	0.59102	0.15459	0.5295
0.18513	-0.2546	0.33769	0.59037	0.59012	0.15484	0.52843
0.18513	-0.2546	0.33769	0.59037	0.59012	0.15484	0.52843
0.18487	-0.25507	0.33678	0.59203	0.58932	0.15528	0.52734
0.18487	-0.25507	0.33678	0.59203	0.58932	0.15528	0.52734
0.18487	-0.25507	0.33678	0.59203	0.58932	0.15528	0.52734
0.18457	-0.25557	0.33582	0.59383	0.58845	0.15569	0.52617
0.18457	-0.25557	0.33582	0.59383	0.58845	0.15569	0.52617
0.1843	-0.25603	0.33487	0.59549	0.58766	0.15616	0.52503
0.1843	-0.25603	0.33487	0.59549	0.58766	0.15616	0.52503
0.1843	-0.25603	0.33487	0.59549	0.58766	0.15616	0.52503
0.18401	-0.2565	0.33392	0.59723	0.58682	0.15655	0.52388
0.18401	-0.2565	0.33392	0.59723	0.58682	0.15655	0.52388
0.18376	-0.25692	0.33306	0.59875	0.5861	0.15695	0.52283
0.18376	-0.25692	0.33306	0.59875	0.5861	0.15695	0.52283
0.18376	-0.25692	0.33306	0.59875	0.5861	0.15695	0.52283
0.18351	-0.25734	0.33214	0.60034	0.58534	0.15743	0.52172
0.18351	-0.25734	0.33214	0.60034	0.58534	0.15743	0.52172
0.18328	-0.25773	0.33131	0.60178	0.58463	0.15785	0.52072
0.18328	-0.25773	0.33131	0.60178	0.58463	0.15785	0.52072
0.18328	-0.25773	0.33131	0.60178	0.58463	0.15785	0.52072
0.183	-0.2582	0.33035	0.60351	0.58377	0.15827	0.51956
0.183	-0.2582	0.33035	0.60351	0.58377	0.15827	0.51956
0.18278	-0.25858	0.32951	0.60493	0.58307	0.15874	0.51855
0.18278	-0.25858	0.32951	0.60493	0.58307	0.15874	0.51855
0.18278	-0.25858	0.32951	0.60493	0.58307	0.15874	0.51855
0.18253	-0.25902	0.32849	0.60662	0.58224	0.15932	0.51733
0.18253	-0.25902	0.32849	0.60662	0.58224	0.15932	0.51733
0.18235	-0.25935	0.3277	0.6079	0.58161	0.15983	0.51638
0.18235	-0.25935	0.3277	0.6079	0.58161	0.15983	0.51638
0.18235	-0.25935	0.3277	0.6079	0.58161	0.15983	0.51638
0.18209	-0.25977	0.32676	0.60951	0.5808	0.1603	0.51524
0.18209	-0.25977	0.32676	0.60951	0.5808	0.1603	0.51524
0.1819	-0.26012	0.32594	0.61085	0.58013	0.16078	0.51426
0.1819	-0.26012	0.32594	0.61085	0.58013	0.16078	0.51426
0.1819	-0.26012	0.32594	0.61085	0.58013	0.16078	0.51426
0.18164	-0.26055	0.32492	0.61255	0.57927	0.16133	0.51303
0.18164	-0.26055	0.32492	0.61255	0.57927	0.16133	0.51303
0.18142	-0.26092	0.32407	0.61397	0.57855	0.16178	0.512
0.18142	-0.26092	0.32407	0.61397	0.57855	0.16178	0.512
0.18142	-0.26092	0.32407	0.61397	0.57855	0.16178	0.512
0.18116	-0.26133	0.32312	0.61559	0.57772	0.16224	0.51085
0.18116	-0.26133	0.32312	0.61559	0.57772	0.16224	0.51085
0.18091	-0.26173	0.32223	0.61713	0.57692	0.16263	0.50977
0.18091	-0.26173	0.32223	0.61713	0.57692	0.16263	0.50977
0.18091	-0.26173	0.32223	0.61713	0.57692	0.16263	0.50977
0.18061	-0.2622	0.32112	0.61902	0.57595	0.16314	0.50841
0.18061	-0.2622	0.32112	0.61902	0.57595	0.16314	0.50841
0.18027	-0.26269	0.32006	0.62092	0.57495	0.1635	0.50711
0.18027	-0.26269	0.32006	0.62092	0.57495	0.1635	0.50711
0.18027	-0.26269	0.32006	0.62092	0.57495	0.1635	0.50711
0.17996	-0.26316	0.31903	0.62276	0.57398	0.16387	0.50583
0.17996	-0.26316	0.31903	0.62276	0.57398	0.16387	0.50583
0.17957	-0.26367	0.318	0.62476	0.5729	0.16401	0.50454
0.17957	-0.26367	0.318	0.62476	0.5729	0.16401	0.50454
0.17957	-0.26367	0.318	0.62476	0.5729	0.16401	0.50454
0.17921	-0.26418	0.31688	0.62677	0.57183	0.16433	0.50316
0.17921	-0.26418	0.31688	0.62677	0.57183	0.16433	0.50316
0.17878	-0.26475	0.3157	0.62899	0.57062	0.16454	0.50168
0.17878	-0.26475	0.3157	0.62899	0.57062	0.16454	0.50168
0.17878	-0.26475	0.3157	0.62899	0.57062	0.16454	0.50168
0.17833	-0.26532	0.31452	0.63127	0.56938	0.16469	0.50018
0.17833	-0.26532	0.31452	0.63127	0.56938	0.16469	0.50018
0.17791	-0.26587	0.31339	0.63343	0.56819	0.1648	0.49876
0.17791	-0.26587	0.31339	0.63343	0.56819	0.1648	0.49876
0.17791	-0.26587	0.31339	0.63343	0.56819	0.1648	0.49876
0.17739	-0.2665	0.31212	0.63594	0.56681	0.16483	0.49713
0.17739	-0.2665	0.31212	0.63594	0.56681	0.16483	0.49713
0.1769	-0.2671	0.31085	0.63837	0.56546	0.16494	0.49551
0.1769	-0.2671	0.31085	0.63837	0.56546	0.16494	0.49551
0.1769	-0.2671	0.31085	0.63837	0.56546	0.16494	0.49551
0.17636	-0.26774	0.3095	0.64097	0.56401	0.16499	0.49379
0.17636	-0.26774	0.3095	0.64097	0.56401	0.16499	0.49379
0.17581	-0.26836	0.30827	0.64347	0.5626	0.16486	0.49219
0.17581	-0.26836	0.30827	0.64347	0.5626	0.16486	0.49219
0.17581	-0.26836	0.30827	0.64347	0.5626	0.16486	0.49219
0.17529	-0.26896	0.30693	0.64599	0.56119	0.16495	0.49046
0.17529	-0.26896	0.30693	0.64599	0.56119	0.16495	0.49046
0.17472	-0.2696	0.30552	0.64868	0.55968	0.16497	0.48864
0.17472	-0.2696	0.30552	0.64868	0.55968	0.16497	0.48864
0.17472	-0.2696	0.30552	0.64868	0.55968	0.16497	0.48864
0.1741	-0.27026	0.30409	0.65145	0.55809	0.16488	0.48678
0.1741	-0.27026	0.30409	0.65145	0.55809	0.16488	0.48678
0.1735	-0.2709	0.30275	0.65412	0.55656	0.16472	0.48501
0.1735	-0.2709	0.30275	0.65412	0.55656	0.16472	0.48501
0.1735	-0.2709	0.30275	0.65412	0.55656	0.16472	0.48501
0.17283	-0.27159	0.30126	0.65707	0.55486	0.16452	0.48303
0.17283	-0.27159	0.30126	0.65707	0.55486	0.16452	0.48303
0.17223	-0.2722	0.2998	0.65977	0.55331	0.1645	0.48113
0.17223	-0.2722	0.2998	0.65977	0.55331	0.1645	0.48113
0.17223	-0.2722	0.2998	0.65977	0.55331	0.1645	0.48113
0.17151	-0.2729	0.29822	0.66286	0.55152	0.16429	0.47901
0.17151	-0.2729	0.29822	0.66286	0.55152	0.16429	0.47901
0.17089	-0.27351	0.2967	0.66565	0.54991	0.16426	0.477
0.17089	-0.27351	0.2967	0.66565	0.54991	0.16426	0.477
0.17089	-0.27351	0.2967	0.66565	0.54991	0.16426	0.477
0.1702	-0.27416	0.29512	0.66862	0.54818	0.16412	0.47489
0.1702	-0.27416	0.29512	0.66862	0.54818	0.16412	0.47489
0.16957	-0.27474	0.2937	0.67128	0.54661	0.16395	0.47299
0.16957	-0.27474	0.2937	0.67128	0.54661	0.16395	0.47299
0.16957	-0.27474	0.2937	0.67128	0.54661	0.16395	0.47299
0.16889	-0.27535	0.29215	0.67416	0.54492	0.16379	0.4709
0.16889	-0.27535	0.29215	0.67416	0.54492	0.16379	0.4709
0.1682	-0.27595	0.29056	0.67707	0.5432	0.16364	0.46876
0.1682	-0.27595	0.29056	0.67707	0.5432	0.16364	0.46876
0.1682	-0.27595	0.29056	0.67707	0.5432	0.16364	0.46876
0.1675	-0.27654	0.28894	0.68	0.54146	0.16351	0.46656
0.1675	-0.27654	0.28894	0.68	0.54146	0.16351	0.46656
0.1669	-0.27705	0.28747	0.68257	0.53995	0.16345	0.46458
0.1669	-0.27705	0.28747	0.68257	0.53995	0.16345	0.46458
0.1669	-0.27705	0.28747	0.68257	0.53995	0.16345	0.46458
0.16625	-0.27758	0.28591	0.68531	0.53832	0.16339	0.46246
0.16625	-0.27758	0.28591	0.68531	0.53832	0.16339	0.46246
0.16561	-0.27809	0.28433	0.68802	0.5367	0.16334	0.46032
0.16561	-0.27809	0.28433	0.68802	0.5367	0.16334	0.46032
0.16561	-0.27809	0.28433	0.68802	0.5367	0.16334	0.46032
0.16507	-0.27851	0.28283	0.69043	0.53529	0.16351	0.4583
0.16507	-0.27851	0.28283	0.69043	0.53529	0.16351	0.4583
0.16448	-0.27897	0.28127	0.693	0.53375	0.16357	0.45617
0.16448	-0.27897	0.28127	0.693	0.53375	0.16357	0.45617
0.16448	-0.27897	0.28127	0.693	0.53375	0.16357	0.45617
0.16395	-0.27936	0.27978	0.69537	0.53235	0.16373	0.45415
0.16395	-0.27936	0.27978	0.69537	0.53235	0.16373	0.45415
0.16338	-0.27977	0.27837	0.69772	0.53093	0.16369	0.45222
0.16338	-0.27977	0.27837	0.69772	0.53093	0.16369	0.45222
0.16338	-0.27977	0.27837	0.69772	0.53093	0.16369	0.45222
0.16284	-0.28014	0.27687	0.70007	0.52953	0.16385	0.45017
0.16284	-0.28014	0.27687	0.70007	0.52953	0.16385	0.45017
0.16239	-0.28045	0.27545	0.70216	0.52829	0.16415	0.44826
0.16239	-0.28045	0.27545	0.70216	0.52829	0.16415	0.44826
0.16239	-0.28045	0.27545	0.70216	0.52829	0.16415	0.44826
0.16192	-0.28077	0.27413	0.70419	0.52707	0.16429	0.44645
0.16192	-0.28077	0.27413	0.70419	0.52707	0.16429	0.44645
0.16147	-0.28107	0.27272	0.70626	0.52584	0.16455	0.44454
0.16147	-0.28107	0.27272	0.70626	0.52584	0.16455	0.44454
0.16147	-0.28107	0.27272	0.70626	0.52584	0.16455	0.44454
0.16107	-0.28133	0.27136	0.70817	0.5247	0.1649	0.4427
0.16107	-0.28133	0.27136	0.70817	0.5247	0.1649	0.4427
0.16065	-0.28159	0.27011	0.71002	0.52359	0.16509	0.44099
0.16065	-0.28159	0.27011	0.71002	0.52359	0.16509	0.44099
0.16065	-0.28159	0.27011	0.71002	0.52359	0.16509	0.44099
0.16026	-0.28183	0.2688	0.71184	0.5225	0.16541	0.43922
0.16026	-0.28183	0.2688	0.71184	0.5225	0.16541	0.43922
0.15987	-0.28209	0.26753	0.71362	0.52143	0.16569	0.43749
0.15987	-0.28209	0.26753	0.71362	0.52143	0.16569	0.43749
0.15987	-0.28209	0.26753	0.71362	0.52143	0.16569	0.43749
0.15954	-0.2823	0.26632	0.7152	0.52049	0.16608	0.43588
0.15954	-0.2823	0.26632	0.7152	0.52049	0.16608	0.43588
0.1592	-0.28255	0.26512	0.71681	0.51953	0.16641	0.43426
0.1592	-0.28255	0.26512	0.71681	0.51953	0.16641	0.43426
0.1592	-0.28255	0.26512	0.71681	0.51953	0.16641	0.43426
0.15887	-0.28282	0.26403	0.71828	0.51864	0.16663	0.43281
0.15887	-0.28282	0.26403	0.71828	0.51864	0.16663	0.43281
0.15858	-0.28309	0.26288	0.7197	0.51779	0.16706	0.43129
0.15858	-0.28309	0.26288	0.7197	0.51779	0.16706	0.43129
0.15858	-0.28309	0.26288	0.7197	0.51779	0.16706	0.43129
0.15828	-0.28343	0.26179	0.72105	0.51698	0.16735	0.4299
0.15828	-0.28343	0.26179	0.72105	0.51698	0.16735	0.4299
0.158	-0.28377	0.26084	0.72225	0.51625	0.16757	0.42868
0.158	-0.28377	0.26084	0.72225	0.51625	0.16757	0.42868
0.158	-0.28377	0.26084	0.72225	0.51625	0.16757	0.42868
0.15772	-0.28418	0.25984	0.72346	0.51551	0.16782	0.42742
0.15772	-0.28418	0.25984	0.72346	0.51551	0.16782	0.42742
0.15744	-0.28458	0.25887	0.72464	0.5148	0.16804	0.4262
0.15744	-0.28458	0.25887	0.72464	0.5148	0.16804	0.4262
0.15744	-0.28458	0.25887	0.72464	0.5148	0.16804	0.4262
0.15717	-0.28506	0.25792	0.72573	0.51413	0.16824	0.42507
0.15717	-0.28506	0.25792	0.72573	0.51413	0.16824	0.42507
0.15693	-0.28554	0.25711	0.72666	0.51356	0.16839	0.42411
0.15693	-0.28554	0.25711	0.72666	0.51356	0.16839	0.42411
0.15693	-0.28554	0.25711	0.72666	0.51356	0.16839	0.42411
0.15667	-0.2861	0.25622	0.72764	0.51295	0.16856	0.42309
0.15667	-0.2861	0.25622	0.72764	0.51295	0.16856	0.42309
0.15641	-0.28669	0.25535	0.7286	0.51236	0.16871	0.4221
0.15641	-0.28669	0.25535	0.7286	0.51236	0.16871	0.4221
0.15641	-0.28669	0.25535	0.7286	0.51236	0.16871	0.4221
0.15617	-0.28738	0.25456	0.72941	0.51185	0.16879	0.42128
0.15617	-0.28738	0.25456	0.72941	0.51185	0.16879	0.42128
0.15593	-0.28813	0.25388	0.73013	0.5114	0.16876	0.42061
0.15593	-0.28813	0.25388	0.73013	0.5114	0.16876	0.42061
0.15593	-0.28813	0.25388	0.73013	0.5114	0.16876	0.42061
0.1557	-0.28895	0.25319	0.73079	0.51098	0.16876	0.41997
0.1557	-0.28895	0.25319	0.73079	0.51098	0.16876	0.41997
0.15548	-0.28975	0.2525	0.73141	0.51058	0.1688	0.41934
0.15548	-0.28975	0.2525	0.73141	0.51058	0.1688	0.41934
0.15548	-0.28975	0.2525	0.73141	0.51058	0.1688	0.41934
0.15526	-0.2906	0.2518	0.73204	0.51018	0.1688	0.41873
0.15526	-0.2906	0.2518	0.73204	0.51018	0.1688	0.41873
0.15503	-0.29162	0.2512	0.73254	0.50985	0.16867	0.41831
0.15503	-0.29162	0.2512	0.73254	0.50985	0.16867	0.41831
0.15503	-0.29162	0.2512	0.73254	0.50985	0.16867	0.41831
0.1548	-0.29256	0.25064	0.73302	0.50954	0.16853	0.41792
0.1548	-0.29256	0.25064	0.73302	0.50954	0.16853	0.41792
0.15457	-0.29369	0.25005	0.73346	0.50924	0.16837	0.41757
0.15457	-0.29369	0.25005	0.73346	0.50924	0.16837	0.41757
0.15457	-0.29369	0.25005	0.73346	0.50924	0.16837	0.41757
0.15434	-0.29481	0.24946	0.7339	0.50894	0.16821	0.41722
0.15434	-0.29481	0.24946	0.7339	0.50894	0.16821	0.41722
0.15412	-0.29578	0.2489	0.73435	0.50864	0.16805	0.41686
0.15412	-0.29578	0.2489	0.73435	0.50864	0.16805	0.41686
0.15412	-0.29578	0.2489	0.73435	0.50864	0.16805	0.41686
0.15382	-0.29724	0.24832	0.73478	0.50833	0.16766	0.41664
0.15382	-0.29724	0.24832	0.73478	0.50833	0.16766	0.41664
0.15359	-0.29833	0.24786	0.73515	0.50806	0.16735	0.41645
0.15359	-0.29833	0.24786	0.73515	0.50806	0.16735	0.41645
0.15359	-0.29833	0.24786	0.73515	0.50806	0.16735	0.41645
0.15328	-0.29987	0.24727	0.73555	0.50776	0.16692	0.41627
0.15328	-0.29987	0.24727	0.73555	0.50776	0.16692	0.41627
0.15298	-0.30118	0.24667	0.73604	0.50741	0.16655	0.41597
0.15298	-0.30118	0.24667	0.73604	0.50741	0.16655	0.41597
0.15298	-0.30118	0.24667	0.73604	0.50741	0.16655	0.41597
0.15267	-0.30274	0.24624	0.73634	0.50717	0.16594	0.416
0.15267	-0.30274	0.24624	0.73634	0.50717	0.16594	0.416
0.15234	-0.30417	0.24563	0.73686	0.50679	0.16547	0.41573
0.15234	-0.30417	0.24563	0.73686	0.50679	0.16547	0.41573
0.15234	-0.30417	0.24563	0.73686	0.50679	0.16547	0.41573
0.15199	-0.30557	0.24496	0.73745	0.50636	0.165	0.41538
0.15199	-0.30557	0.24496	0.73745	0.50636	0.165	0.41538
0.15163	-0.30724	0.24439	0.73789	0.50601	0.16437	0.41527
0.15163	-0.30724	0.24439	0.73789	0.50601	0.16437	0.41527
0.15163	-0.30724	0.24439	0.73789	0.50601	0.16437	0.41527
0.15131	-0.30862	0.24372	0.73843	0.50563	0.16398	0.41494
0.15131	-0.30862	0.24372	0.73843	0.50563	0.16398	0.41494
0.15097	-0.3101	0.24307	0.73895	0.50524	0.1635	0.41467
0.15097	-0.3101	0.24307	0.73895	0.50524	0.1635	0.41467
0.15097	-0.3101	0.24307	0.73895	0.50524	0.1635	0.41467
0.15063	-0.3116	0.2425	0.73938	0.50491	0.16295	0.41452
0.15063	-0.3116	0.2425	0.73938	0.50491	0.16295	0.41452
0.15032	-0.31295	0.24178	0.73994	0.50452	0.16261	0.41414
0.15032	-0.31295	0.24178	0.73994	0.50452	0.16261	0.41414
0.15032	-0.31295	0.24178	0.73994	0.50452	0.16261	0.41414
0.14999	-0.31441	0.24108	0.74045	0.50414	0.16221	0.41384
0.14999	-0.31441	0.24108	0.74045	0.50414	0.16221	0.41384
0.14971	-0.31566	0.2403	0.74099	0.50378	0.16202	0.4134
0.14971	-0.31566	0.2403	0.74099	0.50378	0.16202	0.4134
0.14971	-0.31566	0.2403	0.74099	0.50378	0.16202	0.4134
0.14942	-0.31709	0.23967	0.7414	0.50346	0.16161	0.41319
0.14942	-0.31709	0.23967	0.7414	0.50346	0.16161	0.41319
0.14917	-0.31827	0.23886	0.74193	0.50312	0.16153	0.4127
0.14917	-0.31827	0.23886	0.74193	0.50312	0.16153	0.4127
0.14917	-0.31827	0.23886	0.74193	0.50312	0.16153	0.4127
0.14891	-0.31948	0.23801	0.74247	0.50276	0.16144	0.41219
0.14891	-0.31948	0.23801	0.74247	0.50276	0.16144	0.41219
0.14865	-0.32066	0.23715	0.74303	0.50239	0.16137	0.41165
0.14865	-0.32066	0.23715	0.74303	0.50239	0.16137	0.41165
0.14865	-0.32066	0.23715	0.74303	0.50239	0.16137	0.41165
0.14839	-0.32176	0.23633	0.7436	0.50202	0.16126	0.41114
0.14839	-0.32176	0.23633	0.7436	0.50202	0.16126	0.41114
0.14816	-0.32289	0.23543	0.74414	0.50168	0.16129	0.41057
0.14816	-0.32289	0.23543	0.74414	0.50168	0.16129	0.41057
0.14816	-0.32289	0.23543	0.74414	0.50168	0.16129	0.41057
0.14793	-0.32386	0.23445	0.7448	0.50126	0.16139	0.40984
0.14793	-0.32386	0.23445	0.7448	0.50126	0.16139	0.40984
0.14772	-0.32485	0.23346	0.7454	0.50089	0.16154	0.40914
0.14772	-0.32485	0.23346	0.7454	0.50089	0.16154	0.40914
0.14772	-0.32485	0.23346	0.7454	0.50089	0.16154	0.40914
0.14749	-0.32584	0.23242	0.74606	0.50048	0.16171	0.40836
0.14749	-0.32584	0.23242	0.74606	0.50048	0.16171	0.40836
0.14729	-0.32666	0.2313	0.7468	0.50004	0.162	0.40745
0.14729	-0.32666	0.2313	0.7468	0.50004	0.162	0.40745
0.14729	-0.32666	0.2313	0.7468	0.50004	0.162	0.40745
0.14708	-0.32751	0.2303	0.74744	0.49964	0.16218	0.40668
0.14708	-0.32751	0.2303	0.74744	0.49964	0.16218	0.40668
0.14689	-0.32827	0.22918	0.74815	0.49922	0.16252	0.40576
0.14689	-0.32827	0.22918	0.74815	0.49922	0.16252	0.40576
0.14689	-0.32827	0.22918	0.74815	0.49922	0.16252	0.40576
0.14672	-0.32892	0.22795	0.74894	0.49876	0.16299	0.40468
0.14672	-0.32892	0.22795	0.74894	0.49876	0.16299	0.40468
0.14654	-0.32959	0.22673	0.7497	0.49831	0.16345	0.40363
0.14654	-0.32959	0.22673	0.7497	0.49831	0.16345	0.40363
0.14654	-0.32959	0.22673	0.7497	0.49831	0.16345	0.40363
0.14639	-0.33018	0.22548	0.75046	0.49787	0.164	0.40253
0.14639	-0.33018	0.22548	0.75046	0.49787	0.164	0.40253
0.14623	-0.33083	0.22441	0.75112	0.49748	0.16436	0.40164
0.14623	-0.33083	0.22441	0.75112	0.49748	0.16436	0.40164
0.14623	-0.33083	0.22441	0.75112	0.49748	0.16436	0.40164
0.14608	-0.33137	0.22311	0.75192	0.49702	0.16495	0.40048
0.14608	-0.33137	0.22311	0.75192	0.49702	0.16495	0.40048
0.14594	-0.3318	0.22179	0.75275	0.49654	0.16559	0.39924
0.14594	-0.3318	0.22179	0.75275	0.49654	0.16559	0.39924
0.14594	-0.3318	0.22179	0.75275	0.49654	0.16559	0.39924
0.14581	-0.33228	0.22057	0.75349	0.49611	0.16616	0.39814
0.14581	-0.33228	0.22057	0.75349	0.49611	0.16616	0.39814
0.14569	-0.33265	0.2192	0.75434	0.49562	0.16689	0.39684
0.14569	-0.33265	0.2192	0.75434	0.49562	0.16689	0.39684
0.14569	-0.33265	0.2192	0.75434	0.49562	0.16689	0.39684
0.14557	-0.33303	0.21779	0.75518	0.49514	0.16764	0.39552
0.14557	-0.33303	0.21779	0.75518	0.49514	0.16764	0.39552
0.14545	-0.33337	0.21639	0.75602	0.49466	0.16841	0.39419
0.14545	-0.33337	0.21639	0.75602	0.49466	0.16841	0.39419
0.14545	-0.33337	0.21639	0.75602	0.49466	0.16841	0.39419
0.14535	-0.33365	0.21517	0.75676	0.49423	0.16907	0.39302
0.14535	-0.33365	0.21517	0.75676	0.49423	0.16907	0.39302
0.14525	-0.33389	0.21371	0.75764	0.49372	0.16991	0.3916
0.14525	-0.33389	0.21371	0.75764	0.49372	0.16991	0.3916
0.14525	-0.33389	0.21371	0.75764	0.49372	0.16991	0.3916
0.14515	-0.33416	0.21233	0.75846	0.49324	0.17069	0.39027
0.14515	-0.33416	0.21233	0.75846	0.49324	0.17069	0.39027
0.14506	-0.33436	0.21098	0.75926	0.49278	0.17149	0.38896
0.14506	-0.33436	0.21098	0.75926	0.49278	0.17149	0.38896
0.14506	-0.33436	0.21098	0.75926	0.49278	0.17149	0.38896
0.14497	-0.33458	0.20976	0.75998	0.49236	0.17218	0.38778
0.14497	-0.33458	0.20976	0.75998	0.49236	0.17218	0.38778
0.14489	-0.33476	0.20836	0.76079	0.49188	0.17301	0.38642
0.14489	-0.33476	0.20836	0.76079	0.49188	0.17301	0.38642
0.14489	-0.33476	0.20836	0.76079	0.49188	0.17301	0.38642
0.14481	-0.33489	0.20695	0.76162	0.49139	0.17389	0.38501
0.14481	-0.33489	0.20695	0.76162	0.49139	0.17389	0.38501
0.14474	-0.33504	0.20556	0.76242	0.49092	0.17473	0.38365
0.14474	-0.33504	0.20556	0.76242	0.49092	0.17473	0.38365
0.14474	-0.33504	0.20556	0.76242	0.49092	0.17473	0.38365
0.14466	-0.33517	0.20428	0.76316	0.49048	0.1755	0.38239
0.14466	-0.33517	0.20428	0.76316	0.49048	0.1755	0.38239
0.14461	-0.33519	0.20286	0.76397	0.49	0.17645	0.38094
0.14461	-0.33519	0.20286	0.76397	0.49	0.17645	0.38094
0.14461	-0.33519	0.20286	0.76397	0.49	0.17645	0.38094
0.14455	-0.33525	0.20145	0.76478	0.48951	0.17735	0.37952
0.14455	-0.33525	0.20145	0.76478	0.48951	0.17735	0.37952
0.14449	-0.33525	0.20007	0.76559	0.48902	0.17824	0.37809
0.14449	-0.33525	0.20007	0.76559	0.48902	0.17824	0.37809
0.14449	-0.33525	0.20007	0.76559	0.48902	0.17824	0.37809
0.14444	-0.33527	0.19885	0.76628	0.48861	0.17903	0.37686
0.14444	-0.33527	0.19885	0.76628	0.48861	0.17903	0.37686
0.14438	-0.33529	0.19751	0.76705	0.48814	0.17988	0.37549
0.14438	-0.33529	0.19751	0.76705	0.48814	0.17988	0.37549
0.14438	-0.33529	0.19751	0.76705	0.48814	0.17988	0.37549
0.14433	-0.33525	0.19615	0.76783	0.48767	0.18079	0.37409
0.14433	-0.33525	0.19615	0.76783	0.48767	0.18079	0.37409
0.14428	-0.33524	0.19484	0.76858	0.4872	0.18164	0.37274
0.14428	-0.33524	0.19484	0.76858	0.4872	0.18164	0.37274
0.14428	-0.33524	0.19484	0.76858	0.4872	0.18164	0.37274
0.1442	-0.33527	0.19366	0.76929	0.48675	0.18231	0.37153
0.1442	-0.33527	0.19366	0.76929	0.48675	0.18231	0.37153
0.14413	-0.33524	0.19232	0.77008	0.48625	0.18312	0.37013
0.14413	-0.33524	0.19232	0.77008	0.48625	0.18312	0.37013
0.14413	-0.33524	0.19232	0.77008	0.48625	0.18312	0.37013
0.14405	-0.33518	0.19098	0.77091	0.48573	0.18393	0.3687
0.14405	-0.33518	0.19098	0.77091	0.48573	0.18393	0.3687
0.14394	-0.33515	0.18966	0.77177	0.48517	0.18462	0.36729
0.14394	-0.33515	0.18966	0.77177	0.48517	0.18462	0.36729
0.14394	-0.33515	0.18966	0.77177	0.48517	0.18462	0.36729
0.1438	-0.33516	0.18848	0.77261	0.48462	0.18512	0.366
0.1438	-0.33516	0.18848	0.77261	0.48462	0.18512	0.366
0.14363	-0.33518	0.18718	0.77354	0.484	0.18564	0.36458
0.14363	-0.33518	0.18718	0.77354	0.484	0.18564	0.36458
0.14363	-0.33518	0.18718	0.77354	0.484	0.18564	0.36458
0.14346	-0.33515	0.18586	0.77449	0.48336	0.18619	0.36312
0.14346	-0.33515	0.18586	0.77449	0.48336	0.18619	0.36312
0.14325	-0.33519	0.18453	0.77551	0.48268	0.18661	0.36165
0.14325	-0.33519	0.18453	0.77551	0.48268	0.18661	0.36165
0.14325	-0.33519	0.18453	0.77551	0.48268	0.18661	0.36165
0.143	-0.33522	0.1832	0.77659	0.48194	0.18695	0.36013
0.143	-0.33522	0.1832	0.77659	0.48194	0.18695	0.36013
0.14276	-0.33531	0.182	0.77758	0.48126	0.18717	0.35879
0.14276	-0.33531	0.182	0.77758	0.48126	0.18717	0.35879
0.14276	-0.33531	0.182	0.77758	0.48126	0.18717	0.35879
0.14245	-0.33537	0.18065	0.77876	0.48044	0.18737	0.35722
0.14245	-0.33537	0.18065	0.77876	0.48044	0.18737	0.35722
0.14215	-0.33542	0.17928	0.77995	0.47961	0.18757	0.35563
0.14215	-0.33542	0.17928	0.77995	0.47961	0.18757	0.35563
0.14215	-0.33542	0.17928	0.77995	0.47961	0.18757	0.35563
0.14181	-0.33548	0.1779	0.78118	0.47875	0.1877	0.35401
0.14181	-0.33548	0.1779	0.78118	0.47875	0.1877	0.35401
0.14147	-0.33563	0.17668	0.78232	0.47795	0.18767	0.3526
0.14147	-0.33563	0.17668	0.78232	0.47795	0.18767	0.3526
0.14147	-0.33563	0.17668	0.78232	0.47795	0.18767	0.3526
0.14113	-0.3357	0.17536	0.78352	0.4771	0.18774	0.35104
0.14113	-0.3357	0.17536	0.78352	0.4771	0.18774	0.35104
0.14083	-0.33576	0.17408	0.78464	0.47631	0.18785	0.34955
0.14083	-0.33576	0.17408	0.78464	0.47631	0.18785	0.34955
0.14083	-0.33576	0.17408	0.78464	0.47631	0.18785	0.34955
0.14049	-0.33586	0.17281	0.78578	0.4755	0.18787	0.34807
0.14049	-0.33586	0.17281	0.78578	0.4755	0.18787	0.34807
0.14015	-0.33603	0.17164	0.78686	0.47473	0.18779	0.34673
0.14015	-0.33603	0.17164	0.78686	0.47473	0.18779	0.34673
0.14015	-0.33603	0.17164	0.78686	0.47473	0.18779	0.34673
0.13983	-0.33611	0.1704	0.78795	0.47395	0.18784	0.34529
0.13983	-0.33611	0.1704	0.78795	0.47395	0.18784	0.34529
0.13951	-0.33625	0.16919	0.78901	0.47319	0.18783	0.34391
0.13951	-0.33625	0.16919	0.78901	0.47319	0.18783	0.34391
0.13951	-0.33625	0.16919	0.78901	0.47319	0.18783	0.34391
0.13918	-0.33641	0.16798	0.79008	0.47242	0.1878	0.34253
0.13918	-0.33641	0.16798	0.79008	0.47242	0.1878	0.34253
0.13886	-0.33656	0.16683	0.79109	0.47169	0.18775	0.34124
0.13886	-0.33656	0.16683	0.79109	0.47169	0.18775	0.34124
0.13886	-0.33656	0.16683	0.79109	0.47169	0.18775	0.34124
0.13856	-0.33673	0.16576	0.792	0.47103	0.18769	0.34005
0.13856	-0.33673	0.16576	0.792	0.47103	0.18769	0.34005
0.13823	-0.33693	0.16461	0.79301	0.4703	0.18759	0.33877
0.13823	-0.33693	0.16461	0.79301	0.4703	0.18759	0.33877
0.13823	-0.33693	0.16461	0.79301	0.4703	0.18759	0.33877
0.13792	-0.33712	0.16349	0.79396	0.46961	0.18752	0.33755
0.13792	-0.33712	0.16349	0.79396	0.46961	0.18752	0.33755
0.1376	-0.3374	0.1624	0.79485	0.46895	0.1874	0.33641
0.1376	-0.3374	0.1624	0.79485	0.46895	0.1874	0.33641
0.1376	-0.3374	0.1624	0.79485	0.46895	0.1874	0.33641
0.13734	-0.33759	0.16137	0.79566	0.46836	0.18738	0.33533
0.13734	-0.33759	0.16137	0.79566	0.46836	0.18738	0.33533
0.13705	-0.33782	0.16041	0.79648	0.46776	0.18725	0.33431
0.13705	-0.33782	0.16041	0.79648	0.46776	0.18725	0.33431
0.13705	-0.33782	0.16041	0.79648	0.46776	0.18725	0.33431
0.13678	-0.33807	0.15941	0.79726	0.46718	0.18717	0.33329
0.13678	-0.33807	0.15941	0.79726	0.46718	0.18717	0.33329
0.13654	-0.33827	0.15844	0.79799	0.46665	0.18717	0.3323
0.13654	-0.33827	0.15844	0.79799	0.46665	0.18717	0.3323
0.13654	-0.33827	0.15844	0.79799	0.46665	0.18717	0.3323
0.1363	-0.33851	0.1575	0.79869	0.46614	0.18712	0.33136
0.1363	-0.33851	0.1575	0.79869	0.46614	0.18712	0.33136
0.13608	-0.33873	0.15666	0.79932	0.46567	0.18705	0.33053
0.13608	-0.33873	0.15666	0.79932	0.46567	0.18705	0.33053
0.13608	-0.33873	0.15666	0.79932	0.46567	0.18705	0.33053
0.13587	-0.33893	0.15575	0.79996	0.4652	0.18708	0.32963
0.13587	-0.33893	0.15575	0.79996	0.4652	0.18708	0.32963
0.13568	-0.33908	0.15483	0.80059	0.46474	0.18716	0.32871
0.13568	-0.33908	0.15483	0.80059	0.46474	0.18716	0.32871
0.13568	-0.33908	0.15483	0.80059	0.46474	0.18716	0.32871
0.13549	-0.33927	0.15404	0.80114	0.46433	0.18715	0.32794
0.13549	-0.33927	0.15404	0.80114	0.46433	0.18715	0.32794
0.13533	-0.33943	0.1532	0.80168	0.46393	0.18725	0.32712
0.13533	-0.33943	0.1532	0.80168	0.46393	0.18725	0.32712
0.13533	-0.33943	0.1532	0.80168	0.46393	0.18725	0.32712
0.13515	-0.33961	0.15238	0.80223	0.46352	0.18727	0.32634
0.13515	-0.33961	0.15238	0.80223	0.46352	0.18727	0.32634
0.13498	-0.33974	0.15159	0.80277	0.46313	0.18733	0.32555
0.13498	-0.33974	0.15159	0.80277	0.46313	0.18733	0.32555
0.13498	-0.33974	0.15159	0.80277	0.46313	0.18733	0.32555
0.13481	-0.33991	0.1508	0.8033	0.46273	0.18736	0.32478
0.13481	-0.33991	0.1508	0.8033	0.46273	0.18736	0.32478
0.13465	-0.34004	0.15001	0.80383	0.46234	0.18742	0.324
0.13465	-0.34004	0.15001	0.80383	0.46234	0.18742	0.324
0.13465	-0.34004	0.15001	0.80383	0.46234	0.18742	0.324
0.1345	-0.34013	0.14922	0.80435	0.46195	0.18752	0.32319
0.1345	-0.34013	0.14922	0.80435	0.46195	0.18752	0.32319
0.13434	-0.34027	0.14844	0.80485	0.46159	0.1876	0.32244
0.13434	-0.34027	0.14844	0.80485	0.46159	0.1876	0.32244
0.13434	-0.34027	0.14844	0.80485	0.46159	0.1876	0.32244
0.13421	-0.34036	0.14773	0.80529	0.46126	0.1877	0.32174
0.13421	-0.34036	0.14773	0.80529	0.46126	0.1877	0.32174
0.13408	-0.34047	0.14701	0.80574	0.46092	0.18779	0.32104
0.13408	-0.34047	0.14701	0.80574	0.46092	0.18779	0.32104
0.13408	-0.34047	0.14701	0.80574	0.46092	0.18779	0.32104
0.13396	-0.34056	0.14634	0.80616	0.46061	0.18787	0.32038
0.13396	-0.34056	0.14634	0.80616	0.46061	0.18787	0.32038
0.13383	-0.34066	0.14563	0.8066	0.46029	0.18797	0.3197
0.13383	-0.34066	0.14563	0.8066	0.46029	0.18797	0.3197
0.13383	-0.34066	0.14563	0.8066	0.46029	0.18797	0.3197
0.13372	-0.34078	0.14493	0.80699	0.46	0.1881	0.31905
0.13372	-0.34078	0.14493	0.80699	0.46	0.1881	0.31905
0.13362	-0.34086	0.14425	0.80738	0.4597	0.18824	0.3184
0.13362	-0.34086	0.14425	0.80738	0.4597	0.18824	0.3184
0.13362	-0.34086	0.14425	0.80738	0.4597	0.18824	0.3184
0.13351	-0.341	0.1436	0.80773	0.45944	0.18835	0.31783
0.13351	-0.341	0.1436	0.80773	0.45944	0.18835	0.31783
0.13343	-0.34112	0.14303	0.80802	0.45923	0.18846	0.31733
0.13343	-0.34112	0.14303	0.80802	0.45923	0.18846	0.31733
0.13343	-0.34112	0.14303	0.80802	0.45923	0.18846	0.31733
0.13334	-0.34124	0.14239	0.80835	0.45898	0.18859	0.31677
0.13334	-0.34124	0.14239	0.80835	0.45898	0.18859	0.31677
0.13327	-0.34135	0.14176	0.80864	0.45877	0.18876	0.31624
0.13327	-0.34135	0.14176	0.80864	0.45877	0.18876	0.31624
0.13327	-0.34135	0.14176	0.80864	0.45877	0.18876	0.31624
0.13319	-0.34148	0.14121	0.80892	0.45856	0.18886	0.31577
0.13319	-0.34148	0.14121	0.80892	0.45856	0.18886	0.31577
0.13311	-0.34157	0.14062	0.80922	0.45833	0.18899	0.31524
0.13311	-0.34157	0.14062	0.80922	0.45833	0.18899	0.31524
0.13311	-0.34157	0.14062	0.80922	0.45833	0.18899	0.31524
0.13305	-0.34168	0.14004	0.80949	0.45813	0.18915	0.31475
0.13305	-0.34168	0.14004	0.80949	0.45813	0.18915	0.31475
0.13297	-0.3418	0.13948	0.80976	0.45793	0.18926	0.31428
0.13297	-0.3418	0.13948	0.80976	0.45793	0.18926	0.31428
0.13297	-0.3418	0.13948	0.80976	0.45793	0.18926	0.31428
0.1329	-0.34191	0.139	0.80999	0.45776	0.18934	0.31389
0.1329	-0.34191	0.139	0.80999	0.45776	0.18934	0.31389
0.13284	-0.34203	0.13849	0.81022	0.45759	0.18947	0.31348
0.13284	-0.34203	0.13849	0.81022	0.45759	0.18947	0.31348
0.13284	-0.34203	0.13849	0.81022	0.45759	0.18947	0.31348
0.13277	-0.34214	0.13796	0.81047	0.45739	0.18958	0.31303
0.13277	-0.34214	0.13796	0.81047	0.45739	0.18958	0.31303
0.13271	-0.34224	0.13746	0.8107	0.45722	0.18971	0.31261
0.13271	-0.34224	0.13746	0.8107	0.45722	0.18971	0.31261
0.13271	-0.34224	0.13746	0.8107	0.45722	0.18971	0.31261
0.13267	-0.3423	0.13695	0.81091	0.45706	0.18988	0.31218
0.13267	-0.3423	0.13695	0.81091	0.45706	0.18988	0.31218
0.13262	-0.34237	0.13648	0.81113	0.4569	0.19002	0.31178
0.13262	-0.34237	0.13648	0.81113	0.4569	0.19002	0.31178
0.13262	-0.34237	0.13648	0.81113	0.4569	0.19002	0.31178
0.13257	-0.34243	0.13596	0.81136	0.45673	0.19018	0.31132
0.13257	-0.34243	0.13596	0.81136	0.45673	0.19018	0.31132
0.13253	-0.34248	0.13545	0.81158	0.45656	0.19037	0.31089
0.13253	-0.34248	0.13545	0.81158	0.45656	0.19037	0.31089
0.13253	-0.34248	0.13545	0.81158	0.45656	0.19037	0.31089
0.13249	-0.34251	0.13494	0.81181	0.45639	0.19056	0.31042
0.13249	-0.34251	0.13494	0.81181	0.45639	0.19056	0.31042
0.13244	-0.34258	0.1345	0.81202	0.45624	0.19066	0.31005
0.13244	-0.34258	0.1345	0.81202	0.45624	0.19066	0.31005
0.13244	-0.34258	0.1345	0.81202	0.45624	0.19066	0.31005
0.13239	-0.34261	0.13404	0.81223	0.45607	0.1908	0.30963
0.13239	-0.34261	0.13404	0.81223	0.45607	0.1908	0.30963
0.13234	-0.34263	0.13357	0.81246	0.4559	0.19095	0.30919
0.13234	-0.34263	0.13357	0.81246	0.4559	0.19095	0.30919
0.13234	-0.34263	0.13357	0.81246	0.4559	0.19095	0.30919
0.13228	-0.34267	0.13311	0.8127	0.45572	0.19106	0.30877
0.13228	-0.34267	0.13311	0.8127	0.45572	0.19106	0.30877
0.13221	-0.34275	0.1327	0.81292	0.45555	0.1911	0.30841
0.13221	-0.34275	0.1327	0.81292	0.45555	0.1911	0.30841
0.13221	-0.34275	0.1327	0.81292	0.45555	0.1911	0.30841
0.13214	-0.34278	0.13224	0.81318	0.45535	0.19118	0.30796
0.13214	-0.34278	0.13224	0.81318	0.45535	0.19118	0.30796
0.13206	-0.34279	0.13176	0.81347	0.45513	0.19127	0.30747
0.13206	-0.34279	0.13176	0.81347	0.45513	0.19127	0.30747
0.13206	-0.34279	0.13176	0.81347	0.45513	0.19127	0.30747
0.13199	-0.34281	0.13128	0.81374	0.45492	0.19137	0.307
0.13199	-0.34281	0.13128	0.81374	0.45492	0.19137	0.307
0.13193	-0.34281	0.13082	0.81399	0.45473	0.19149	0.30654
0.13193	-0.34281	0.13082	0.81399	0.45473	0.19149	0.30654
0.13193	-0.34281	0.13082	0.81399	0.45473	0.19149	0.30654
0.13186	-0.34284	0.13041	0.81424	0.45454	0.19154	0.30614
0.13186	-0.34284	0.13041	0.81424	0.45454	0.19154	0.30614
0.1318	-0.34283	0.12994	0.8145	0.45435	0.19166	0.30567
0.1318	-0.34283	0.12994	0.8145	0.45435	0.19166	0.30567
0.1318	-0.34283	0.12994	0.8145	0.45435	0.19166	0.30567
0.13172	-0.34283	0.12949	0.81477	0.45413	0.19174	0.3052
0.13172	-0.34283	0.12949	0.81477	0.45413	0.19174	0.3052
0.13165	-0.34284	0.12908	0.81501	0.45395	0.19181	0.30479
0.13165	-0.34284	0.12908	0.81501	0.45395	0.19181	0.30479
0.13165	-0.34284	0.12908	0.81501	0.45395	0.19181	0.30479
0.13158	-0.34287	0.12864	0.81527	0.45375	0.19186	0.30435
0.13158	-0.34287	0.12864	0.81527	0.45375	0.19186	0.30435
0.13151	-0.34288	0.12821	0.81552	0.45355	0.19194	0.30392
0.13151	-0.34288	0.12821	0.81552	0.45355	0.19194	0.30392
0.13151	-0.34288	0.12821	0.81552	0.45355	0.19194	0.30392
0.13145	-0.34289	0.12779	0.81575	0.45338	0.19202	0.30352
0.13145	-0.34289	0.12779	0.81575	0.45338	0.19202	0.30352
0.13138	-0.34291	0.12743	0.81598	0.4532	0.19206	0.30314
0.13138	-0.34291	0.12743	0.81598	0.4532	0.19206	0.30314
0.13138	-0.34291	0.12743	0.81598	0.4532	0.19206	0.30314
0.13132	-0.34293	0.12706	0.81618	0.45305	0.19213	0.30279
0.13132	-0.34293	0.12706	0.81618	0.45305	0.19213	0.30279
0.13127	-0.34293	0.12666	0.8164	0.45288	0.19223	0.3024
0.13127	-0.34293	0.12666	0.8164	0.45288	0.19223	0.3024
0.13127	-0.34293	0.12666	0.8164	0.45288	0.19223	0.3024
0.13121	-0.34292	0.12629	0.81662	0.45271	0.19229	0.30201
0.13121	-0.34292	0.12629	0.81662	0.45271	0.19229	0.30201
0.13116	-0.34295	0.12595	0.81681	0.45256	0.19235	0.30169
0.13116	-0.34295	0.12595	0.81681	0.45256	0.19235	0.30169
0.13116	-0.34295	0.12595	0.81681	0.45256	0.19235	0.30169
0.13111	-0.34292	0.12558	0.81702	0.4524	0.19244	0.3013
0.13111	-0.34292	0.12558	0.81702	0.4524	0.19244	0.3013
0.13105	-0.3429	0.12519	0.81724	0.45223	0.19253	0.3009
0.13105	-0.3429	0.12519	0.81724	0.45223	0.19253	0.3009
0.13105	-0.3429	0.12519	0.81724	0.45223	0.19253	0.3009
0.131	-0.3429	0.12481	0.81745	0.45206	0.19262	0.30051
0.131	-0.3429	0.12481	0.81745	0.45206	0.19262	0.30051
0.13094	-0.34289	0.12445	0.81767	0.4519	0.19268	0.30014
0.13094	-0.34289	0.12445	0.81767	0.4519	0.19268	0.30014
0.13094	-0.34289	0.12445	0.81767	0.4519	0.19268	0.30014
0.13088	-0.34287	0.12406	0.8179	0.45172	0.19275	0.29973
0.13088	-0.34287	0.12406	0.8179	0.45172	0.19275	0.29973
0.13082	-0.34287	0.1237	0.81811	0.45155	0.19282	0.29936
0.13082	-0.34287	0.1237	0.81811	0.45155	0.19282	0.29936
0.13082	-0.34287	0.1237	0.81811	0.45155	0.19282	0.29936
0.13076	-0.34282	0.12331	0.81835	0.45137	0.19291	0.29893
0.13076	-0.34282	0.12331	0.81835	0.45137	0.19291	0.29893
0.13071	-0.34275	0.12293	0.81859	0.45118	0.19301	0.29849
0.13071	-0.34275	0.12293	0.81859	0.45118	0.19301	0.29849
0.13071	-0.34275	0.12293	0.81859	0.45118	0.19301	0.29849
0.13067	-0.34269	0.12261	0.81877	0.45103	0.19311	0.29813
0.13067	-0.34269	0.12261	0.81877	0.45103	0.19311	0.29813
0.13062	-0.34264	0.12226	0.81898	0.45087	0.19321	0.29775
0.13062	-0.34264	0.12226	0.81898	0.45087	0.19321	0.29775
0.13062	-0.34264	0.12226	0.81898	0.45087	0.19321	0.29775
0.13058	-0.34259	0.1219	0.81919	0.45071	0.19331	0.29736
0.13058	-0.34259	0.1219	0.81919	0.45071	0.19331	0.29736
0.13054	-0.34252	0.12159	0.81937	0.45057	0.19342	0.297
0.13054	-0.34252	0.12159	0.81937	0.45057	0.19342	0.297
0.13054	-0.34252	0.12159	0.81937	0.45057	0.19342	0.297
0.13051	-0.34245	0.12128	0.81954	0.45043	0.19355	0.29664
0.13051	-0.34245	0.12128	0.81954	0.45043	0.19355	0.29664
0.13048	-0.34235	0.12094	0.81975	0.45027	0.19367	0.29624
0.13048	-0.34235	0.12094	0.81975	0.45027	0.19367	0.29624
0.13048	-0.34235	0.12094	0.81975	0.45027	0.19367	0.29624
0.13044	-0.34226	0.12063	0.81994	0.45012	0.19378	0.29586
0.13044	-0.34226	0.12063	0.81994	0.45012	0.19378	0.29586
0.13042	-0.34219	0.12035	0.8201	0.45	0.1939	0.29554
0.13042	-0.34219	0.12035	0.8201	0.45	0.1939	0.29554
0.13042	-0.34219	0.12035	0.8201	0.45	0.1939	0.29554
0.13039	-0.34212	0.12009	0.82024	0.44989	0.19401	0.29525
0.13039	-0.34212	0.12009	0.82024	0.44989	0.19401	0.29525
0.13036	-0.34205	0.1198	0.82041	0.44975	0.19411	0.2949
0.13036	-0.34205	0.1198	0.82041	0.44975	0.19411	0.2949
0.13036	-0.34205	0.1198	0.82041	0.44975	0.19411	0.2949
0.13033	-0.34198	0.11953	0.82057	0.44962	0.19421	0.29458
0.13033	-0.34198	0.11953	0.82057	0.44962	0.19421	0.29458
0.1303	-0.34191	0.11926	0.82073	0.4495	0.1943	0.29427
0.1303	-0.34191	0.11926	0.82073	0.4495	0.1943	0.29427
0.1303	-0.34191	0.11926	0.82073	0.4495	0.1943	0.29427
0.13028	-0.34183	0.11899	0.82088	0.44939	0.19442	0.29396
0.13028	-0.34183	0.11899	0.82088	0.44939	0.19442	0.29396
0.13026	-0.34177	0.11877	0.82099	0.4493	0.19453	0.29371
0.13026	-0.34177	0.11877	0.82099	0.4493	0.19453	0.29371
0.13026	-0.34177	0.11877	0.82099	0.4493	0.19453	0.29371
0.13025	-0.3417	0.11851	0.82112	0.4492	0.19466	0.29342
0.13025	-0.3417	0.11851	0.82112	0.4492	0.19466	0.29342
0.13023	-0.34163	0.11825	0.82127	0.44908	0.19477	0.29311
0.13023	-0.34163	0.11825	0.82127	0.44908	0.19477	0.29311
0.13023	-0.34163	0.11825	0.82127	0.44908	0.19477	0.29311
0.1302	-0.34156	0.11798	0.82142	0.44896	0.19487	0.29281
0.1302	-0.34156	0.11798	0.82142	0.44896	0.19487	0.29281
0.13017	-0.3415	0.11774	0.82156	0.44884	0.19495	0.29252
0.13017	-0.3415	0.11774	0.82156	0.44884	0.19495	0.29252
0.13017	-0.3415	0.11774	0.82156	0.44884	0.19495	0.29252
0.13015	-0.34143	0.11745	0.82172	0.44872	0.19508	0.29219
0.13015	-0.34143	0.11745	0.82172	0.44872	0.19508	0.29219
0.13013	-0.34137	0.1172	0.82184	0.44863	0.19519	0.29192
0.13013	-0.34137	0.1172	0.82184	0.44863	0.19519	0.29192
0.13013	-0.34137	0.1172	0.82184	0.44863	0.19519	0.29192
0.13011	-0.34133	0.11697	0.82195	0.44853	0.19528	0.29168
0.13011	-0.34133	0.11697	0.82195	0.44853	0.19528	0.29168
0.13009	-0.34129	0.11675	0.82208	0.44844	0.19535	0.29144
0.13009	-0.34129	0.11675	0.82208	0.44844	0.19535	0.29144
0.13009	-0.34129	0.11675	0.82208	0.44844	0.19535	0.29144
0.13007	-0.34122	0.11649	0.82221	0.44833	0.19547	0.29114
0.13007	-0.34122	0.11649	0.82221	0.44833	0.19547	0.29114
0.13005	-0.34115	0.11624	0.82234	0.44823	0.19559	0.29086
0.13005	-0.34115	0.11624	0.82234	0.44823	0.19559	0.29086
0.13005	-0.34115	0.11624	0.82234	0.44823	0.19559	0.29086
0.13004	-0.34107	0.116	0.82246	0.44813	0.19572	0.29058
0.13004	-0.34107	0.116	0.82246	0.44813	0.19572	0.29058
0.13004	-0.34098	0.11578	0.82256	0.44805	0.19586	0.29032
0.13004	-0.34098	0.11578	0.82256	0.44805	0.19586	0.29032
0.13004	-0.34098	0.11578	0.82256	0.44805	0.19586	0.29032
0.13004	-0.34089	0.11552	0.82268	0.44796	0.19602	0.29002
0.13004	-0.34089	0.11552	0.82268	0.44796	0.19602	0.29002
0.13004	-0.34079	0.11527	0.82279	0.44787	0.19618	0.28973
0.13004	-0.34079	0.11527	0.82279	0.44787	0.19618	0.28973
0.13004	-0.34079	0.11527	0.82279	0.44787	0.19618	0.28973
0.13004	-0.3407	0.11506	0.82288	0.44779	0.19633	0.28948
0.13004	-0.3407	0.11506	0.82288	0.44779	0.19633	0.28948
0.13004	-0.34061	0.11481	0.823	0.4477	0.19648	0.2892
0.13004	-0.34061	0.11481	0.823	0.4477	0.19648	0.2892
0.13004	-0.34061	0.11481	0.823	0.4477	0.19648	0.2892
0.13004	-0.34052	0.11457	0.8231	0.44762	0.19663	0.28893
0.13004	-0.34052	0.11457	0.8231	0.44762	0.19663	0.28893
0.13003	-0.34043	0.11432	0.82321	0.44753	0.19679	0.28865
0.13003	-0.34043	0.11432	0.82321	0.44753	0.19679	0.28865
0.13003	-0.34043	0.11432	0.82321	0.44753	0.19679	0.28865
0.13003	-0.34035	0.11409	0.82332	0.44744	0.19692	0.28838
0.13003	-0.34035	0.11409	0.82332	0.44744	0.19692	0.28838
0.13002	-0.34028	0.11386	0.82343	0.44735	0.19704	0.28812
0.13002	-0.34028	0.11386	0.82343	0.44735	0.19704	0.28812
0.13002	-0.34028	0.11386	0.82343	0.44735	0.19704	0.28812
0.13	-0.34022	0.11364	0.82354	0.44726	0.19715	0.28787
0.13	-0.34022	0.11364	0.82354	0.44726	0.19715	0.28787
0.12999	-0.34014	0.11341	0.82366	0.44716	0.19727	0.2876
0.12999	-0.34014	0.11341	0.82366	0.44716	0.19727	0.2876
0.12999	-0.34014	0.11341	0.82366	0.44716	0.19727	0.2876
0.12998	-0.34005	0.11318	0.82377	0.44707	0.1974	0.28733
0.12998	-0.34005	0.11318	0.82377	0.44707	0.1974	0.28733
0.12998	-0.33996	0.11294	0.82388	0.44698	0.19755	0.28704
0.12998	-0.33986	0.1127	0.824	0.44689	0.1977	0.28676
0.12998	-0.33986	0.1127	0.824	0.44689	0.1977	0.28676
0.12998	-0.33974	0.11244	0.82411	0.4468	0.19788	0.28645
0.12998	-0.33974	0.11244	0.82411	0.4468	0.19788	0.28645
0.12998	-0.33974	0.11244	0.82411	0.4468	0.19788	0.28645
0.12999	-0.33963	0.11222	0.82421	0.44672	0.19804	0.28619
0.12999	-0.33963	0.11222	0.82421	0.44672	0.19804	0.28619
0.12999	-0.33952	0.11198	0.82431	0.44663	0.19821	0.2859
0.12999	-0.33952	0.11198	0.82431	0.44663	0.19821	0.2859
0.12999	-0.33952	0.11198	0.82431	0.44663	0.19821	0.2859
0.13	-0.3394	0.11174	0.82442	0.44655	0.1984	0.2856
0.13	-0.3394	0.11174	0.82442	0.44655	0.1984	0.2856
0.13001	-0.33927	0.11148	0.82453	0.44646	0.19859	0.28529
0.13001	-0.33927	0.11148	0.82453	0.44646	0.19859	0.28529
0.13001	-0.33927	0.11148	0.82453	0.44646	0.19859	0.28529
0.13001	-0.33915	0.11121	0.82464	0.44636	0.19879	0.28498
0.13001	-0.33915	0.11121	0.82464	0.44636	0.19879	0.28498
0.13002	-0.33902	0.11095	0.82475	0.44627	0.19899	0.28467
0.13002	-0.33902	0.11095	0.82475	0.44627	0.19899	0.28467
0.13002	-0.33902	0.11095	0.82475	0.44627	0.19899	0.28467
0.13003	-0.3389	0.11068	0.82486	0.44618	0.19919	0.28435
0.13003	-0.3389	0.11068	0.82486	0.44618	0.19919	0.28435
0.13004	-0.33879	0.11044	0.82495	0.4461	0.19937	0.28407
0.13004	-0.33879	0.11044	0.82495	0.4461	0.19937	0.28407
0.13004	-0.33879	0.11044	0.82495	0.4461	0.19937	0.28407
0.13005	-0.33869	0.11021	0.82504	0.44603	0.19954	0.28381
0.13005	-0.33869	0.11021	0.82504	0.44603	0.19954	0.28381
0.13005	-0.33861	0.11001	0.82512	0.44596	0.19969	0.28358
0.13005	-0.33861	0.11001	0.82512	0.44596	0.19969	0.28358
0.13005	-0.33861	0.11001	0.82512	0.44596	0.19969	0.28358
0.13006	-0.33852	0.1098	0.8252	0.44589	0.19985	0.28334
0.13006	-0.33852	0.1098	0.8252	0.44589	0.19985	0.28334
0.13007	-0.33845	0.1096	0.82527	0.44583	0.19999	0.28313
0.13007	-0.33845	0.1096	0.82527	0.44583	0.19999	0.28313
0.13007	-0.33845	0.1096	0.82527	0.44583	0.19999	0.28313
0.13007	-0.33839	0.10941	0.82534	0.44577	0.20012	0.28292
0.13007	-0.33839	0.10941	0.82534	0.44577	0.20012	0.28292
0.13007	-0.33838	0.10925	0.82539	0.44574	0.20021	0.28279
0.13007	-0.33838	0.10925	0.82539	0.44574	0.20021	0.28279
0.13007	-0.33838	0.10925	0.82539	0.44574	0.20021	0.28279
0.13007	-0.33841	0.1091	0.82542	0.44571	0.20027	0.28269
0.13007	-0.33841	0.1091	0.82542	0.44571	0.20027	0.28269
0.13007	-0.33847	0.10895	0.82544	0.44569	0.20032	0.28263
0.13007	-0.33847	0.10895	0.82544	0.44569	0.20032	0.28263
0.13007	-0.33847	0.10895	0.82544	0.44569	0.20032	0.28263
0.13006	-0.33854	0.10885	0.82545	0.44568	0.20033	0.2826
0.13006	-0.33854	0.10885	0.82545	0.44568	0.20033	0.2826
0.13005	-0.33865	0.10872	0.82545	0.44568	0.20035	0.28259
0.13005	-0.33865	0.10872	0.82545	0.44568	0.20035	0.28259
0.13005	-0.33865	0.10872	0.82545	0.44568	0.20035	0.28259
0.13004	-0.3388	0.10862	0.82544	0.44569	0.20032	0.28263
0.13004	-0.3388	0.10862	0.82544	0.44569	0.20032	0.28263
0.13003	-0.33892	0.10849	0.82544	0.44569	0.20033	0.28263
0.13003	-0.33892	0.10849	0.82544	0.44569	0.20033	0.28263
0.13003	-0.33892	0.10849	0.82544	0.44569	0.20033	0.28263
0.13002	-0.33911	0.10841	0.82541	0.44572	0.20027	0.28272
0.13002	-0.33911	0.10841	0.82541	0.44572	0.20027	0.28272
0.13	-0.33931	0.10831	0.82538	0.44574	0.20022	0.28281
0.13	-0.33931	0.10831	0.82538	0.44574	0.20022	0.28281
0.13	-0.33931	0.10831	0.82538	0.44574	0.20022	0.28281
0.12999	-0.33949	0.10825	0.82534	0.44577	0.20016	0.2829
0.12999	-0.33949	0.10825	0.82534	0.44577	0.20016	0.2829
0.12997	-0.33966	0.10817	0.82532	0.44579	0.20011	0.28297
0.12997	-0.33966	0.10817	0.82532	0.44579	0.20011	0.28297
0.12997	-0.33966	0.10817	0.82532	0.44579	0.20011	0.28297
0.12996	-0.33983	0.10807	0.82529	0.44581	0.20007	0.28304
0.12996	-0.33983	0.10807	0.82529	0.44581	0.20007	0.28304
0.12995	-0.34	0.108	0.82527	0.44584	0.20002	0.28312
0.12995	-0.34	0.108	0.82527	0.44584	0.20002	0.28312
0.12995	-0.34	0.108	0.82527	0.44584	0.20002	0.28312
0.12993	-0.34014	0.10792	0.82525	0.44585	0.19999	0.28317
0.12993	-0.34014	0.10792	0.82525	0.44585	0.19999	0.28317
0.12992	-0.34031	0.10785	0.82522	0.44587	0.19994	0.28325
0.12992	-0.34031	0.10785	0.82522	0.44587	0.19994	0.28325
0.12992	-0.34031	0.10785	0.82522	0.44587	0.19994	0.28325
0.12991	-0.34047	0.10781	0.82519	0.4459	0.19988	0.28334
0.12991	-0.34047	0.10781	0.82519	0.4459	0.19988	0.28334
0.1299	-0.34063	0.10776	0.82515	0.44593	0.19982	0.28344
0.1299	-0.34063	0.10776	0.82515	0.44593	0.19982	0.28344
0.1299	-0.34063	0.10776	0.82515	0.44593	0.19982	0.28344
0.12989	-0.34077	0.10771	0.82513	0.44595	0.19978	0.28351
0.12989	-0.34077	0.10771	0.82513	0.44595	0.19978	0.28351
0.12988	-0.34089	0.10768	0.8251	0.44597	0.19973	0.28358
0.12988	-0.34089	0.10768	0.8251	0.44597	0.19973	0.28358
0.12988	-0.34089	0.10768	0.8251	0.44597	0.19973	0.28358
0.12987	-0.34104	0.10765	0.82507	0.44601	0.19967	0.28369
0.12987	-0.34104	0.10765	0.82507	0.44601	0.19967	0.28369
0.12986	-0.34116	0.10763	0.82503	0.44603	0.19962	0.28377
0.12986	-0.34116	0.10763	0.82503	0.44603	0.19962	0.28377
0.12986	-0.34116	0.10763	0.82503	0.44603	0.19962	0.28377
0.12985	-0.34128	0.10761	0.82501	0.44605	0.19957	0.28386
0.12985	-0.34128	0.10761	0.82501	0.44605	0.19957	0.28386
0.12984	-0.3414	0.10759	0.82498	0.44608	0.19952	0.28393
0.12984	-0.3414	0.10759	0.82498	0.44608	0.19952	0.28393
0.12984	-0.3414	0.10759	0.82498	0.44608	0.19952	0.28393
0.12983	-0.34151	0.10756	0.82495	0.4461	0.19948	0.284
0.12983	-0.34151	0.10756	0.82495	0.4461	0.19948	0.284
0.12982	-0.34159	0.10752	0.82494	0.44611	0.19946	0.28403
0.12982	-0.34159	0.10752	0.82494	0.44611	0.19946	0.28403
0.12982	-0.34159	0.10752	0.82494	0.44611	0.19946	0.28403
0.12982	-0.34168	0.10749	0.82493	0.44612	0.19943	0.28408
0.12982	-0.34168	0.10749	0.82493	0.44612	0.19943	0.28408
0.12981	-0.34177	0.10747	0.8249	0.44614	0.19939	0.28414
0.12981	-0.34177	0.10747	0.8249	0.44614	0.19939	0.28414
0.12981	-0.34177	0.10747	0.8249	0.44614	0.19939	0.28414
0.1298	-0.34186	0.10745	0.82488	0.44615	0.19936	0.2842
0.1298	-0.34186	0.10745	0.82488	0.44615	0.19936	0.2842
0.1298	-0.34192	0.10744	0.82487	0.44617	0.19933	0.28423
0.1298	-0.34192	0.10744	0.82487	0.44617	0.19933	0.28423
0.1298	-0.34192	0.10744	0.82487	0.44617	0.19933	0.28423
0.1298	-0.34196	0.10743	0.82486	0.44617	0.19931	0.28426
0.1298	-0.34196	0.10743	0.82486	0.44617	0.19931	0.28426
0.12979	-0.34203	0.10742	0.82484	0.44619	0.19929	0.28431
0.12979	-0.34203	0.10742	0.82484	0.44619	0.19929	0.28431
0.12979	-0.34203	0.10742	0.82484	0.44619	0.19929	0.28431
0.12979	-0.34211	0.10741	0.82482	0.44621	0.19925	0.28437
0.12979	-0.34211	0.10741	0.82482	0.44621	0.19925	0.28437
0.12978	-0.34218	0.10739	0.82481	0.44622	0.19923	0.28441
0.12978	-0.34218	0.10739	0.82481	0.44622	0.19923	0.28441
0.12978	-0.34218	0.10739	0.82481	0.44622	0.19923	0.28441
0.12978	-0.34224	0.10737	0.82479	0.44623	0.19921	0.28445
0.12978	-0.34224	0.10737	0.82479	0.44623	0.19921	0.28445
0.12978	-0.34229	0.10735	0.82478	0.44624	0.1992	0.28447
0.12978	-0.34229	0.10735	0.82478	0.44624	0.1992	0.28447
0.12978	-0.34229	0.10735	0.82478	0.44624	0.1992	0.28447
0.12977	-0.34235	0.10733	0.82477	0.44625	0.19918	0.28451
0.12977	-0.34235	0.10733	0.82477	0.44625	0.19918	0.28451
0.12977	-0.34243	0.10732	0.82475	0.44627	0.19915	0.28456
0.12977	-0.34243	0.10732	0.82475	0.44627	0.19915	0.28456
0.12977	-0.34243	0.10732	0.82475	0.44627	0.19915	0.28456
0.12976	-0.34254	0.10732	0.82471	0.4463	0.1991	0.28465
0.12976	-0.34254	0.10732	0.82471	0.4463	0.1991	0.28465
0.12976	-0.34263	0.10732	0.82469	0.44632	0.19905	0.28473
0.12976	-0.34263	0.10732	0.82469	0.44632	0.19905	0.28473
0.12976	-0.34263	0.10732	0.82469	0.44632	0.19905	0.28473
0.12975	-0.34272	0.10732	0.82466	0.44634	0.19901	0.2848
0.12975	-0.34272	0.10732	0.82466	0.44634	0.19901	0.2848
0.12974	-0.34279	0.10733	0.82464	0.44636	0.19897	0.28487
0.12974	-0.34279	0.10733	0.82464	0.44636	0.19897	0.28487
0.12974	-0.34279	0.10733	0.82464	0.44636	0.19897	0.28487
0.12974	-0.34288	0.10733	0.82461	0.44638	0.19892	0.28494
0.12974	-0.34288	0.10733	0.82461	0.44638	0.19892	0.28494
0.12973	-0.34296	0.10733	0.82459	0.4464	0.19888	0.285
0.12973	-0.34296	0.10733	0.82459	0.4464	0.19888	0.285
0.12973	-0.34296	0.10733	0.82459	0.4464	0.19888	0.285
0.12973	-0.34301	0.10733	0.82457	0.44641	0.19886	0.28505
0.12973	-0.34301	0.10733	0.82457	0.44641	0.19886	0.28505
0.12972	-0.34305	0.10733	0.82456	0.44642	0.19883	0.28508
0.12972	-0.34305	0.10733	0.82456	0.44642	0.19883	0.28508
0.12972	-0.34305	0.10733	0.82456	0.44642	0.19883	0.28508
0.12972	-0.3431	0.10733	0.82455	0.44643	0.19881	0.28512
0.12972	-0.3431	0.10733	0.82455	0.44643	0.19881	0.28512
0.12972	-0.34314	0.10733	0.82454	0.44644	0.1988	0.28515
0.12972	-0.34314	0.10733	0.82454	0.44644	0.1988	0.28515
0.12972	-0.34314	0.10733	0.82454	0.44644	0.1988	0.28515
0.12972	-0.34317	0.10733	0.82453	0.44645	0.19878	0.28518
0.12972	-0.34317	0.10733	0.82453	0.44645	0.19878	0.28518
0.12971	-0.34321	0.10733	0.82452	0.44646	0.19876	0.28521
0.12971	-0.34321	0.10733	0.82452	0.44646	0.19876	0.28521
0.12971	-0.34321	0.10733	0.82452	0.44646	0.19876	0.28521
0.12971	-0.34325	0.10733	0.8245	0.44647	0.19874	0.28524
0.12971	-0.34325	0.10733	0.8245	0.44647	0.19874	0.28524
0.12971	-0.3433	0.10733	0.82449	0.44648	0.19871	0.28528
0.12971	-0.3433	0.10733	0.82449	0.44648	0.19871	0.28528
0.12971	-0.3433	0.10733	0.82449	0.44648	0.19871	0.28528
0.1297	-0.34335	0.10733	0.82447	0.44649	0.19869	0.28532
0.1297	-0.34335	0.10733	0.82447	0.44649	0.19869	0.28532
0.1297	-0.3434	0.10733	0.82446	0.4465	0.19867	0.28536
0.1297	-0.3434	0.10733	0.82446	0.4465	0.19867	0.28536
0.1297	-0.3434	0.10733	0.82446	0.4465	0.19867	0.28536
0.1297	-0.34344	0.10733	0.82445	0.44651	0.19865	0.2854
0.1297	-0.34344	0.10733	0.82445	0.44651	0.19865	0.2854
0.1297	-0.34347	0.10733	0.82444	0.44652	0.19863	0.28542
0.1297	-0.34347	0.10733	0.82444	0.44652	0.19863	0.28542
0.1297	-0.34347	0.10733	0.82444	0.44652	0.19863	0.28542
0.12969	-0.34349	0.10732	0.82444	0.44652	0.19863	0.28543
0.12969	-0.34349	0.10732	0.82444	0.44652	0.19863	0.28543
0.12969	-0.34351	0.10732	0.82443	0.44653	0.19862	0.28544
0.12969	-0.34351	0.10732	0.82443	0.44653	0.19862	0.28544
0.12969	-0.34351	0.10732	0.82443	0.44653	0.19862	0.28544
0.12969	-0.34352	0.10731	0.82443	0.44653	0.19862	0.28545
0.12969	-0.34352	0.10731	0.82443	0.44653	0.19862	0.28545
0.12969	-0.34353	0.1073	0.82443	0.44653	0.19862	0.28545
0.12969	-0.34353	0.1073	0.82443	0.44653	0.19862	0.28545
0.12969	-0.34353	0.1073	0.82443	0.44653	0.19862	0.28545
0.12969	-0.34355	0.10729	0.82443	0.44653	0.19861	0.28545
0.12969	-0.34355	0.10729	0.82443	0.44653	0.19861	0.28545
0.12969	-0.34356	0.10728	0.82442	0.44653	0.19861	0.28546
0.12969	-0.34356	0.10728	0.82442	0.44653	0.19861	0.28546
0.12969	-0.34356	0.10728	0.82442	0.44653	0.19861	0.28546
0.12969	-0.34357	0.10727	0.82442	0.44653	0.19861	0.28546
0.12969	-0.34357	0.10727	0.82442	0.44653	0.19861	0.28546
0.12969	-0.34358	0.10726	0.82442	0.44654	0.19861	0.28546
0.12969	-0.34358	0.10726	0.82442	0.44654	0.19861	0.28546
0.12969	-0.34358	0.10726	0.82442	0.44654	0.19861	0.28546
0.12969	-0.3436	0.10726	0.82442	0.44654	0.19861	0.28547
0.12969	-0.3436	0.10726	0.82442	0.44654	0.19861	0.28547
0.12969	-0.34361	0.10724	0.82442	0.44654	0.19861	0.28547
0.12969	-0.34361	0.10724	0.82442	0.44654	0.19861	0.28547
0.12969	-0.34361	0.10724	0.82442	0.44654	0.19861	0.28547
0.12968	-0.34363	0.10723	0.82441	0.44654	0.19861	0.28548
0.12968	-0.34363	0.10723	0.82441	0.44654	0.19861	0.28548
0.12968	-0.34365	0.10723	0.82441	0.44654	0.1986	0.28549
0.12968	-0.34365	0.10723	0.82441	0.44654	0.1986	0.28549
0.12968	-0.34365	0.10723	0.82441	0.44654	0.1986	0.28549
0.12968	-0.34367	0.10722	0.82441	0.44655	0.19859	0.2855
0.12968	-0.34367	0.10722	0.82441	0.44655	0.19859	0.2855
0.12968	-0.34369	0.10721	0.8244	0.44655	0.19858	0.28552
0.12968	-0.34369	0.10721	0.8244	0.44655	0.19858	0.28552
0.12968	-0.34369	0.10721	0.8244	0.44655	0.19858	0.28552
0.12968	-0.34371	0.10721	0.8244	0.44656	0.19858	0.28553
0.12968	-0.34371	0.10721	0.8244	0.44656	0.19858	0.28553
0.12968	-0.34373	0.10721	0.82439	0.44656	0.19857	0.28554
0.12968	-0.34373	0.10721	0.82439	0.44656	0.19857	0.28554
0.12968	-0.34373	0.10721	0.82439	0.44656	0.19857	0.28554
0.12968	-0.34374	0.10721	0.82439	0.44656	0.19857	0.28555
0.12968	-0.34374	0.10721	0.82439	0.44656	0.19857	0.28555
0.12968	-0.34375	0.10721	0.82439	0.44656	0.19856	0.28555
0.12968	-0.34375	0.10721	0.82439	0.44656	0.19856	0.28555
0.12968	-0.34375	0.10721	0.82439	0.44656	0.19856	0.28555
0.12968	-0.34375	0.10721	0.82438	0.44657	0.19856	0.28556
0.12968	-0.34375	0.10721	0.82438	0.44657	0.19856	0.28556
0.12968	-0.34376	0.10721	0.82438	0.44657	0.19856	0.28556
0.12968	-0.34376	0.10721	0.82438	0.44657	0.19856	0.28556
0.12968	-0.34376	0.10721	0.82438	0.44657	0.19856	0.28556
0.12968	-0.34376	0.1072	0.82438	0.44657	0.19856	0.28557
0.12968	-0.34376	0.1072	0.82438	0.44657	0.19856	0.28557
0.12968	-0.34377	0.1072	0.82438	0.44657	0.19855	0.28557
0.12968	-0.34377	0.1072	0.82438	0.44657	0.19855	0.28557
0.12968	-0.34377	0.1072	0.82438	0.44657	0.19855	0.28557
0.12968	-0.34377	0.1072	0.82438	0.44657	0.19855	0.28557
0.12968	-0.34377	0.1072	0.82438	0.44657	0.19855	0.28557
0.12968	-0.34378	0.1072	0.82438	0.44657	0.19855	0.28557
0.12968	-0.34378	0.1072	0.82438	0.44657	0.19855	0.28557
0.12968	-0.34378	0.1072	0.82438	0.44657	0.19855	0.28557
0.12968	-0.34378	0.1072	0.82438	0.44657	0.19855	0.28558
0.12968	-0.34378	0.1072	0.82438	0.44657	0.19855	0.28558
0.12968	-0.34378	0.1072	0.82438	0.44657	0.19855	0.28558
0.12968	-0.34378	0.1072	0.82438	0.44657	0.19855	0.28558
0.12968	-0.34378	0.1072	0.82438	0.44657	0.19855	0.28558
0.12968	-0.34379	0.1072	0.82437	0.44657	0.19855	0.28558
0.12968	-0.34379	0.1072	0.82437	0.44657	0.19855	0.28558
0.12968	-0.34379	0.1072	0.82437	0.44657	0.19855	0.28558
0.12968	-0.34379	0.1072	0.82437	0.44657	0.19855	0.28558
0.12968	-0.34379	0.1072	0.82437	0.44657	0.19855	0.28558
0.12968	-0.34379	0.1072	0.82437	0.44657	0.19855	0.28558
0.12968	-0.34379	0.1072	0.82437	0.44657	0.19855	0.28558
0.12968	-0.34379	0.1072	0.82437	0.44658	0.19855	0.28559
0.12968	-0.34379	0.1072	0.82437	0.44658	0.19855	0.28559
0.12968	-0.34379	0.1072	0.82437	0.44658	0.19855	0.28559
0.12968	-0.34379	0.1072	0.82437	0.44658	0.19855	0.28559
0.12968	-0.34379	0.1072	0.82437	0.44658	0.19855	0.28559
0.12968	-0.34379	0.1072	0.82437	0.44658	0.19855	0.28559
0.12968	-0.34379	0.1072	0.82437	0.44658	0.19855	0.28559
0.12968	-0.34379	0.1072	0.82437	0.44658	0.19855	0.28559
0.12968	-0.34379	0.1072	0.82437	0.44658	0.19855	0.28559
0.12968	-0.34379	0.1072	0.82437	0.44658	0.19855	0.28559
0.12968	-0.3438	0.1072	0.82437	0.44658	0.19854	0.28559
0.12968	-0.3438	0.1072	0.82437	0.44658	0.19854	0.28559
0.12968	-0.3438	0.1072	0.82437	0.44658	0.19854	0.28559
0.12968	-0.3438	0.1072	0.82437	0.44658	0.19855	0.28559
0.12968	-0.3438	0.1072	0.82437	0.44658	0.19855	0.28559
0.12968	-0.3438	0.1072	0.82437	0.44658	0.19854	0.28559
0.12968	-0.3438	0.1072	0.82437	0.44658	0.19854	0.28559
0.12968	-0.3438	0.1072	0.82437	0.44658	0.19854	0.28559
0.12968	-0.3438	0.1072	0.82437	0.44658	0.19854	0.28559
0.12968	-0.3438	0.1072	0.82437	0.44658	0.19854	0.28559
0.12968	-0.3438	0.1072	0.82437	0.44658	0.19854	0.28559
0.12968	-0.3438	0.1072	0.82437	0.44658	0.19854	0.28559
0.12968	-0.3438	0.1072	0.82437	0.44658	0.19854	0.28559
0.12968	-0.3438	0.1072	0.82437	0.44658	0.19855	0.28559
0.12968	-0.3438	0.1072	0.82437	0.44658	0.19855	0.28559
0.12968	-0.3438	0.1072	0.82437	0.44658	0.19854	0.2856
0.12968	-0.3438	0.1072	0.82437	0.44658	0.19854	0.2856
0.12968	-0.3438	0.1072	0.82437	0.44658	0.19854	0.2856
0.12968	-0.3438	0.1072	0.82437	0.44658	0.19854	0.2856
0.12968	-0.3438	0.1072	0.82437	0.44658	0.19854	0.2856
0.12968	-0.3438	0.1072	0.82437	0.44658	0.19854	0.2856
0.12968	-0.3438	0.1072	0.82437	0.44658	0.19854	0.2856
0.12968	-0.3438	0.1072	0.82437	0.44658	0.19854	0.2856
0.12968	-0.3438	0.1072	0.82437	0.44658	0.19854	0.2856
0.12968	-0.3438	0.1072	0.82437	0.44658	0.19854	0.2856
0.12968	-0.34381	0.1072	0.82437	0.44658	0.19854	0.2856
0.12968	-0.34381	0.1072	0.82437	0.44658	0.19854	0.2856
0.12968	-0.34381	0.1072	0.82437	0.44658	0.19854	0.2856
0.12968	-0.34381	0.1072	0.82437	0.44658	0.19854	0.2856
0.12968	-0.34381	0.1072	0.82437	0.44658	0.19854	0.2856
0.12968	-0.34381	0.1072	0.82437	0.44658	0.19854	0.2856
0.12968	-0.34381	0.1072	0.82437	0.44658	0.19854	0.2856
0.12968	-0.34381	0.1072	0.82437	0.44658	0.19854	0.2856
0.12968	-0.34381	0.1072	0.82437	0.44658	0.19854	0.2856
0.12968	-0.34381	0.1072	0.82437	0.44658	0.19854	0.2856
0.12968	-0.34381	0.1072	0.82437	0.44658	0.19854	0.2856
0.12968	-0.34381	0.1072	0.82437	0.44658	0.19854	0.2856
0.12968	-0.34381	0.1072	0.82437	0.44658	0.19854	0.2856
0.12968	-0.34381	0.1072	0.82437	0.44658	0.19854	0.2856
0.12968	-0.34381	0.1072	0.82437	0.44658	0.19854	0.2856
0.12968	-0.34381	0.1072	0.82437	0.44658	0.19854	0.2856
0.12968	-0.34381	0.1072	0.82437	0.44658	0.19854	0.2856
0.12968	-0.34381	0.1072	0.82437	0.44658	0.19854	0.2856
0.12968	-0.34381	0.1072	0.82437	0.44658	0.19854	0.2856
0.12968	-0.34381	0.1072	0.82437	0.44658	0.19854	0.2856
0.12968	-0.34381	0.1072	0.82437	0.44658	0.19854	0.2856
0.12968	-0.34381	0.1072	0.82437	0.44658	0.19854	0.2856
0.12968	-0.34381	0.1072	0.82437	0.44658	0.19854	0.2856
0.12968	-0.34381	0.1072	0.82436	0.44658	0.19854	0.28561
0.12968	-0.34381	0.1072	0.82436	0.44658	0.19854	0.28561
0.12968	-0.34381	0.1072	0.82436	0.44658	0.19854	0.28561
0.12968	-0.34381	0.1072	0.82436	0.44658	0.19854	0.28561
0.12968	-0.34381	0.1072	0.82436	0.44658	0.19854	0.28561
0.12968	-0.34381	0.1072	0.82436	0.44658	0.19854	0.28561
0.12968	-0.34381	0.1072	0.82436	0.44658	0.19854	0.28561
0.12968	-0.34381	0.1072	0.82436	0.44658	0.19854	0.28561
0.12968	-0.34381	0.1072	0.82436	0.44658	0.19854	0.28561
0.12968	-0.34381	0.1072	0.82436	0.44658	0.19854	0.28561
0.12968	-0.34382	0.1072	0.82436	0.44658	0.19854	0.28561
0.12968	-0.34382	0.1072	0.82436	0.44658	0.19854	0.28561
0.12968	-0.34382	0.1072	0.82436	0.44658	0.19854	0.28561
0.12968	-0.34382	0.1072	0.82436	0.44658	0.19854	0.28561
0.12968	-0.34382	0.1072	0.82436	0.44658	0.19854	0.28561
0.12968	-0.34382	0.1072	0.82436	0.44658	0.19854	0.28561
0.12968	-0.34382	0.1072	0.82436	0.44658	0.19854	0.28561
0.12968	-0.34382	0.1072	0.82436	0.44658	0.19854	0.28561
0.12968	-0.34382	0.1072	0.82436	0.44658	0.19854	0.28561
0.12968	-0.34382	0.1072	0.82436	0.44658	0.19854	0.28561
0.12968	-0.34382	0.1072	0.82436	0.44658	0.19854	0.28561
0.12968	-0.34382	0.1072	0.82436	0.44658	0.19854	0.28561
0.12968	-0.34382	0.1072	0.82436	0.44658	0.19854	0.28561
0.12968	-0.34382	0.1072	0.82436	0.44658	0.19854	0.28561
0.12968	-0.34382	0.1072	0.82436	0.44658	0.19854	0.28561
0.12968	-0.34382	0.1072	0.82436	0.44658	0.19854	0.28561
0.12968	-0.34382	0.1072	0.82436	0.44658	0.19854	0.28561
0.12968	-0.34382	0.1072	0.82436	0.44658	0.19854	0.28561
0.12968	-0.34382	0.1072	0.82436	0.44658	0.19854	0.28561
0.12968	-0.34382	0.1072	0.82436	0.44658	0.19854	0.28561
0.12968	-0.34382	0.1072	0.82436	0.44658	0.19854	0.28561
0.12968	-0.34382	0.1072	0.82436	0.44658	0.19854	0.28561
0.12968	-0.34382	0.1072	0.82436	0.44658	0.19854	0.28561
0.12968	-0.34382	0.1072	0.82436	0.44658	0.19854	0.28561
0.12968	-0.34382	0.1072	0.82436	0.44658	0.19854	0.28561
0.12968	-0.34382	0.1072	0.82436	0.44658	0.19854	0.28561
0.12968	-0.34382	0.1072	0.82436	0.44658	0.19854	0.28561
0.12968	-0.34382	0.1072	0.82436	0.44658	0.19854	0.28561
0.12968	-0.34382	0.1072	0.82436	0.44658	0.19854	0.28561
0.12968	-0.34382	0.1072	0.82436	0.44658	0.19854	0.28561
0.12968	-0.34382	0.1072	0.82436	0.44658	0.19854	0.28561
0.12968	-0.34382	0.1072	0.82436	0.44658	0.19854	0.28561
0.12968	-0.34382	0.1072	0.82436	0.44658	0.19854	0.28561
0.12968	-0.34382	0.1072	0.82436	0.44658	0.19854	0.28561
0.12968	-0.34382	0.1072	0.82436	0.44658	0.19854	0.28561
0.12968	-0.34382	0.1072	0.82436	0.44658	0.19854	0.28561
0.12968	-0.34382	0.1072	0.82436	0.44658	0.19854	0.28561
0.12968	-0.34382	0.1072	0.82436	0.44658	0.19854	0.28561
0.12968	-0.34382	0.1072	0.82436	0.44658	0.19854	0.28561
0.12968	-0.34382	0.1072	0.82436	0.44658	0.19854	0.28561
0.12968	-0.34382	0.1072	0.82436	0.44658	0.19854	0.28561
0.12968	-0.34382	0.1072	0.82436	0.44658	0.19854	0.28561
0.12968	-0.34382	0.1072	0.82436	0.44658	0.19854	0.28561
0.12968	-0.34382	0.1072	0.82436	0.44658	0.19854	0.28561
0.12968	-0.34382	0.1072	0.82436	0.44658	0.19854	0.28561
0.12968	-0.34382	0.1072	0.82436	0.44658	0.19854	0.28561
0.12968	-0.34382	0.1072	0.82436	0.44658	0.19854	0.28561
0.12968	-0.34382	0.1072	0.82436	0.44658	0.19854	0.28561
0.12968	-0.34382	0.1072	0.82436	0.44658	0.19854	0.28561
0.12968	-0.34382	0.1072	0.82436	0.44658	0.19854	0.28561
0.12968	-0.34382	0.1072	0.82436	0.44658	0.19854	0.28561
0.12968	-0.34382	0.1072	0.82436	0.44658	0.19854	0.28561
0.12968	-0.34382	0.1072	0.82436	0.44658	0.19854	0.28561
0.12968	-0.34382	0.1072	0.82436	0.44658	0.19854	0.28561
0.12968	-0.34382	0.1072	0.82436	0.44658	0.19854	0.28561
0.12968	-0.34382	0.1072	0.82436	0.44658	0.19854	0.28561
0.12968	-0.34382	0.1072	0.82436	0.44658	0.19854	0.28561
0.12968	-0.34382	0.1072	0.82436	0.44658	0.19854	0.28561
0.12968	-0.34382	0.1072	0.82436	0.44658	0.19854	0.28561
0.12968	-0.34382	0.1072	0.82436	0.44658	0.19854	0.28561
0.12968	-0.34382	0.1072	0.82436	0.44658	0.19854	0.28561
0.12968	-0.34382	0.1072	0.82436	0.44658	0.19854	0.28561
0.12968	-0.34382	0.1072	0.82436	0.44658	0.19854	0.28561
0.12968	-0.34382	0.1072	0.82436	0.44658	0.19854	0.28561
0.12968	-0.34382	0.1072	0.82436	0.44658	0.19854	0.28561
0.12968	-0.34382	0.1072	0.82436	0.44658	0.19854	0.28561
0.12968	-0.34382	0.1072	0.82436	0.44658	0.19854	0.28561
0.12968	-0.34382	0.1072	0.82436	0.44658	0.19854	0.28561
0.12968	-0.34382	0.1072	0.82436	0.44658	0.19854	0.28561
0.12968	-0.34382	0.1072	0.82436	0.44658	0.19854	0.28561
0.12968	-0.34382	0.1072	0.82436	0.44658	0.19854	0.28561
0.12968	-0.34382	0.1072	0.82436	0.44658	0.19854	0.28561
0.12968	-0.34382	0.1072	0.82436	0.44658	0.19854	0.28561
0.12968	-0.34382	0.1072	0.82436	0.44658	0.19854	0.28561
0.12968	-0.34382	0.1072	0.82436	0.44658	0.19854	0.28561
0.12968	-0.34382	0.1072	0.82436	0.44658	0.19854	0.28561
0.12968	-0.34382	0.1072	0.82436	0.44658	0.19854	0.28561
0.12968	-0.34382	0.1072	0.82436	0.44658	0.19854	0.28561
0.12968	-0.34382	0.1072	0.82436	0.44658	0.19854	0.28561
0.12968	-0.34382	0.1072	0.82436	0.44658	0.19854	0.28561
0.12968	-0.34382	0.1072	0.82436	0.44658	0.19854	0.28561
0.12968	-0.34382	0.1072	0.82436	0.44658	0.19854	0.28561
0.12968	-0.34382	0.1072	0.82436	0.44659	0.19854	0.28562
0.12968	-0.34382	0.1072	0.82436	0.44659	0.19854	0.28562
0.12968	-0.34382	0.1072	0.82436	0.44659	0.19854	0.28562
0.12968	-0.34382	0.1072	0.82436	0.44659	0.19854	0.28562
0.12968	-0.34382	0.1072	0.82436	0.44659	0.19854	0.28562
0.12968	-0.34382	0.1072	0.82436	0.44659	0.19854	0.28562
0.12968	-0.34382	0.1072	0.82436	0.44659	0.19854	0.28562
0.12968	-0.34382	0.1072	0.82436	0.44659	0.19854	0.28562
0.12968	-0.34382	0.1072	0.82436	0.44659	0.19854	0.28562
0.12968	-0.34382	0.1072	0.82436	0.44659	0.19854	0.28562
0.12968	-0.34382	0.1072	0.82436	0.44659	0.19854	0.28562
0.12968	-0.34382	0.1072	0.82436	0.44659	0.19854	0.28562
0.12968	-0.34382	0.1072	0.82436	0.44659	0.19854	0.28562
0.12968	-0.34382	0.1072	0.82436	0.44659	0.19854	0.28562
0.12968	-0.34382	0.1072	0.82436	0.44659	0.19854	0.28562
0.12968	-0.34383	0.1072	0.82436	0.44659	0.19854	0.28562
0.12968	-0.34383	0.1072	0.82436	0.44659	0.19854	0.28562
0.12968	-0.34383	0.1072	0.82436	0.44659	0.19854	0.28562
0.12968	-0.34383	0.1072	0.82436	0.44659	0.19854	0.28562
0.12968	-0.34383	0.1072	0.82436	0.44659	0.19854	0.28562
0.12968	-0.34383	0.1072	0.82436	0.44659	0.19854	0.28562
0.12968	-0.34383	0.1072	0.82436	0.44659	0.19854	0.28562
0.12968	-0.34383	0.1072	0.82436	0.44659	0.19854	0.28562
0.12968	-0.34383	0.1072	0.82436	0.44659	0.19854	0.28562
0.12968	-0.34383	0.1072	0.82436	0.44659	0.19854	0.28562
0.12968	-0.34383	0.1072	0.82436	0.44659	0.19854	0.28562
0.12968	-0.34383	0.1072	0.82436	0.44659	0.19854	0.28562
0.12968	-0.34383	0.1072	0.82436	0.44659	0.19854	0.28562
0.12968	-0.34383	0.1072	0.82436	0.44659	0.19854	0.28562
0.12968	-0.34383	0.1072	0.82436	0.44659	0.19854	0.28562
0.12968	-0.34383	0.1072	0.82436	0.44659	0.19854	0.28562
0.12968	-0.34383	0.1072	0.82436	0.44659	0.19854	0.28562
0.12968	-0.34383	0.1072	0.82436	0.44659	0.19854	0.28562
0.12968	-0.34383	0.1072	0.82436	0.44659	0.19854	0.28562
0.12968	-0.34383	0.1072	0.82436	0.44659	0.19854	0.28562
0.12968	-0.34383	0.1072	0.82436	0.44659	0.19854	0.28562
0.12968	-0.34383	0.1072	0.82436	0.44659	0.19854	0.28562
0.12968	-0.34383	0.1072	0.82436	0.44659	0.19854	0.28562
0.12968	-0.34383	0.1072	0.82436	0.44659	0.19854	0.28562
0.12968	-0.34383	0.1072	0.82436	0.44659	0.19854	0.28562
0.12968	-0.34383	0.1072	0.82436	0.44659	0.19854	0.28562
0.12968	-0.34383	0.1072	0.82436	0.44659	0.19854	0.28562
0.12968	-0.34383	0.1072	0.82436	0.44659	0.19854	0.28562
0.12968	-0.34383	0.1072	0.82436	0.44659	0.19854	0.28562
0.12968	-0.34383	0.1072	0.82436	0.44659	0.19854	0.28562
0.12968	-0.34383	0.1072	0.82436	0.44659	0.19854	0.28562
0.12968	-0.34383	0.1072	0.82436	0.44659	0.19854	0.28562
0.12968	-0.34383	0.1072	0.82436	0.44659	0.19854	0.28562
0.12968	-0.34383	0.1072	0.82436	0.44659	0.19854	0.28562
0.12968	-0.34383	0.1072	0.82436	0.44659	0.19854	0.28562
0.12968	-0.34383	0.1072	0.82436	0.44659	0.19854	0.28562
0.12968	-0.34383	0.1072	0.82436	0.44659	0.19854	0.28562
0.12968	-0.34383	0.1072	0.82436	0.44659	0.19854	0.28562
