-0.33293	0.68941	0.43797	-0.58698	0.58061	0.49803	0.26516
-0.33293	0.68941	0.43797	-0.58698	0.58061	0.49803	0.26516
-0.33293	0.68941	0.43797	-0.58698	0.58061	0.49803	0.26516
-0.33293	0.68941	0.43797	-0.58698	0.58061	0.49803	0.26516
-0.33293	0.68941	0.43797	-0.58698	0.58061	0.49803	0.26516
-0.33293	0.68941	0.43797	-0.58698	0.58061	0.49803	0.26516
-0.33293	0.68941	0.43797	-0.58698	0.58061	0.49803	0.26516
-0.33293	0.68941	0.43797	-0.58698	0.58061	0.49803	0.26516
-0.33293	0.68941	0.43797	-0.58698	0.58061	0.49803	0.26516
-0.33293	0.68941	0.43797	-0.58698	0.58061	0.49803	0.26516
-0.33293	0.68941	0.43797	-0.58698	0.58061	0.49803	0.26516
-0.33293	0.68941	0.43797	-0.58698	0.58061	0.49803	0.26516
-0.33293	0.68941	0.43797	-0.58698	0.58061	0.49803	0.26516
-0.33293	0.68941	0.43797	-0.58699	0.58061	0.49803	0.26516
-0.33293	0.68941	0.43797	-0.58699	0.58061	0.49803	0.26516
-0.33293	0.68941	0.43797	-0.58699	0.58061	0.49803	0.26516
-0.33293	0.68941	0.43797	-0.58699	0.58061	0.49803	0.26516
-0.33293	0.68941	0.43797	-0.58699	0.58061	0.49803	0.26516
-0.33293	0.68941	0.43797	-0.58699	0.58061	0.49803	0.26516
-0.33293	0.68941	0.43797	-0.58699	0.58061	0.49803	0.26516
-0.33293	0.68941	0.43797	-0.58699	0.58061	0.49803	0.26516
-0.33293	0.68941	0.43797	-0.58699	0.58061	0.49803	0.26516
-0.33293	0.68941	0.43797	-0.58699	0.58061	0.49803	0.26516
-0.33293	0.68941	0.43797	-0.58699	0.58061	0.49803	0.26516
-0.33293	0.68941	0.43797	-0.58699	0.58061	0.49803	0.26516
-0.33293	0.68941	0.43797	-0.58699	0.58061	0.49803	0.26516
-0.33293	0.68941	0.43797	-0.58699	0.58061	0.49803	0.26516
-0.33293	0.68941	0.43797	-0.58699	0.58061	0.49803	0.26516
-0.33293	0.68941	0.43797	-0.58699	0.58061	0.49803	0.26516
-0.33293	0.68941	0.43797	-0.58699	0.58061	0.49803	0.26516
-0.33293	0.68941	0.43797	-0.58699	0.58061	0.49803	0.26516
-0.33293	0.68941	0.43797	-0.58699	0.58061	0.49803	0.26516
-0.33293	0.68941	0.43797	-0.58699	0.58061	0.49803	0.26516
-0.33293	0.68941	0.43797	-0.58699	0.58061	0.49803	0.26516
-0.33293	0.68941	0.43797	-0.58699	0.58061	0.49803	0.26516
-0.33293	0.68941	0.43797	-0.58699	0.58061	0.49803	0.26516
-0.33293	0.68941	0.43797	-0.58699	0.58061	0.49803	0.26516
-0.33293	0.68941	0.43797	-0.58699	0.58061	0.49803	0.26516
-0.33293	0.68941	0.43797	-0.58699	0.58061	0.49803	0.26516
-0.33293	0.68941	0.43797	-0.58699	0.58061	0.49803	0.26516
-0.33293	0.68941	0.43797	-0.58699	0.58061	0.49803	0.26516
-0.33293	0.68941	0.43797	-0.58699	0.58061	0.49803	0.26516
-0.33293	0.68941	0.43797	-0.58699	0.58061	0.49803	0.26516
-0.33293	0.68941	0.43797	-0.58699	0.58061	0.49803	0.26516
-0.33293	0.68941	0.43797	-0.58699	0.58061	0.49803	0.26516
-0.33293	0.68941	0.43797	-0.58699	0.58061	0.49803	0.26516
-0.33293	0.68941	0.43797	-0.58699	0.58061	0.49803	0.26516
-0.33293	0.68941	0.43797	-0.58699	0.58061	0.49803	0.26516
-0.33293	0.68941	0.43797	-0.58699	0.58061	0.49803	0.26516
-0.33293	0.68941	0.43797	-0.58699	0.58061	0.49803	0.26516
-0.33293	0.68941	0.43798	-0.58698	0.58061	0.49803	0.26516
-0.33293	0.68941	0.43798	-0.58698	0.58061	0.49803	0.26516
-0.33293	0.68941	0.43798	-0.58698	0.58061	0.49803	0.26516
-0.33293	0.68941	0.43798	-0.58698	0.58061	0.49803	0.26516
-0.33293	0.68941	0.43798	-0.58698	0.58061	0.49803	0.26516
-0.33293	0.68941	0.43798	-0.58698	0.58061	0.49803	0.26516
-0.33293	0.68941	0.43798	-0.58698	0.58061	0.49803	0.26516
-0.33293	0.68941	0.43798	-0.58698	0.58061	0.49803	0.26516
-0.33293	0.68941	0.43798	-0.58698	0.58061	0.49803	0.26516
-0.33293	0.68941	0.43798	-0.58698	0.58061	0.49803	0.26516
-0.33293	0.68941	0.43798	-0.58698	0.58061	0.49803	0.26516
-0.33293	0.68941	0.43798	-0.58698	0.58061	0.49803	0.26516
-0.33293	0.68941	0.43798	-0.58698	0.58061	0.49803	0.26516
-0.33293	0.68941	0.43798	-0.58698	0.58061	0.49803	0.26516
-0.33293	0.68941	0.43798	-0.58698	0.58061	0.49803	0.26516
-0.33293	0.68941	0.43798	-0.58698	0.58061	0.49803	0.26516
-0.33293	0.68941	0.43798	-0.58698	0.58061	0.49803	0.26516
-0.33293	0.68941	0.43798	-0.58698	0.58061	0.49803	0.26516
-0.33293	0.68941	0.43798	-0.58698	0.58061	0.49803	0.26516
-0.33293	0.68941	0.43798	-0.58698	0.58061	0.49803	0.26516
-0.33293	0.68941	0.43798	-0.58698	0.58061	0.49803	0.26516
-0.33293	0.68941	0.43798	-0.58698	0.58061	0.49803	0.26516
-0.33293	0.68941	0.43798	-0.58698	0.58061	0.49803	0.26516
-0.33293	0.68941	0.43798	-0.58698	0.58061	0.49803	0.26516
-0.33293	0.68941	0.43798	-0.58698	0.58061	0.49803	0.26516
-0.33293	0.68941	0.43798	-0.58698	0.58061	0.49803	0.26516
-0.33293	0.68941	0.43798	-0.58698	0.58061	0.49803	0.26516
-0.33293	0.68941	0.43798	-0.58698	0.58061	0.49803	0.26516
-0.33293	0.68941	0.43798	-0.58698	0.58061	0.49803	0.26516
-0.33293	0.68941	0.43798	-0.58698	0.58061	0.49803	0.26516
-0.33293	0.68941	0.43798	-0.58698	0.58061	0.49803	0.26516
-0.33293	0.68941	0.43798	-0.58698	0.58061	0.49803	0.26516
-0.33293	0.68941	0.43798	-0.58698	0.58061	0.49803	0.26516
-0.33293	0.68941	0.43798	-0.58698	0.58061	0.49803	0.26516
-0.33293	0.68941	0.43798	-0.58698	0.58061	0.49803	0.26516
-0.33293	0.68941	0.43798	-0.58698	0.58061	0.49803	0.26516
-0.33293	0.68941	0.43798	-0.58698	0.58061	0.49803	0.26516
-0.33293	0.68941	0.43798	-0.58698	0.58061	0.49803	0.26516
-0.33293	0.68941	0.43798	-0.58698	0.58061	0.49803	0.26516
-0.33293	0.68941	0.43798	-0.58698	0.58061	0.49803	0.26516
-0.33293	0.68941	0.43798	-0.58698	0.58061	0.49803	0.26516
-0.33293	0.68941	0.43798	-0.58698	0.58061	0.49803	0.26516
-0.33293	0.68941	0.43798	-0.58698	0.58061	0.49803	0.26516
-0.33293	0.68941	0.43798	-0.58698	0.58061	0.49803	0.26516
-0.33293	0.68941	0.43798	-0.58698	0.58061	0.49803	0.26516
-0.33293	0.68941	0.43798	-0.58698	0.58061	0.49803	0.26516
-0.33293	0.68941	0.43798	-0.58698	0.58061	0.49803	0.26516
-0.33293	0.68941	0.43798	-0.58698	0.58061	0.49803	0.26516
-0.33293	0.68941	0.43798	-0.58698	0.58061	0.49803	0.26516
-0.33293	0.68941	0.43798	-0.58698	0.58061	0.49803	0.26516
-0.33293	0.68941	0.43798	-0.58698	0.58061	0.49803	0.26516
-0.33293	0.68941	0.43798	-0.58698	0.58061	0.49803	0.26516
-0.33293	0.68941	0.43798	-0.58698	0.58061	0.49803	0.26516
-0.33293	0.68941	0.43798	-0.58698	0.58061	0.49803	0.26516
-0.33293	0.68941	0.43798	-0.58698	0.58061	0.49803	0.26516
-0.33293	0.68941	0.43798	-0.58698	0.58061	0.49803	0.26516
-0.33293	0.68941	0.43798	-0.58698	0.58061	0.49803	0.26516
-0.33293	0.68941	0.43798	-0.58698	0.58061	0.49803	0.26516
-0.33293	0.68941	0.43798	-0.58698	0.58061	0.49803	0.26516
-0.33293	0.68941	0.43798	-0.58698	0.58061	0.49803	0.26516
-0.33293	0.68941	0.43797	-0.58698	0.58061	0.49803	0.26516
-0.33293	0.68941	0.43797	-0.58698	0.58061	0.49803	0.26516
-0.33293	0.68941	0.43797	-0.58698	0.58061	0.49803	0.26516
-0.33293	0.68941	0.43797	-0.58699	0.58061	0.49803	0.26516
-0.33293	0.68941	0.43797	-0.58699	0.58061	0.49803	0.26516
-0.33294	0.68941	0.43797	-0.58699	0.58061	0.49803	0.26516
-0.33294	0.68941	0.43797	-0.58699	0.58061	0.49803	0.26516
-0.33294	0.68941	0.43797	-0.58699	0.58061	0.49803	0.26516
-0.33294	0.68941	0.43797	-0.58699	0.58061	0.49803	0.26516
-0.33294	0.68941	0.43797	-0.58699	0.58061	0.49803	0.26516
-0.33294	0.68941	0.43797	-0.58699	0.58061	0.49803	0.26516
-0.33294	0.68941	0.43797	-0.58699	0.58061	0.49803	0.26516
-0.33294	0.68941	0.43797	-0.58699	0.58061	0.49803	0.26516
-0.33294	0.68941	0.43797	-0.58699	0.58061	0.49803	0.26516
-0.33294	0.68941	0.43797	-0.58699	0.58061	0.49803	0.26516
-0.33294	0.68941	0.43797	-0.58699	0.58061	0.49803	0.26516
-0.33294	0.68941	0.43797	-0.58699	0.58061	0.49803	0.26516
-0.33294	0.68941	0.43797	-0.58699	0.58061	0.49803	0.26516
-0.33294	0.68941	0.43797	-0.58699	0.58061	0.49803	0.26516
-0.33294	0.68941	0.43797	-0.58699	0.58061	0.49803	0.26516
-0.33294	0.68941	0.43797	-0.58699	0.58061	0.49803	0.26516
-0.33294	0.68941	0.43797	-0.58699	0.58061	0.49803	0.26516
-0.33294	0.68941	0.43797	-0.58699	0.58061	0.49803	0.26516
-0.33294	0.68941	0.43797	-0.58699	0.58061	0.49803	0.26516
-0.33294	0.68941	0.43797	-0.58699	0.58061	0.49803	0.26516
-0.33294	0.68941	0.43797	-0.58699	0.58061	0.49803	0.26515
-0.33294	0.68941	0.43797	-0.58699	0.58061	0.49803	0.26515
-0.33294	0.68941	0.43797	-0.58699	0.58061	0.49803	0.26515
-0.33294	0.68941	0.43796	-0.58699	0.58061	0.49803	0.26515
-0.33294	0.68941	0.43796	-0.58699	0.58061	0.49803	0.26515
-0.33294	0.68941	0.43796	-0.587	0.58061	0.49802	0.26515
-0.33294	0.68941	0.43796	-0.587	0.58061	0.49802	0.26515
-0.33294	0.68941	0.43796	-0.587	0.58061	0.49802	0.26515
-0.33295	0.68941	0.43795	-0.587	0.58061	0.49802	0.26515
-0.33295	0.68941	0.43795	-0.587	0.58061	0.49802	0.26515
-0.33295	0.68941	0.43795	-0.587	0.58061	0.49802	0.26515
-0.33295	0.68941	0.43795	-0.587	0.58061	0.49802	0.26515
-0.33295	0.68941	0.43795	-0.587	0.58061	0.49802	0.26515
-0.33295	0.68941	0.43794	-0.587	0.58061	0.49801	0.26515
-0.33295	0.68941	0.43794	-0.587	0.58061	0.49801	0.26515
-0.33295	0.68942	0.43792	-0.58701	0.58061	0.49801	0.26515
-0.33295	0.68942	0.43792	-0.58701	0.58061	0.49801	0.26515
-0.33295	0.68942	0.43792	-0.58701	0.58061	0.49801	0.26515
-0.33295	0.68942	0.43791	-0.58701	0.58062	0.498	0.26514
-0.33295	0.68942	0.43791	-0.58701	0.58062	0.498	0.26514
-0.33296	0.68942	0.4379	-0.58701	0.58062	0.49799	0.26514
-0.33296	0.68942	0.4379	-0.58701	0.58062	0.49799	0.26514
-0.33296	0.68942	0.4379	-0.58701	0.58062	0.49799	0.26514
-0.33296	0.68942	0.43789	-0.58702	0.58062	0.49799	0.26514
-0.33296	0.68942	0.43789	-0.58702	0.58062	0.49799	0.26514
-0.33296	0.68942	0.43788	-0.58702	0.58062	0.49799	0.26513
-0.33296	0.68942	0.43788	-0.58702	0.58062	0.49799	0.26513
-0.33296	0.68942	0.43788	-0.58702	0.58062	0.49799	0.26513
-0.33296	0.68942	0.43788	-0.58702	0.58062	0.49799	0.26513
-0.33296	0.68942	0.43788	-0.58702	0.58062	0.49799	0.26513
-0.33296	0.68942	0.43788	-0.58702	0.58062	0.49798	0.26513
-0.33296	0.68942	0.43788	-0.58702	0.58062	0.49798	0.26513
-0.33296	0.68942	0.43788	-0.58702	0.58062	0.49798	0.26513
-0.33297	0.68942	0.43787	-0.58703	0.58062	0.49798	0.26513
-0.33297	0.68942	0.43787	-0.58703	0.58062	0.49798	0.26513
-0.33297	0.68942	0.43786	-0.58703	0.58062	0.49798	0.26513
-0.33297	0.68942	0.43786	-0.58703	0.58062	0.49798	0.26513
-0.33297	0.68942	0.43786	-0.58703	0.58062	0.49798	0.26513
-0.33297	0.68942	0.43785	-0.58704	0.58062	0.49797	0.26513
-0.33297	0.68942	0.43785	-0.58704	0.58062	0.49797	0.26513
-0.33297	0.68942	0.43784	-0.58704	0.58063	0.49797	0.26512
-0.33297	0.68942	0.43784	-0.58704	0.58063	0.49797	0.26512
-0.33297	0.68942	0.43784	-0.58704	0.58063	0.49797	0.26512
-0.33298	0.68942	0.43783	-0.58704	0.58063	0.49796	0.26512
-0.33298	0.68942	0.43783	-0.58704	0.58063	0.49796	0.26512
-0.33298	0.68942	0.43782	-0.58705	0.58063	0.49795	0.26512
-0.33298	0.68942	0.43782	-0.58705	0.58063	0.49795	0.26512
-0.33298	0.68942	0.43782	-0.58705	0.58063	0.49795	0.26512
-0.33298	0.68943	0.4378	-0.58705	0.58063	0.49794	0.26511
-0.33298	0.68943	0.4378	-0.58705	0.58063	0.49794	0.26511
-0.33298	0.68943	0.43778	-0.58706	0.58063	0.49794	0.26511
-0.33298	0.68943	0.43778	-0.58706	0.58063	0.49794	0.26511
-0.33298	0.68943	0.43778	-0.58706	0.58063	0.49794	0.26511
-0.33299	0.68943	0.43777	-0.58706	0.58064	0.49793	0.26511
-0.33299	0.68943	0.43777	-0.58706	0.58064	0.49793	0.26511
-0.33299	0.68944	0.43776	-0.58706	0.58064	0.49793	0.2651
-0.33299	0.68944	0.43776	-0.58706	0.58064	0.49793	0.2651
-0.33299	0.68944	0.43776	-0.58706	0.58064	0.49793	0.2651
-0.33299	0.68944	0.43775	-0.58707	0.58064	0.49792	0.2651
-0.33299	0.68944	0.43775	-0.58707	0.58064	0.49792	0.2651
-0.33299	0.68944	0.43773	-0.58707	0.58065	0.49791	0.2651
-0.33299	0.68944	0.43773	-0.58707	0.58065	0.49791	0.2651
-0.33299	0.68944	0.43773	-0.58707	0.58065	0.49791	0.2651
-0.33299	0.68944	0.43772	-0.58708	0.58065	0.49791	0.2651
-0.33299	0.68944	0.43772	-0.58708	0.58065	0.49791	0.2651
-0.33299	0.68945	0.4377	-0.58708	0.58066	0.49789	0.26509
-0.33299	0.68945	0.4377	-0.58708	0.58066	0.49789	0.26509
-0.33299	0.68945	0.4377	-0.58708	0.58066	0.49789	0.26509
-0.33299	0.68945	0.43767	-0.58709	0.58066	0.49788	0.26509
-0.33299	0.68945	0.43767	-0.58709	0.58066	0.49788	0.26509
-0.333	0.68946	0.43763	-0.5871	0.58067	0.49786	0.26508
-0.333	0.68946	0.43763	-0.5871	0.58067	0.49786	0.26508
-0.333	0.68946	0.43763	-0.5871	0.58067	0.49786	0.26508
-0.333	0.68947	0.43759	-0.58712	0.58068	0.49784	0.26507
-0.333	0.68947	0.43759	-0.58712	0.58068	0.49784	0.26507
-0.333	0.68947	0.43756	-0.58712	0.58069	0.49783	0.26507
-0.333	0.68947	0.43756	-0.58712	0.58069	0.49783	0.26507
-0.333	0.68947	0.43756	-0.58712	0.58069	0.49783	0.26507
-0.33301	0.68948	0.43754	-0.58713	0.58069	0.49781	0.26507
-0.33301	0.68948	0.43754	-0.58713	0.58069	0.49781	0.26507
-0.33301	0.68948	0.43752	-0.58714	0.58069	0.4978	0.26506
-0.33301	0.68948	0.43752	-0.58714	0.58069	0.4978	0.26506
-0.33301	0.68948	0.43752	-0.58714	0.58069	0.4978	0.26506
-0.33301	0.68948	0.43751	-0.58714	0.5807	0.4978	0.26506
-0.33301	0.68948	0.43751	-0.58714	0.5807	0.4978	0.26506
-0.33301	0.68948	0.4375	-0.58714	0.5807	0.4978	0.26506
-0.33301	0.68948	0.4375	-0.58714	0.5807	0.4978	0.26506
-0.33301	0.68948	0.4375	-0.58714	0.5807	0.4978	0.26506
-0.33301	0.68948	0.4375	-0.58714	0.5807	0.49779	0.26505
-0.33301	0.68948	0.4375	-0.58714	0.5807	0.49779	0.26505
-0.33302	0.68948	0.4375	-0.58715	0.5807	0.49779	0.26505
-0.33302	0.68948	0.4375	-0.58715	0.5807	0.49779	0.26505
-0.33302	0.68948	0.4375	-0.58715	0.5807	0.49779	0.26505
-0.33302	0.68947	0.43749	-0.58715	0.5807	0.49779	0.26505
-0.33302	0.68947	0.43749	-0.58715	0.5807	0.49779	0.26505
-0.33303	0.68947	0.43748	-0.58716	0.5807	0.49778	0.26504
-0.33303	0.68947	0.43748	-0.58716	0.5807	0.49778	0.26504
-0.33303	0.68947	0.43748	-0.58716	0.5807	0.49778	0.26504
-0.33304	0.68945	0.43746	-0.58718	0.5807	0.49776	0.26503
-0.33304	0.68945	0.43746	-0.58718	0.5807	0.49776	0.26503
-0.33307	0.68943	0.43742	-0.58721	0.5807	0.49774	0.26501
-0.33307	0.68943	0.43742	-0.58721	0.5807	0.49774	0.26501
-0.33307	0.68943	0.43742	-0.58721	0.5807	0.49774	0.26501
-0.3331	0.6894	0.43738	-0.58724	0.5807	0.49771	0.26498
-0.3331	0.6894	0.43738	-0.58724	0.5807	0.49771	0.26498
-0.33314	0.68937	0.43732	-0.58729	0.5807	0.49768	0.26495
-0.33314	0.68937	0.43732	-0.58729	0.5807	0.49768	0.26495
-0.33314	0.68937	0.43732	-0.58729	0.5807	0.49768	0.26495
-0.33319	0.68932	0.43723	-0.58735	0.5807	0.49762	0.2649
-0.33319	0.68932	0.43723	-0.58735	0.5807	0.49762	0.2649
-0.33323	0.68926	0.43713	-0.58743	0.58072	0.49754	0.26485
-0.33323	0.68926	0.43713	-0.58743	0.58072	0.49754	0.26485
-0.33323	0.68926	0.43713	-0.58743	0.58072	0.49754	0.26485
-0.33326	0.68921	0.437	-0.5875	0.58074	0.49745	0.26479
-0.33326	0.68921	0.437	-0.5875	0.58074	0.49745	0.26479
-0.33328	0.68915	0.43684	-0.5876	0.58079	0.49733	0.26473
-0.33328	0.68915	0.43684	-0.5876	0.58079	0.49733	0.26473
-0.33328	0.68915	0.43684	-0.5876	0.58079	0.49733	0.26473
-0.33328	0.68908	0.43662	-0.58771	0.58085	0.49716	0.26466
-0.33328	0.68908	0.43662	-0.58771	0.58085	0.49716	0.26466
-0.33328	0.689	0.43636	-0.58784	0.58093	0.49696	0.26457
-0.33328	0.689	0.43636	-0.58784	0.58093	0.49696	0.26457
-0.33328	0.689	0.43636	-0.58784	0.58093	0.49696	0.26457
-0.33328	0.6889	0.43604	-0.58801	0.58103	0.4967	0.26446
-0.33328	0.6889	0.43604	-0.58801	0.58103	0.4967	0.26446
-0.33329	0.68879	0.43569	-0.58819	0.58113	0.49644	0.26434
-0.33329	0.68879	0.43569	-0.58819	0.58113	0.49644	0.26434
-0.33329	0.68879	0.43569	-0.58819	0.58113	0.49644	0.26434
-0.33331	0.68866	0.43529	-0.5884	0.58124	0.49613	0.2642
-0.33331	0.68866	0.43529	-0.5884	0.58124	0.49613	0.2642
-0.33337	0.6885	0.43487	-0.58864	0.58134	0.49582	0.26402
-0.33337	0.6885	0.43487	-0.58864	0.58134	0.49582	0.26402
-0.33337	0.6885	0.43487	-0.58864	0.58134	0.49582	0.26402
-0.33352	0.68829	0.43442	-0.58894	0.58141	0.49549	0.26382
-0.33352	0.68829	0.43442	-0.58894	0.58141	0.49549	0.26382
-0.33374	0.68802	0.43392	-0.58929	0.58147	0.49514	0.26357
-0.33374	0.68802	0.43392	-0.58929	0.58147	0.49514	0.26357
-0.33374	0.68802	0.43392	-0.58929	0.58147	0.49514	0.26357
-0.33395	0.68774	0.43337	-0.58967	0.58154	0.49475	0.2633
-0.33395	0.68774	0.43337	-0.58967	0.58154	0.49475	0.2633
-0.33427	0.68739	0.43276	-0.59012	0.58159	0.49433	0.26298
-0.33427	0.68739	0.43276	-0.59012	0.58159	0.49433	0.26298
-0.33427	0.68739	0.43276	-0.59012	0.58159	0.49433	0.26298
-0.33466	0.68698	0.43208	-0.59063	0.58162	0.49388	0.2626
-0.33466	0.68698	0.43208	-0.59063	0.58162	0.49388	0.2626
-0.3352	0.68649	0.43136	-0.59123	0.5816	0.49341	0.26216
-0.3352	0.68649	0.43136	-0.59123	0.5816	0.49341	0.26216
-0.3352	0.68649	0.43136	-0.59123	0.5816	0.49341	0.26216
-0.33586	0.68592	0.43061	-0.5919	0.58154	0.49295	0.26166
-0.33586	0.68592	0.43061	-0.5919	0.58154	0.49295	0.26166
-0.3365	0.68537	0.42988	-0.59254	0.58148	0.4925	0.26118
-0.3365	0.68537	0.42988	-0.59254	0.58148	0.4925	0.26118
-0.3365	0.68537	0.42988	-0.59254	0.58148	0.4925	0.26118
-0.33725	0.68471	0.429	-0.59332	0.58141	0.49195	0.26061
-0.33725	0.68471	0.429	-0.59332	0.58141	0.49195	0.26061
-0.33801	0.68404	0.42808	-0.59411	0.58136	0.49137	0.26002
-0.33801	0.68404	0.42808	-0.59411	0.58136	0.49137	0.26002
-0.33801	0.68404	0.42808	-0.59411	0.58136	0.49137	0.26002
-0.33886	0.68331	0.42715	-0.59496	0.58125	0.4908	0.25939
-0.33886	0.68331	0.42715	-0.59496	0.58125	0.4908	0.25939
-0.33973	0.68258	0.42623	-0.5958	0.58114	0.49024	0.25876
-0.33973	0.68258	0.42623	-0.5958	0.58114	0.49024	0.25876
-0.33973	0.68258	0.42623	-0.5958	0.58114	0.49024	0.25876
-0.3405	0.68189	0.4253	-0.59661	0.58107	0.48966	0.25817
-0.3405	0.68189	0.4253	-0.59661	0.58107	0.48966	0.25817
-0.34135	0.6811	0.42421	-0.59754	0.58101	0.48896	0.25748
-0.34135	0.6811	0.42421	-0.59754	0.58101	0.48896	0.25748
-0.34135	0.6811	0.42421	-0.59754	0.58101	0.48896	0.25748
-0.34217	0.68028	0.42305	-0.59849	0.58098	0.48819	0.25678
-0.34217	0.68028	0.42305	-0.59849	0.58098	0.48819	0.25678
-0.34299	0.67948	0.42192	-0.59943	0.58094	0.48745	0.25609
-0.34299	0.67948	0.42192	-0.59943	0.58094	0.48745	0.25609
-0.34299	0.67948	0.42192	-0.59943	0.58094	0.48745	0.25609
-0.34379	0.6786	0.42056	-0.60048	0.58097	0.48652	0.25533
-0.34379	0.6786	0.42056	-0.60048	0.58097	0.48652	0.25533
-0.34446	0.67775	0.41916	-0.6015	0.58107	0.48553	0.2546
-0.34446	0.67775	0.41916	-0.6015	0.58107	0.48553	0.2546
-0.34446	0.67775	0.41916	-0.6015	0.58107	0.48553	0.2546
-0.34519	0.67688	0.41776	-0.60255	0.58114	0.48454	0.25385
-0.34519	0.67688	0.41776	-0.60255	0.58114	0.48454	0.25385
-0.3459	0.67599	0.41631	-0.60361	0.58122	0.48351	0.25308
-0.3459	0.67599	0.41631	-0.60361	0.58122	0.48351	0.25308
-0.3459	0.67599	0.41631	-0.60361	0.58122	0.48351	0.25308
-0.34658	0.67517	0.41504	-0.60457	0.58126	0.48263	0.25239
-0.34658	0.67517	0.41504	-0.60457	0.58126	0.48263	0.25239
-0.34724	0.67433	0.41364	-0.60558	0.58135	0.48164	0.25167
-0.34724	0.67433	0.41364	-0.60558	0.58135	0.48164	0.25167
-0.34724	0.67433	0.41364	-0.60558	0.58135	0.48164	0.25167
-0.34785	0.67351	0.41225	-0.60657	0.58145	0.48063	0.25096
-0.34785	0.67351	0.41225	-0.60657	0.58145	0.48063	0.25096
-0.34846	0.67269	0.41085	-0.60755	0.58155	0.47963	0.25026
-0.34846	0.67269	0.41085	-0.60755	0.58155	0.47963	0.25026
-0.34846	0.67269	0.41085	-0.60755	0.58155	0.47963	0.25026
-0.34926	0.67174	0.40936	-0.60867	0.58158	0.4786	0.24946
-0.34926	0.67174	0.40936	-0.60867	0.58158	0.4786	0.24946
-0.35015	0.6708	0.40801	-0.60974	0.58154	0.47769	0.24867
-0.35015	0.6708	0.40801	-0.60974	0.58154	0.47769	0.24867
-0.35015	0.6708	0.40801	-0.60974	0.58154	0.47769	0.24867
-0.3512	0.6697	0.4065	-0.61098	0.58145	0.47668	0.24777
-0.3512	0.6697	0.4065	-0.61098	0.58145	0.47668	0.24777
-0.35234	0.66853	0.40498	-0.61226	0.58133	0.47568	0.24684
-0.35234	0.66853	0.40498	-0.61226	0.58133	0.47568	0.24684
-0.35234	0.66853	0.40498	-0.61226	0.58133	0.47568	0.24684
-0.35344	0.66741	0.40355	-0.61348	0.58119	0.47473	0.24594
-0.35344	0.66741	0.40355	-0.61348	0.58119	0.47473	0.24594
-0.35462	0.66622	0.40209	-0.61476	0.58102	0.47377	0.24501
-0.35462	0.66622	0.40209	-0.61476	0.58102	0.47377	0.24501
-0.35462	0.66622	0.40209	-0.61476	0.58102	0.47377	0.24501
-0.35578	0.66511	0.40085	-0.61592	0.5808	0.47297	0.24415
-0.35578	0.66511	0.40085	-0.61592	0.5808	0.47297	0.24415
-0.35701	0.66388	0.39948	-0.61719	0.58058	0.47208	0.24322
-0.35701	0.66388	0.39948	-0.61719	0.58058	0.47208	0.24322
-0.35701	0.66388	0.39948	-0.61719	0.58058	0.47208	0.24322
-0.35823	0.66263	0.39805	-0.61848	0.58036	0.47113	0.24227
-0.35823	0.66263	0.39805	-0.61848	0.58036	0.47113	0.24227
-0.35923	0.66147	0.39658	-0.6197	0.58025	0.47011	0.24139
-0.35923	0.66147	0.39658	-0.6197	0.58025	0.47011	0.24139
-0.35923	0.66147	0.39658	-0.6197	0.58025	0.47011	0.24139
-0.36033	0.66025	0.39512	-0.62097	0.5801	0.46911	0.24047
-0.36033	0.66025	0.39512	-0.62097	0.5801	0.46911	0.24047
-0.36142	0.65911	0.39384	-0.62213	0.57989	0.46825	0.23962
-0.36142	0.65911	0.39384	-0.62213	0.57989	0.46825	0.23962
-0.36142	0.65911	0.39384	-0.62213	0.57989	0.46825	0.23962
-0.36254	0.6579	0.39244	-0.62337	0.5797	0.46731	0.23872
-0.36254	0.6579	0.39244	-0.62337	0.5797	0.46731	0.23872
-0.36355	0.65677	0.39108	-0.62454	0.57954	0.46637	0.23787
-0.36355	0.65677	0.39108	-0.62454	0.57954	0.46637	0.23787
-0.36355	0.65677	0.39108	-0.62454	0.57954	0.46637	0.23787
-0.36475	0.65555	0.38977	-0.62576	0.57928	0.46551	0.23697
-0.36475	0.65555	0.38977	-0.62576	0.57928	0.46551	0.23697
-0.3659	0.65433	0.38846	-0.62698	0.57903	0.46463	0.23609
-0.3659	0.65433	0.38846	-0.62698	0.57903	0.46463	0.23609
-0.3659	0.65433	0.38846	-0.62698	0.57903	0.46463	0.23609
-0.36683	0.6532	0.38712	-0.62812	0.57889	0.46368	0.23527
-0.36683	0.6532	0.38712	-0.62812	0.57889	0.46368	0.23527
-0.36786	0.65207	0.38589	-0.62923	0.57868	0.46285	0.23446
-0.36786	0.65207	0.38589	-0.62923	0.57868	0.46285	0.23446
-0.36786	0.65207	0.38589	-0.62923	0.57868	0.46285	0.23446
-0.36876	0.65093	0.38453	-0.63037	0.57855	0.46187	0.23364
-0.36876	0.65093	0.38453	-0.63037	0.57855	0.46187	0.23364
-0.36961	0.64984	0.38321	-0.63147	0.57843	0.46091	0.23285
-0.36961	0.64984	0.38321	-0.63147	0.57843	0.46091	0.23285
-0.36961	0.64984	0.38321	-0.63147	0.57843	0.46091	0.23285
-0.37043	0.64878	0.38193	-0.63253	0.57832	0.45999	0.23209
-0.37043	0.64878	0.38193	-0.63253	0.57832	0.45999	0.23209
-0.37121	0.64777	0.38069	-0.63355	0.57821	0.45909	0.23136
-0.37121	0.64777	0.38069	-0.63355	0.57821	0.45909	0.23136
-0.37121	0.64777	0.38069	-0.63355	0.57821	0.45909	0.23136
-0.37185	0.64682	0.37946	-0.6345	0.57816	0.45818	0.23069
-0.37185	0.64682	0.37946	-0.6345	0.57816	0.45818	0.23069
-0.37261	0.64589	0.37839	-0.63542	0.57802	0.45742	0.23002
-0.37261	0.64589	0.37839	-0.63542	0.57802	0.45742	0.23002
-0.37261	0.64589	0.37839	-0.63542	0.57802	0.45742	0.23002
-0.37328	0.64492	0.37715	-0.63639	0.57795	0.4565	0.22933
-0.37328	0.64492	0.37715	-0.63639	0.57795	0.4565	0.22933
-0.37416	0.64382	0.37587	-0.63747	0.57778	0.45559	0.22856
-0.37416	0.64382	0.37587	-0.63747	0.57778	0.45559	0.22856
-0.37416	0.64382	0.37587	-0.63747	0.57778	0.45559	0.22856
-0.37514	0.64266	0.3746	-0.6386	0.57756	0.45469	0.22775
-0.37514	0.64266	0.3746	-0.6386	0.57756	0.45469	0.22775
-0.37626	0.64148	0.37347	-0.63971	0.57724	0.45395	0.22695
-0.37626	0.64148	0.37347	-0.63971	0.57724	0.45395	0.22695
-0.37626	0.64148	0.37347	-0.63971	0.57724	0.45395	0.22695
-0.37722	0.64036	0.37224	-0.64079	0.57701	0.45309	0.22616
-0.37722	0.64036	0.37224	-0.64079	0.57701	0.45309	0.22616
-0.37832	0.63917	0.37106	-0.64191	0.5767	0.45231	0.22535
-0.37832	0.63917	0.37106	-0.64191	0.5767	0.45231	0.22535
-0.37832	0.63917	0.37106	-0.64191	0.5767	0.45231	0.22535
-0.37943	0.63801	0.36995	-0.643	0.57637	0.45158	0.22456
-0.37943	0.63801	0.36995	-0.643	0.57637	0.45158	0.22456
-0.38041	0.63696	0.36892	-0.64399	0.57607	0.4509	0.22385
-0.38041	0.63696	0.36892	-0.64399	0.57607	0.4509	0.22385
-0.38041	0.63696	0.36892	-0.64399	0.57607	0.4509	0.22385
-0.38147	0.6358	0.36782	-0.64506	0.57575	0.45016	0.22307
-0.38147	0.6358	0.36782	-0.64506	0.57575	0.45016	0.22307
-0.38251	0.6346	0.36665	-0.64617	0.57544	0.44936	0.22228
-0.38251	0.6346	0.36665	-0.64617	0.57544	0.44936	0.22228
-0.38251	0.6346	0.36665	-0.64617	0.57544	0.44936	0.22228
-0.38336	0.6335	0.36543	-0.64722	0.57525	0.44847	0.22153
-0.38336	0.6335	0.36543	-0.64722	0.57525	0.44847	0.22153
-0.38431	0.63228	0.36417	-0.64834	0.57499	0.44756	0.22073
-0.38431	0.63228	0.36417	-0.64834	0.57499	0.44756	0.22073
-0.38431	0.63228	0.36417	-0.64834	0.57499	0.44756	0.22073
-0.38524	0.63108	0.36297	-0.64944	0.57474	0.44669	0.21995
-0.38524	0.63108	0.36297	-0.64944	0.57474	0.44669	0.21995
-0.38612	0.62994	0.36184	-0.65047	0.57449	0.44587	0.21921
-0.38612	0.62994	0.36184	-0.65047	0.57449	0.44587	0.21921
-0.38612	0.62994	0.36184	-0.65047	0.57449	0.44587	0.21921
-0.38716	0.62863	0.36059	-0.65164	0.57417	0.44497	0.21837
-0.38716	0.62863	0.36059	-0.65164	0.57417	0.44497	0.21837
-0.38818	0.62736	0.3594	-0.65278	0.57385	0.44412	0.21756
-0.38818	0.62736	0.3594	-0.65278	0.57385	0.44412	0.21756
-0.38818	0.62736	0.3594	-0.65278	0.57385	0.44412	0.21756
-0.38919	0.62616	0.3583	-0.65385	0.57352	0.44334	0.2168
-0.38919	0.62616	0.3583	-0.65385	0.57352	0.44334	0.2168
-0.38999	0.62501	0.35708	-0.6549	0.57331	0.44243	0.21606
-0.38999	0.62501	0.35708	-0.6549	0.57331	0.44243	0.21606
-0.38999	0.62501	0.35708	-0.6549	0.57331	0.44243	0.21606
-0.39086	0.62382	0.35589	-0.65596	0.57306	0.44155	0.2153
-0.39086	0.62382	0.35589	-0.65596	0.57306	0.44155	0.2153
-0.39162	0.62269	0.35467	-0.65699	0.57286	0.44062	0.21458
-0.39162	0.62269	0.35467	-0.65699	0.57286	0.44062	0.21458
-0.39162	0.62269	0.35467	-0.65699	0.57286	0.44062	0.21458
-0.39238	0.62153	0.35343	-0.65804	0.57267	0.43968	0.21384
-0.39238	0.62153	0.35343	-0.65804	0.57267	0.43968	0.21384
-0.39314	0.62038	0.35224	-0.65906	0.57245	0.43876	0.21312
-0.39314	0.62038	0.35224	-0.65906	0.57245	0.43876	0.21312
-0.39314	0.62038	0.35224	-0.65906	0.57245	0.43876	0.21312
-0.3939	0.61929	0.35118	-0.66002	0.57222	0.43796	0.21244
-0.3939	0.61929	0.35118	-0.66002	0.57222	0.43796	0.21244
-0.39463	0.61818	0.35006	-0.661	0.572	0.4371	0.21176
-0.39463	0.61818	0.35006	-0.661	0.572	0.4371	0.21176
-0.39463	0.61818	0.35006	-0.661	0.572	0.4371	0.21176
-0.39528	0.61716	0.34899	-0.66191	0.57182	0.43627	0.21112
-0.39528	0.61716	0.34899	-0.66191	0.57182	0.43627	0.21112
-0.39609	0.61601	0.34792	-0.66289	0.57155	0.43547	0.21042
-0.39609	0.61601	0.34792	-0.66289	0.57155	0.43547	0.21042
-0.39609	0.61601	0.34792	-0.66289	0.57155	0.43547	0.21042
-0.39697	0.61482	0.34683	-0.66392	0.57123	0.43466	0.20969
-0.39697	0.61482	0.34683	-0.66392	0.57123	0.43466	0.20969
-0.39788	0.61358	0.34575	-0.66497	0.5709	0.43385	0.20895
-0.39788	0.61358	0.34575	-0.66497	0.5709	0.43385	0.20895
-0.39788	0.61358	0.34575	-0.66497	0.5709	0.43385	0.20895
-0.39867	0.6124	0.34462	-0.66599	0.57064	0.43298	0.20824
-0.39867	0.6124	0.34462	-0.66599	0.57064	0.43298	0.20824
-0.39955	0.61111	0.34342	-0.66709	0.57032	0.43207	0.20746
-0.39955	0.61111	0.34342	-0.66709	0.57032	0.43207	0.20746
-0.39955	0.61111	0.34342	-0.66709	0.57032	0.43207	0.20746
-0.40029	0.60998	0.34235	-0.66806	0.57007	0.43124	0.20679
-0.40029	0.60998	0.34235	-0.66806	0.57007	0.43124	0.20679
-0.40112	0.60869	0.34115	-0.66914	0.56977	0.4303	0.20602
-0.40112	0.60869	0.34115	-0.66914	0.56977	0.4303	0.20602
-0.40112	0.60869	0.34115	-0.66914	0.56977	0.4303	0.20602
-0.40185	0.60748	0.33995	-0.67018	0.56953	0.42935	0.2053
-0.40185	0.60748	0.33995	-0.67018	0.56953	0.42935	0.2053
-0.40265	0.60625	0.33881	-0.67121	0.56924	0.42847	0.20458
-0.40265	0.60625	0.33881	-0.67121	0.56924	0.42847	0.20458
-0.40265	0.60625	0.33881	-0.67121	0.56924	0.42847	0.20458
-0.40344	0.60508	0.33775	-0.6722	0.56893	0.42766	0.20389
-0.40344	0.60508	0.33775	-0.6722	0.56893	0.42766	0.20389
-0.40417	0.60387	0.33656	-0.67323	0.56868	0.42672	0.20317
-0.40417	0.60387	0.33656	-0.67323	0.56868	0.42672	0.20317
-0.40417	0.60387	0.33656	-0.67323	0.56868	0.42672	0.20317
-0.40481	0.60269	0.33534	-0.67424	0.56847	0.42573	0.20247
-0.40481	0.60269	0.33534	-0.67424	0.56847	0.42573	0.20247
-0.40548	0.60145	0.33408	-0.67529	0.56825	0.42471	0.20175
-0.40548	0.60145	0.33408	-0.67529	0.56825	0.42471	0.20175
-0.40548	0.60145	0.33408	-0.67529	0.56825	0.42471	0.20175
-0.40599	0.60025	0.33273	-0.67632	0.56812	0.42357	0.20104
-0.40599	0.60025	0.33273	-0.67632	0.56812	0.42357	0.20104
-0.40662	0.59892	0.33135	-0.67743	0.56791	0.42243	0.20027
-0.40662	0.59892	0.33135	-0.67743	0.56791	0.42243	0.20027
-0.40662	0.59892	0.33135	-0.67743	0.56791	0.42243	0.20027
-0.40733	0.59764	0.33012	-0.6785	0.56765	0.42143	0.19954
-0.40733	0.59764	0.33012	-0.6785	0.56765	0.42143	0.19954
-0.40802	0.59627	0.32877	-0.67963	0.5674	0.42031	0.19875
-0.40802	0.59627	0.32877	-0.67963	0.5674	0.42031	0.19875
-0.40802	0.59627	0.32877	-0.67963	0.5674	0.42031	0.19875
-0.40863	0.59499	0.32744	-0.6807	0.56719	0.41921	0.19802
-0.40863	0.59499	0.32744	-0.6807	0.56719	0.41921	0.19802
-0.40938	0.59362	0.32612	-0.68184	0.56689	0.41812	0.19723
-0.40938	0.59362	0.32612	-0.68184	0.56689	0.41812	0.19723
-0.40938	0.59362	0.32612	-0.68184	0.56689	0.41812	0.19723
-0.41017	0.5923	0.32494	-0.68291	0.56656	0.41718	0.19649
-0.41017	0.5923	0.32494	-0.68291	0.56656	0.41718	0.19649
-0.41089	0.59087	0.32355	-0.68408	0.56627	0.41603	0.19569
-0.41089	0.59087	0.32355	-0.68408	0.56627	0.41603	0.19569
-0.41089	0.59087	0.32355	-0.68408	0.56627	0.41603	0.19569
-0.41147	0.58946	0.32209	-0.68524	0.56607	0.41477	0.19489
-0.41147	0.58946	0.32209	-0.68524	0.56607	0.41477	0.19489
-0.41212	0.58797	0.3206	-0.68645	0.56582	0.4135	0.19407
-0.41212	0.58797	0.3206	-0.68645	0.56582	0.4135	0.19407
-0.41212	0.58797	0.3206	-0.68645	0.56582	0.4135	0.19407
-0.41272	0.5865	0.3191	-0.68764	0.56558	0.41221	0.19325
-0.41272	0.5865	0.3191	-0.68764	0.56558	0.41221	0.19325
-0.41332	0.58513	0.31775	-0.68875	0.56534	0.41105	0.19249
-0.41332	0.58513	0.31775	-0.68875	0.56534	0.41105	0.19249
-0.41332	0.58513	0.31775	-0.68875	0.56534	0.41105	0.19249
-0.41374	0.58376	0.31625	-0.68987	0.5652	0.40972	0.19174
-0.41374	0.58376	0.31625	-0.68987	0.5652	0.40972	0.19174
-0.41434	0.58225	0.31474	-0.69108	0.56495	0.4084	0.19091
-0.41434	0.58225	0.31474	-0.69108	0.56495	0.4084	0.19091
-0.41434	0.58225	0.31474	-0.69108	0.56495	0.4084	0.19091
-0.41479	0.58081	0.31322	-0.69223	0.56478	0.40705	0.19013
-0.41479	0.58081	0.31322	-0.69223	0.56478	0.40705	0.19013
-0.41532	0.5792	0.31156	-0.69352	0.56456	0.40556	0.18926
-0.41532	0.5792	0.31156	-0.69352	0.56456	0.40556	0.18926
-0.41532	0.5792	0.31156	-0.69352	0.56456	0.40556	0.18926
-0.41583	0.57758	0.30988	-0.6948	0.56436	0.40405	0.18838
-0.41583	0.57758	0.30988	-0.6948	0.56436	0.40405	0.18838
-0.41634	0.57605	0.30833	-0.69601	0.56413	0.40267	0.18757
-0.41634	0.57605	0.30833	-0.69601	0.56413	0.40267	0.18757
-0.41634	0.57605	0.30833	-0.69601	0.56413	0.40267	0.18757
-0.41668	0.57446	0.30654	-0.69729	0.56402	0.40102	0.1867
-0.41668	0.57446	0.30654	-0.69729	0.56402	0.40102	0.1867
-0.41688	0.57296	0.30474	-0.69849	0.56398	0.39935	0.18589
-0.41688	0.57296	0.30474	-0.69849	0.56398	0.39935	0.18589
-0.41688	0.57296	0.30474	-0.69849	0.56398	0.39935	0.18589
-0.41714	0.57142	0.30298	-0.69972	0.56389	0.39771	0.18507
-0.41714	0.57142	0.30298	-0.69972	0.56389	0.39771	0.18507
-0.41739	0.56996	0.30133	-0.70087	0.5638	0.39616	0.1843
-0.41739	0.56996	0.30133	-0.70087	0.5638	0.39616	0.1843
-0.41739	0.56996	0.30133	-0.70087	0.5638	0.39616	0.1843
-0.41751	0.56842	0.29949	-0.70209	0.56378	0.39441	0.18348
-0.41751	0.56842	0.29949	-0.70209	0.56378	0.39441	0.18348
-0.41765	0.5668	0.29755	-0.70337	0.56375	0.39256	0.18262
-0.41765	0.5668	0.29755	-0.70337	0.56375	0.39256	0.18262
-0.41765	0.5668	0.29755	-0.70337	0.56375	0.39256	0.18262
-0.41773	0.5652	0.29555	-0.70465	0.56376	0.39066	0.18176
-0.41773	0.5652	0.29555	-0.70465	0.56376	0.39066	0.18176
-0.4178	0.56358	0.29354	-0.70592	0.56376	0.38874	0.1809
-0.4178	0.56358	0.29354	-0.70592	0.56376	0.38874	0.1809
-0.4178	0.56358	0.29354	-0.70592	0.56376	0.38874	0.1809
-0.41798	0.56202	0.29178	-0.70713	0.56367	0.38706	0.18008
-0.41798	0.56202	0.29178	-0.70713	0.56367	0.38706	0.18008
-0.41807	0.56036	0.28986	-0.7084	0.56363	0.38519	0.17923
-0.41807	0.56036	0.28986	-0.7084	0.56363	0.38519	0.17923
-0.41807	0.56036	0.28986	-0.7084	0.56363	0.38519	0.17923
-0.41835	0.55849	0.28787	-0.70981	0.56345	0.38328	0.17828
-0.41835	0.55849	0.28787	-0.70981	0.56345	0.38328	0.17828
-0.41884	0.55645	0.28583	-0.71135	0.56314	0.38136	0.17724
-0.41884	0.55645	0.28583	-0.71135	0.56314	0.38136	0.17724
-0.41884	0.55645	0.28583	-0.71135	0.56314	0.38136	0.17724
-0.41935	0.55457	0.28397	-0.71277	0.56282	0.37963	0.17628
-0.41935	0.55457	0.28397	-0.71277	0.56282	0.37963	0.17628
-0.41989	0.55245	0.2819	-0.71435	0.56245	0.37769	0.17522
-0.41989	0.55245	0.2819	-0.71435	0.56245	0.37769	0.17522
-0.41989	0.55245	0.2819	-0.71435	0.56245	0.37769	0.17522
-0.42029	0.55042	0.27985	-0.71586	0.56215	0.37573	0.17421
-0.42029	0.55042	0.27985	-0.71586	0.56215	0.37573	0.17421
-0.42085	0.54828	0.27785	-0.71743	0.56175	0.37384	0.17315
-0.42085	0.54828	0.27785	-0.71743	0.56175	0.37384	0.17315
-0.42085	0.54828	0.27785	-0.71743	0.56175	0.37384	0.17315
-0.4213	0.54636	0.276	-0.71884	0.56141	0.37207	0.17221
-0.4213	0.54636	0.276	-0.71884	0.56141	0.37207	0.17221
-0.42175	0.54426	0.27398	-0.72037	0.56104	0.37013	0.17118
-0.42175	0.54426	0.27398	-0.72037	0.56104	0.37013	0.17118
-0.42175	0.54426	0.27398	-0.72037	0.56104	0.37013	0.17118
-0.42219	0.54209	0.27193	-0.72194	0.56066	0.36814	0.17013
-0.42219	0.54209	0.27193	-0.72194	0.56066	0.36814	0.17013
-0.42251	0.54004	0.26998	-0.7234	0.56034	0.36619	0.16915
-0.42251	0.54004	0.26998	-0.7234	0.56034	0.36619	0.16915
-0.42251	0.54004	0.26998	-0.7234	0.56034	0.36619	0.16915
-0.42295	0.53784	0.26799	-0.72496	0.55992	0.36423	0.16811
-0.42295	0.53784	0.26799	-0.72496	0.55992	0.36423	0.16811
-0.42352	0.53573	0.26619	-0.72645	0.55942	0.36248	0.16711
-0.42352	0.53573	0.26619	-0.72645	0.55942	0.36248	0.16711
-0.42352	0.53573	0.26619	-0.72645	0.55942	0.36248	0.16711
-0.42387	0.53359	0.26423	-0.72795	0.55904	0.36052	0.16611
-0.42387	0.53359	0.26423	-0.72795	0.55904	0.36052	0.16611
-0.42433	0.53131	0.26226	-0.72954	0.55855	0.35854	0.16506
-0.42433	0.53131	0.26226	-0.72954	0.55855	0.35854	0.16506
-0.42433	0.53131	0.26226	-0.72954	0.55855	0.35854	0.16506
-0.42472	0.52911	0.26036	-0.73105	0.55811	0.35661	0.16405
-0.42472	0.52911	0.26036	-0.73105	0.55811	0.35661	0.16405
-0.42502	0.52696	0.25844	-0.73253	0.55771	0.35463	0.16307
-0.42502	0.52696	0.25844	-0.73253	0.55771	0.35463	0.16307
-0.42502	0.52696	0.25844	-0.73253	0.55771	0.35463	0.16307
-0.42539	0.52494	0.25665	-0.73393	0.55728	0.35284	0.16214
-0.42539	0.52494	0.25665	-0.73393	0.55728	0.35284	0.16214
-0.42554	0.52285	0.2546	-0.73539	0.55697	0.35073	0.16117
-0.42554	0.52285	0.2546	-0.73539	0.55697	0.35073	0.16117
-0.42554	0.52285	0.2546	-0.73539	0.55697	0.35073	0.16117
-0.42582	0.52066	0.25261	-0.73689	0.55655	0.3487	0.16017
-0.42582	0.52066	0.25261	-0.73689	0.55655	0.3487	0.16017
-0.4263	0.51856	0.25095	-0.7383	0.556	0.34701	0.15924
-0.4263	0.51856	0.25095	-0.7383	0.556	0.34701	0.15924
-0.4263	0.51856	0.25095	-0.7383	0.556	0.34701	0.15924
-0.42664	0.51636	0.24912	-0.73978	0.5555	0.3451	0.15826
-0.42664	0.51636	0.24912	-0.73978	0.5555	0.3451	0.15826
-0.42707	0.51403	0.24721	-0.74134	0.55493	0.34313	0.15724
-0.42707	0.51403	0.24721	-0.74134	0.55493	0.34313	0.15724
-0.42707	0.51403	0.24721	-0.74134	0.55493	0.34313	0.15724
-0.42771	0.51155	0.24531	-0.743	0.55421	0.34121	0.15615
-0.42771	0.51155	0.24531	-0.743	0.55421	0.34121	0.15615
-0.42846	0.50914	0.2436	-0.7446	0.5534	0.3395	0.15511
-0.42846	0.50914	0.2436	-0.7446	0.5534	0.3395	0.15511
-0.42846	0.50914	0.2436	-0.7446	0.5534	0.3395	0.15511
-0.42917	0.50659	0.24181	-0.74628	0.55257	0.33766	0.15402
-0.42917	0.50659	0.24181	-0.74628	0.55257	0.33766	0.15402
-0.42964	0.5042	0.24002	-0.74784	0.5519	0.33577	0.153
-0.42964	0.5042	0.24002	-0.74784	0.5519	0.33577	0.153
-0.42964	0.5042	0.24002	-0.74784	0.5519	0.33577	0.153
-0.4302	0.50174	0.23822	-0.74944	0.55115	0.33388	0.15196
-0.4302	0.50174	0.23822	-0.74944	0.55115	0.33388	0.15196
-0.43083	0.49941	0.23661	-0.75095	0.55037	0.33222	0.15099
-0.43083	0.49941	0.23661	-0.75095	0.55037	0.33222	0.15099
-0.43083	0.49941	0.23661	-0.75095	0.55037	0.33222	0.15099
-0.43126	0.49703	0.23483	-0.75249	0.54968	0.33031	0.14999
-0.43126	0.49703	0.23483	-0.75249	0.54968	0.33031	0.14999
-0.43196	0.49441	0.23311	-0.75416	0.54878	0.3285	0.14892
-0.43196	0.49441	0.23311	-0.75416	0.54878	0.3285	0.14892
-0.43196	0.49441	0.23311	-0.75416	0.54878	0.3285	0.14892
-0.43252	0.49209	0.23156	-0.75564	0.54799	0.32684	0.14797
-0.43252	0.49209	0.23156	-0.75564	0.54799	0.32684	0.14797
-0.43318	0.48951	0.22985	-0.75728	0.54708	0.32502	0.14692
-0.43318	0.48951	0.22985	-0.75728	0.54708	0.32502	0.14692
-0.43318	0.48951	0.22985	-0.75728	0.54708	0.32502	0.14692
-0.43354	0.48712	0.2281	-0.75879	0.54638	0.32311	0.14595
-0.43354	0.48712	0.2281	-0.75879	0.54638	0.32311	0.14595
-0.43406	0.48466	0.22648	-0.76033	0.54554	0.32134	0.14497
-0.43406	0.48466	0.22648	-0.76033	0.54554	0.32134	0.14497
-0.43406	0.48466	0.22648	-0.76033	0.54554	0.32134	0.14497
-0.43448	0.48222	0.22484	-0.76186	0.54476	0.3195	0.144
-0.43448	0.48222	0.22484	-0.76186	0.54476	0.3195	0.144
-0.43499	0.47993	0.22341	-0.76327	0.54394	0.31792	0.14311
-0.43499	0.47993	0.22341	-0.76327	0.54394	0.31792	0.14311
-0.43499	0.47993	0.22341	-0.76327	0.54394	0.31792	0.14311
-0.43525	0.47764	0.2218	-0.76468	0.54326	0.31609	0.1422
-0.43525	0.47764	0.2218	-0.76468	0.54326	0.31609	0.1422
-0.43571	0.47516	0.22018	-0.76621	0.5424	0.31428	0.14124
-0.43571	0.47516	0.22018	-0.76621	0.5424	0.31428	0.14124
-0.43571	0.47516	0.22018	-0.76621	0.5424	0.31428	0.14124
-0.43617	0.47267	0.21859	-0.76774	0.54152	0.31249	0.14028
-0.43617	0.47267	0.21859	-0.76774	0.54152	0.31249	0.14028
-0.43673	0.47032	0.21721	-0.76917	0.54061	0.31095	0.13938
-0.43673	0.47032	0.21721	-0.76917	0.54061	0.31095	0.13938
-0.43673	0.47032	0.21721	-0.76917	0.54061	0.31095	0.13938
-0.43722	0.46782	0.2157	-0.77069	0.53969	0.30921	0.13844
-0.43722	0.46782	0.2157	-0.77069	0.53969	0.30921	0.13844
-0.43763	0.46538	0.21418	-0.77216	0.53881	0.30747	0.13751
-0.43763	0.46538	0.21418	-0.77216	0.53881	0.30747	0.13751
-0.43763	0.46538	0.21418	-0.77216	0.53881	0.30747	0.13751
-0.43824	0.46279	0.21268	-0.77373	0.53777	0.30578	0.13654
-0.43824	0.46279	0.21268	-0.77373	0.53777	0.30578	0.13654
-0.43875	0.46031	0.2112	-0.77523	0.5368	0.30409	0.13561
-0.43875	0.46031	0.2112	-0.77523	0.5368	0.30409	0.13561
-0.43875	0.46031	0.2112	-0.77523	0.5368	0.30409	0.13561
-0.43962	0.45769	0.2099	-0.7768	0.53557	0.30267	0.13466
-0.43962	0.45769	0.2099	-0.7768	0.53557	0.30267	0.13466
-0.44036	0.45497	0.2085	-0.77842	0.53436	0.30107	0.13367
-0.44036	0.45497	0.2085	-0.77842	0.53436	0.30107	0.13367
-0.44036	0.45497	0.2085	-0.77842	0.53436	0.30107	0.13367
-0.44091	0.45244	0.20712	-0.77992	0.53331	0.29947	0.13275
-0.44091	0.45244	0.20712	-0.77992	0.53331	0.29947	0.13275
-0.44149	0.44993	0.20578	-0.78141	0.53223	0.2979	0.13185
-0.44149	0.44993	0.20578	-0.78141	0.53223	0.2979	0.13185
-0.44149	0.44993	0.20578	-0.78141	0.53223	0.2979	0.13185
-0.44206	0.44739	0.20441	-0.78291	0.53114	0.29631	0.13094
-0.44206	0.44739	0.20441	-0.78291	0.53114	0.29631	0.13094
-0.44253	0.44517	0.20322	-0.78421	0.53019	0.29492	0.13015
-0.44253	0.44517	0.20322	-0.78421	0.53019	0.29492	0.13015
-0.44253	0.44517	0.20322	-0.78421	0.53019	0.29492	0.13015
-0.44314	0.44259	0.20192	-0.78572	0.52903	0.29339	0.12925
-0.44314	0.44259	0.20192	-0.78572	0.52903	0.29339	0.12925
-0.44375	0.44001	0.20064	-0.78722	0.52786	0.29186	0.12835
-0.44375	0.44001	0.20064	-0.78722	0.52786	0.29186	0.12835
-0.44375	0.44001	0.20064	-0.78722	0.52786	0.29186	0.12835
-0.4443	0.43744	0.19936	-0.7887	0.52671	0.29032	0.12746
-0.4443	0.43744	0.19936	-0.7887	0.52671	0.29032	0.12746
-0.44459	0.43514	0.19807	-0.79002	0.52579	0.28873	0.12666
-0.44459	0.43514	0.19807	-0.79002	0.52579	0.28873	0.12666
-0.44459	0.43514	0.19807	-0.79002	0.52579	0.28873	0.12666
-0.44506	0.43282	0.19691	-0.79136	0.52473	0.28733	0.12587
-0.44506	0.43282	0.19691	-0.79136	0.52473	0.28733	0.12587
-0.44542	0.43045	0.19565	-0.79272	0.52373	0.28578	0.12506
-0.44542	0.43045	0.19565	-0.79272	0.52373	0.28578	0.12506
-0.44542	0.43045	0.19565	-0.79272	0.52373	0.28578	0.12506
-0.44573	0.42815	0.19443	-0.79403	0.52276	0.28425	0.12427
-0.44573	0.42815	0.19443	-0.79403	0.52276	0.28425	0.12427
-0.44611	0.42588	0.19329	-0.79532	0.52174	0.28284	0.12351
-0.44611	0.42588	0.19329	-0.79532	0.52174	0.28284	0.12351
-0.44611	0.42588	0.19329	-0.79532	0.52174	0.28284	0.12351
-0.44663	0.42332	0.19208	-0.79677	0.52054	0.28134	0.12266
-0.44663	0.42332	0.19208	-0.79677	0.52054	0.28134	0.12266
-0.44701	0.42079	0.19081	-0.7982	0.51941	0.27974	0.12182
-0.44701	0.42079	0.19081	-0.7982	0.51941	0.27974	0.12182
-0.44701	0.42079	0.19081	-0.7982	0.51941	0.27974	0.12182
-0.44738	0.41831	0.18956	-0.79959	0.5183	0.27817	0.121
-0.44738	0.41831	0.18956	-0.79959	0.5183	0.27817	0.121
-0.44792	0.41563	0.18833	-0.8011	0.517	0.27663	0.12012
-0.44792	0.41563	0.18833	-0.8011	0.517	0.27663	0.12012
-0.44792	0.41563	0.18833	-0.8011	0.517	0.27663	0.12012
-0.44859	0.41301	0.18724	-0.80257	0.51563	0.27528	0.11928
-0.44859	0.41301	0.18724	-0.80257	0.51563	0.27528	0.11928
-0.44917	0.41026	0.18604	-0.8041	0.51425	0.27377	0.1184
-0.44917	0.41026	0.18604	-0.8041	0.51425	0.27377	0.1184
-0.44917	0.41026	0.18604	-0.8041	0.51425	0.27377	0.1184
-0.44966	0.4076	0.18484	-0.80558	0.51293	0.27225	0.11755
-0.44966	0.4076	0.18484	-0.80558	0.51293	0.27225	0.11755
-0.45028	0.40476	0.18364	-0.80715	0.51147	0.27073	0.11666
-0.45028	0.40476	0.18364	-0.80715	0.51147	0.27073	0.11666
-0.45028	0.40476	0.18364	-0.80715	0.51147	0.27073	0.11666
-0.45086	0.40222	0.1826	-0.80856	0.51013	0.2694	0.11585
-0.45086	0.40222	0.1826	-0.80856	0.51013	0.2694	0.11585
-0.45142	0.39941	0.18141	-0.8101	0.50868	0.26788	0.11498
-0.45142	0.39941	0.18141	-0.8101	0.50868	0.26788	0.11498
-0.45142	0.39941	0.18141	-0.8101	0.50868	0.26788	0.11498
-0.4517	0.39697	0.18027	-0.81144	0.50752	0.26637	0.11422
-0.4517	0.39697	0.18027	-0.81144	0.50752	0.26637	0.11422
-0.45232	0.39435	0.17925	-0.81287	0.50608	0.26507	0.11342
-0.45232	0.39435	0.17925	-0.81287	0.50608	0.26507	0.11342
-0.45232	0.39435	0.17925	-0.81287	0.50608	0.26507	0.11342
-0.45269	0.39184	0.17816	-0.81423	0.50482	0.26362	0.11265
-0.45269	0.39184	0.17816	-0.81423	0.50482	0.26362	0.11265
-0.45308	0.38916	0.177	-0.81568	0.50346	0.26207	0.11184
-0.45308	0.38916	0.177	-0.81568	0.50346	0.26207	0.11184
-0.45308	0.38916	0.177	-0.81568	0.50346	0.26207	0.11184
-0.45358	0.3866	0.17599	-0.81707	0.50208	0.26074	0.11107
-0.45358	0.3866	0.17599	-0.81707	0.50208	0.26074	0.11107
-0.45384	0.38405	0.17485	-0.81844	0.50081	0.25919	0.1103
-0.45384	0.38405	0.17485	-0.81844	0.50081	0.25919	0.1103
-0.45384	0.38405	0.17485	-0.81844	0.50081	0.25919	0.1103
-0.45405	0.3816	0.17374	-0.81975	0.49961	0.25768	0.10958
-0.45405	0.3816	0.17374	-0.81975	0.49961	0.25768	0.10958
-0.45419	0.3793	0.17268	-0.82098	0.49849	0.2562	0.10889
-0.45419	0.3793	0.17268	-0.82098	0.49849	0.2562	0.10889
-0.45419	0.3793	0.17268	-0.82098	0.49849	0.2562	0.10889
-0.45448	0.37681	0.17163	-0.82231	0.4972	0.25476	0.10816
-0.45448	0.37681	0.17163	-0.82231	0.4972	0.25476	0.10816
-0.45471	0.3745	0.17064	-0.82353	0.49602	0.25339	0.10749
-0.45471	0.3745	0.17064	-0.82353	0.49602	0.25339	0.10749
-0.45471	0.3745	0.17064	-0.82353	0.49602	0.25339	0.10749
-0.4551	0.3718	0.16958	-0.82496	0.49456	0.25193	0.10671
-0.4551	0.3718	0.16958	-0.82496	0.49456	0.25193	0.10671
-0.45528	0.36936	0.16852	-0.82625	0.49331	0.25044	0.106
-0.45528	0.36936	0.16852	-0.82625	0.49331	0.25044	0.106
-0.45528	0.36936	0.16852	-0.82625	0.49331	0.25044	0.106
-0.45572	0.36683	0.16759	-0.82759	0.49187	0.24916	0.10528
-0.45572	0.36683	0.16759	-0.82759	0.49187	0.24916	0.10528
-0.45606	0.36423	0.16658	-0.82895	0.49044	0.24775	0.10455
-0.45606	0.36423	0.16658	-0.82895	0.49044	0.24775	0.10455
-0.45606	0.36423	0.16658	-0.82895	0.49044	0.24775	0.10455
-0.45633	0.36175	0.1656	-0.83025	0.48909	0.24636	0.10385
-0.45633	0.36175	0.1656	-0.83025	0.48909	0.24636	0.10385
-0.45673	0.35908	0.16462	-0.83164	0.48756	0.24499	0.10311
-0.45673	0.35908	0.16462	-0.83164	0.48756	0.24499	0.10311
-0.45673	0.35908	0.16462	-0.83164	0.48756	0.24499	0.10311
-0.45722	0.35643	0.16372	-0.83302	0.48599	0.24374	0.10238
-0.45722	0.35643	0.16372	-0.83302	0.48599	0.24374	0.10238
-0.45742	0.35389	0.16272	-0.83434	0.48461	0.24228	0.10168
-0.45742	0.35389	0.16272	-0.83434	0.48461	0.24228	0.10168
-0.45742	0.35389	0.16272	-0.83434	0.48461	0.24228	0.10168
-0.45772	0.35131	0.16176	-0.83567	0.48314	0.24091	0.10098
-0.45772	0.35131	0.16176	-0.83567	0.48314	0.24091	0.10098
-0.45781	0.34894	0.16078	-0.83689	0.48188	0.23947	0.10033
-0.45781	0.34894	0.16078	-0.83689	0.48188	0.23947	0.10033
-0.45781	0.34894	0.16078	-0.83689	0.48188	0.23947	0.10033
-0.45807	0.34643	0.15986	-0.83818	0.48044	0.23813	0.09966
-0.45807	0.34643	0.15986	-0.83818	0.48044	0.23813	0.09966
-0.45844	0.34399	0.15904	-0.83943	0.47897	0.23695	0.09901
-0.45844	0.34399	0.15904	-0.83943	0.47897	0.23695	0.09901
-0.45844	0.34399	0.15904	-0.83943	0.47897	0.23695	0.09901
-0.4587	0.34141	0.15811	-0.84074	0.47748	0.23558	0.098324
-0.4587	0.34141	0.15811	-0.84074	0.47748	0.23558	0.098324
-0.45889	0.33887	0.15716	-0.84204	0.47603	0.23417	0.097658
-0.45889	0.33887	0.15716	-0.84204	0.47603	0.23417	0.097658
-0.45889	0.33887	0.15716	-0.84204	0.47603	0.23417	0.097658
-0.45897	0.33648	0.15623	-0.84325	0.4747	0.23276	0.09703
-0.45897	0.33648	0.15623	-0.84325	0.4747	0.23276	0.09703
-0.45901	0.33433	0.15538	-0.84433	0.47351	0.23148	0.096471
-0.45901	0.33433	0.15538	-0.84433	0.47351	0.23148	0.096471
-0.45901	0.33433	0.15538	-0.84433	0.47351	0.23148	0.096471
-0.45906	0.33204	0.1545	-0.84549	0.47223	0.23013	0.095879
-0.45906	0.33204	0.1545	-0.84549	0.47223	0.23013	0.095879
-0.45902	0.32991	0.15364	-0.84655	0.47108	0.22879	0.095335
-0.45902	0.32991	0.15364	-0.84655	0.47108	0.22879	0.095335
-0.45902	0.32991	0.15364	-0.84655	0.47108	0.22879	0.095335
-0.45922	0.32747	0.1528	-0.84778	0.46962	0.22752	0.094713
-0.45922	0.32747	0.1528	-0.84778	0.46962	0.22752	0.094713
-0.45951	0.32497	0.152	-0.84903	0.46807	0.2263	0.094079
-0.45951	0.32497	0.152	-0.84903	0.46807	0.2263	0.094079
-0.45951	0.32497	0.152	-0.84903	0.46807	0.2263	0.094079
-0.45968	0.32269	0.15122	-0.85017	0.46669	0.22511	0.09351
-0.45968	0.32269	0.15122	-0.85017	0.46669	0.22511	0.09351
-0.45986	0.32016	0.15037	-0.85143	0.46514	0.22379	0.092881
-0.45986	0.32016	0.15037	-0.85143	0.46514	0.22379	0.092881
-0.45986	0.32016	0.15037	-0.85143	0.46514	0.22379	0.092881
-0.46007	0.31752	0.1495	-0.85273	0.46352	0.22245	0.092228
-0.46007	0.31752	0.1495	-0.85273	0.46352	0.22245	0.092228
-0.46031	0.31517	0.14877	-0.8539	0.46203	0.22132	0.091654
-0.46031	0.31517	0.14877	-0.8539	0.46203	0.22132	0.091654
-0.46031	0.31517	0.14877	-0.8539	0.46203	0.22132	0.091654
-0.46049	0.31263	0.14794	-0.85515	0.46045	0.22003	0.091037
-0.46049	0.31263	0.14794	-0.85515	0.46045	0.22003	0.091037
-0.4609	0.30989	0.14718	-0.8565	0.45863	0.21886	0.090375
-0.4609	0.30989	0.14718	-0.8565	0.45863	0.21886	0.090375
-0.4609	0.30989	0.14718	-0.8565	0.45863	0.21886	0.090375
-0.46116	0.30745	0.14645	-0.85769	0.45704	0.21774	0.089794
-0.46116	0.30745	0.14645	-0.85769	0.45704	0.21774	0.089794
-0.46142	0.30482	0.14568	-0.85898	0.45533	0.21652	0.089168
-0.46142	0.30482	0.14568	-0.85898	0.45533	0.21652	0.089168
-0.46142	0.30482	0.14568	-0.85898	0.45533	0.21652	0.089168
-0.46162	0.30229	0.14491	-0.86021	0.4537	0.2153	0.088572
-0.46162	0.30229	0.14491	-0.86021	0.4537	0.2153	0.088572
-0.46169	0.29992	0.14414	-0.86136	0.45221	0.21405	0.088016
-0.46169	0.29992	0.14414	-0.86136	0.45221	0.21405	0.088016
-0.46169	0.29992	0.14414	-0.86136	0.45221	0.21405	0.088016
-0.46198	0.29738	0.14344	-0.86259	0.4505	0.21295	0.087427
-0.46198	0.29738	0.14344	-0.86259	0.4505	0.21295	0.087427
-0.46222	0.29475	0.14269	-0.86386	0.44875	0.21174	0.08682
-0.46222	0.29475	0.14269	-0.86386	0.44875	0.21174	0.08682
-0.46222	0.29475	0.14269	-0.86386	0.44875	0.21174	0.08682
-0.46239	0.29231	0.14197	-0.86503	0.44713	0.21059	0.086261
-0.46239	0.29231	0.14197	-0.86503	0.44713	0.21059	0.086261
-0.46263	0.29	0.14135	-0.86614	0.44556	0.20959	0.085738
-0.46263	0.29	0.14135	-0.86614	0.44556	0.20959	0.085738
-0.46263	0.29	0.14135	-0.86614	0.44556	0.20959	0.085738
-0.46269	0.28783	0.14068	-0.86718	0.44415	0.20849	0.085249
-0.46269	0.28783	0.14068	-0.86718	0.44415	0.20849	0.085249
-0.46281	0.28545	0.13999	-0.86831	0.44257	0.20735	0.084715
-0.46281	0.28545	0.13999	-0.86831	0.44257	0.20735	0.084715
-0.46281	0.28545	0.13999	-0.86831	0.44257	0.20735	0.084715
-0.46281	0.28314	0.13927	-0.86941	0.44107	0.20614	0.084204
-0.46281	0.28314	0.13927	-0.86941	0.44107	0.20614	0.084204
-0.46308	0.28059	0.13862	-0.87062	0.43928	0.20508	0.08364
-0.46308	0.28059	0.13862	-0.87062	0.43928	0.20508	0.08364
-0.46308	0.28059	0.13862	-0.87062	0.43928	0.20508	0.08364
-0.46318	0.278	0.13788	-0.87184	0.43754	0.20384	0.083072
-0.46318	0.278	0.13788	-0.87184	0.43754	0.20384	0.083072
-0.4632	0.27566	0.13718	-0.87294	0.43599	0.20266	0.082567
-0.4632	0.27566	0.13718	-0.87294	0.43599	0.20266	0.082567
-0.4632	0.27566	0.13718	-0.87294	0.43599	0.20266	0.082567
-0.46338	0.27308	0.13651	-0.87416	0.43418	0.20153	0.082007
-0.46338	0.27308	0.13651	-0.87416	0.43418	0.20153	0.082007
-0.46356	0.27056	0.13586	-0.87533	0.43241	0.20044	0.08147
-0.46356	0.27056	0.13586	-0.87533	0.43241	0.20044	0.08147
-0.46356	0.27056	0.13586	-0.87533	0.43241	0.20044	0.08147
-0.46398	0.26787	0.13529	-0.87658	0.4304	0.19953	0.0809
-0.46398	0.26787	0.13529	-0.87658	0.4304	0.19953	0.0809
-0.46432	0.26508	0.13467	-0.87788	0.42834	0.19849	0.080309
-0.46432	0.26508	0.13467	-0.87788	0.42834	0.19849	0.080309
-0.46432	0.26508	0.13467	-0.87788	0.42834	0.19849	0.080309
-0.46447	0.26246	0.13401	-0.87909	0.42648	0.19737	0.079763
-0.46447	0.26246	0.13401	-0.87909	0.42648	0.19737	0.079763
-0.46473	0.25988	0.13342	-0.88028	0.42458	0.19638	0.079228
-0.46473	0.25988	0.13342	-0.88028	0.42458	0.19638	0.079228
-0.46473	0.25988	0.13342	-0.88028	0.42458	0.19638	0.079228
-0.46486	0.25726	0.13277	-0.88148	0.42269	0.19526	0.078689
-0.46486	0.25726	0.13277	-0.88148	0.42269	0.19526	0.078689
-0.46499	0.25458	0.13211	-0.88271	0.42076	0.19412	0.078145
-0.46499	0.25458	0.13211	-0.88271	0.42076	0.19412	0.078145
-0.46499	0.25458	0.13211	-0.88271	0.42076	0.19412	0.078145
-0.46509	0.25212	0.1315	-0.88383	0.41897	0.19307	0.077649
-0.46509	0.25212	0.1315	-0.88383	0.41897	0.19307	0.077649
-0.46533	0.24945	0.13092	-0.88504	0.41697	0.19207	0.077113
-0.46533	0.24945	0.13092	-0.88504	0.41697	0.19207	0.077113
-0.46533	0.24945	0.13092	-0.88504	0.41697	0.19207	0.077113
