0.77802	3.9038	2.2818	2.3029	6.3083	11.754
0.77802	3.9038	2.2818	2.3029	6.3083	11.754
0.77802	3.9038	2.2818	2.3029	6.3083	11.754
0.77802	3.9038	2.2818	2.3029	6.3083	11.754
0.77802	3.9038	2.2818	2.3029	6.3083	11.754
0.77802	3.9038	2.2818	2.3029	6.3083	11.754
0.77802	3.9038	2.2818	2.3029	6.3083	11.754
0.77802	3.9038	2.2818	2.3029	6.3083	11.754
0.77802	3.9038	2.2818	2.3029	6.3083	11.754
0.77802	3.9038	2.2818	2.3029	6.3083	11.754
0.77802	3.9038	2.2818	2.3029	6.3083	11.754
0.77802	3.9038	2.2818	2.3029	6.3083	11.754
0.77802	3.9038	2.2818	2.3029	6.3083	11.754
0.77802	3.9038	2.2818	2.3029	6.3083	11.754
0.77802	3.9038	2.2818	2.3029	6.3083	11.754
0.77802	3.9038	2.2818	2.3029	6.3083	11.754
0.77802	3.9038	2.2818	2.3029	6.3083	11.754
0.77802	3.9038	2.2818	2.3029	6.3083	11.754
0.77802	3.9038	2.2818	2.3029	6.3083	11.754
0.77802	3.9038	2.2818	2.3029	6.3083	11.754
0.77802	3.9038	2.2818	2.3029	6.3083	11.754
0.77802	3.9038	2.2818	2.3029	6.3083	11.754
0.77802	3.9038	2.2818	2.3029	6.3083	11.754
0.77802	3.9038	2.2818	2.3029	6.3083	11.754
0.77802	3.9038	2.2818	2.3029	6.3083	11.754
0.77802	3.9038	2.2818	2.3029	6.3083	11.754
0.77802	3.9038	2.2818	2.3029	6.3083	11.754
0.77802	3.9038	2.2818	2.3029	6.3083	11.754
0.77802	3.9038	2.2818	2.3029	6.3083	11.754
0.77802	3.9038	2.2818	2.3029	6.3083	11.754
0.77802	3.9038	2.2818	2.3029	6.3083	11.754
0.77802	3.9038	2.2818	2.3029	6.3083	11.754
0.77802	3.9038	2.2818	2.3029	6.3083	11.754
0.77802	3.9038	2.2818	2.3029	6.3083	11.754
0.77802	3.9038	2.2818	2.3029	6.3083	11.754
0.77802	3.9038	2.2818	2.3029	6.3083	11.754
0.77802	3.9038	2.2818	2.3029	6.3083	11.754
0.77802	3.9038	2.2818	2.3029	6.3083	11.754
0.77802	3.9038	2.2818	2.3029	6.3083	11.754
0.77802	3.9038	2.2818	2.3029	6.3083	11.754
0.77802	3.9038	2.2818	2.3029	6.3083	11.754
0.77802	3.9038	2.2818	2.3029	6.3083	11.754
0.77802	3.9038	2.2818	2.3029	6.3083	11.754
0.77802	3.9038	2.2818	2.3029	6.3083	11.754
0.77802	3.9038	2.2818	2.3029	6.3083	11.754
0.77802	3.9038	2.2818	2.3029	6.3083	11.754
0.77802	3.9038	2.2818	2.3029	6.3083	11.754
0.77802	3.9038	2.2818	2.3029	6.3083	11.754
0.77802	3.9038	2.2818	2.3029	6.3083	11.754
0.77802	3.9038	2.2818	2.3029	6.3083	11.754
0.77802	3.9038	2.2818	2.3029	6.3083	11.754
0.77802	3.9038	2.2818	2.3029	6.3083	11.754
0.77802	3.9038	2.2818	2.3029	6.3083	11.754
0.77802	3.9038	2.2818	2.3029	6.3083	11.754
0.77802	3.9038	2.2818	2.3029	6.3083	11.754
0.77801	3.9038	2.2818	2.3029	6.3083	11.754
0.77801	3.9038	2.2818	2.3029	6.3083	11.754
0.77801	3.9038	2.2818	2.3029	6.3083	11.754
0.77801	3.9038	2.2818	2.3029	6.3083	11.754
0.77801	3.9038	2.2818	2.3029	6.3083	11.754
0.77801	3.9038	2.2818	2.3029	6.3083	11.754
0.77801	3.9038	2.2818	2.3029	6.3083	11.754
0.77801	3.9038	2.2818	2.3029	6.3083	11.754
0.77801	3.9038	2.2818	2.3029	6.3083	11.754
0.77801	3.9038	2.2818	2.3029	6.3083	11.754
0.77801	3.9038	2.2818	2.3029	6.3083	11.754
0.77801	3.9038	2.2818	2.3029	6.3083	11.754
0.77801	3.9038	2.2818	2.3029	6.3083	11.754
0.77801	3.9038	2.2818	2.3029	6.3083	11.754
0.77801	3.9038	2.2818	2.3029	6.3083	11.754
0.77801	3.9038	2.2818	2.3029	6.3083	11.754
0.77801	3.9038	2.2818	2.3029	6.3083	11.754
0.77801	3.9038	2.2818	2.3029	6.3083	11.754
0.77801	3.9038	2.2818	2.3029	6.3083	11.754
0.77801	3.9038	2.2818	2.3029	6.3083	11.754
0.77801	3.9038	2.2818	2.3029	6.3083	11.754
0.77801	3.9038	2.2818	2.3029	6.3083	11.754
0.77801	3.9038	2.2818	2.3029	6.3083	11.754
0.77801	3.9038	2.2818	2.3029	6.3083	11.754
0.77801	3.9038	2.2818	2.3029	6.3083	11.754
0.77801	3.9038	2.2818	2.3029	6.3083	11.754
0.77801	3.9038	2.2818	2.3029	6.3083	11.754
0.77801	3.9038	2.2818	2.3029	6.3083	11.754
0.77801	3.9038	2.2818	2.3029	6.3083	11.754
0.77801	3.9038	2.2818	2.3029	6.3083	11.754
0.778	3.9038	2.2818	2.3029	6.3083	11.754
0.778	3.9038	2.2818	2.3029	6.3083	11.754
0.778	3.9038	2.2818	2.3029	6.3083	11.754
0.778	3.9038	2.2818	2.3029	6.3083	11.754
0.778	3.9038	2.2818	2.3029	6.3083	11.754
0.778	3.9038	2.2818	2.3029	6.3083	11.754
0.778	3.9038	2.2818	2.3029	6.3083	11.754
0.778	3.9038	2.2818	2.3029	6.3083	11.754
0.778	3.9038	2.2818	2.3029	6.3083	11.754
0.778	3.9038	2.2818	2.3029	6.3083	11.754
0.778	3.9038	2.2818	2.3029	6.3083	11.754
0.778	3.9038	2.2818	2.3029	6.3083	11.754
0.778	3.9038	2.2818	2.3029	6.3083	11.754
0.778	3.9038	2.2818	2.3029	6.3083	11.754
0.778	3.9038	2.2818	2.3029	6.3083	11.754
0.77799	3.9038	2.2818	2.3029	6.3083	11.754
0.77799	3.9038	2.2818	2.3029	6.3083	11.754
0.77799	3.9038	2.2818	2.3029	6.3083	11.754
0.77799	3.9038	2.2818	2.3029	6.3083	11.754
0.77799	3.9038	2.2818	2.3029	6.3083	11.754
0.77799	3.9038	2.2818	2.3029	6.3083	11.754
0.77799	3.9038	2.2818	2.3029	6.3083	11.754
0.77799	3.9038	2.2818	2.3029	6.3083	11.754
0.77799	3.9038	2.2818	2.3029	6.3083	11.754
0.77799	3.9038	2.2818	2.3029	6.3083	11.754
0.77799	3.9038	2.2818	2.3029	6.3083	11.754
0.77799	3.9038	2.2818	2.3029	6.3083	11.754
0.77799	3.9038	2.2818	2.3029	6.3083	11.754
0.77799	3.9038	2.2817	2.3029	6.3083	11.754
0.77799	3.9038	2.2817	2.3029	6.3083	11.754
0.77799	3.9038	2.2817	2.3029	6.3083	11.754
0.77799	3.9038	2.2817	2.3029	6.3083	11.754
0.77799	3.9038	2.2817	2.3029	6.3083	11.754
0.77799	3.9038	2.2817	2.3029	6.3083	11.754
0.77799	3.9038	2.2817	2.3029	6.3083	11.754
0.77798	3.9038	2.2816	2.3029	6.3083	11.754
0.77798	3.9038	2.2816	2.3029	6.3083	11.754
0.77798	3.9038	2.2816	2.3029	6.3083	11.754
0.77798	3.9038	2.2815	2.3029	6.3083	11.754
0.77798	3.9038	2.2815	2.3029	6.3083	11.754
0.77797	3.9038	2.2815	2.3029	6.3083	11.754
0.77797	3.9038	2.2815	2.3029	6.3083	11.754
0.77797	3.9038	2.2815	2.3029	6.3083	11.754
0.77797	3.9038	2.2814	2.3029	6.3083	11.754
0.77797	3.9038	2.2814	2.3029	6.3083	11.754
0.77796	3.9038	2.2813	2.3029	6.3083	11.754
0.77796	3.9038	2.2813	2.3029	6.3083	11.754
0.77796	3.9038	2.2813	2.3029	6.3083	11.754
0.77796	3.9038	2.2811	2.3029	6.3083	11.754
0.77796	3.9038	2.2811	2.3029	6.3083	11.754
0.77796	3.9038	2.2808	2.3029	6.3083	11.754
0.77796	3.9038	2.2808	2.3029	6.3083	11.754
0.77795	3.9038	2.2808	2.3029	6.3083	11.754
0.77795	3.9038	2.2806	2.3029	6.3083	11.754
0.77795	3.9038	2.2806	2.3029	6.3083	11.754
0.77795	3.9039	2.2803	2.3029	6.3083	11.754
0.77795	3.9039	2.2803	2.3029	6.3083	11.754
0.77794	3.9039	2.2803	2.3029	6.3083	11.754
0.77794	3.9039	2.2799	2.3029	6.3083	11.754
0.77794	3.9039	2.2799	2.3029	6.3083	11.754
0.77794	3.9039	2.2795	2.3029	6.3083	11.754
0.77794	3.9039	2.2795	2.3029	6.3083	11.754
0.77793	3.9039	2.2795	2.3029	6.3083	11.754
0.77793	3.9039	2.2792	2.3029	6.3083	11.754
0.77793	3.9039	2.2792	2.3029	6.3083	11.754
0.77792	3.904	2.2787	2.3029	6.3083	11.754
0.77792	3.904	2.2787	2.3029	6.3083	11.754
0.77791	3.904	2.2787	2.3029	6.3083	11.754
0.77791	3.904	2.2782	2.3029	6.3083	11.754
0.77791	3.904	2.2782	2.3029	6.3083	11.754
0.77791	3.904	2.2774	2.3029	6.3083	11.754
0.77791	3.904	2.2774	2.3029	6.3083	11.754
0.7779	3.9041	2.2774	2.3029	6.3083	11.754
0.7779	3.9041	2.2766	2.3029	6.3083	11.754
0.7779	3.9041	2.2766	2.3029	6.3083	11.754
0.77789	3.9041	2.2757	2.3029	6.3083	11.754
0.77789	3.9041	2.2757	2.3029	6.3083	11.754
0.77788	3.9041	2.2757	2.3029	6.3083	11.754
0.77788	3.9041	2.2747	2.3029	6.3083	11.754
0.77788	3.9041	2.2747	2.3029	6.3083	11.754
0.77788	3.9041	2.2736	2.3029	6.3083	11.754
0.77788	3.9041	2.2736	2.3029	6.3083	11.754
0.77787	3.9041	2.2736	2.3029	6.3083	11.754
0.77787	3.9041	2.2723	2.3029	6.3083	11.754
0.77787	3.9041	2.2723	2.3029	6.3083	11.754
0.77786	3.9041	2.271	2.3029	6.3083	11.754
0.77786	3.9041	2.271	2.3029	6.3083	11.754
0.77785	3.9041	2.271	2.3029	6.3083	11.754
0.77785	3.9041	2.2693	2.3029	6.3083	11.754
0.77785	3.9041	2.2693	2.3029	6.3083	11.754
0.77783	3.9041	2.2673	2.3029	6.3083	11.754
0.77783	3.9041	2.2673	2.3029	6.3083	11.754
0.77781	3.9041	2.2673	2.3029	6.3083	11.754
0.77781	3.9041	2.2651	2.3029	6.3083	11.754
0.77781	3.9041	2.2651	2.3029	6.3083	11.754
0.77779	3.9041	2.2626	2.3029	6.3083	11.754
0.77779	3.9041	2.2626	2.3029	6.3083	11.754
0.77777	3.9041	2.2626	2.3029	6.3083	11.754
0.77777	3.9041	2.2604	2.3029	6.3083	11.754
0.77777	3.9041	2.2604	2.3029	6.3083	11.754
0.77775	3.9041	2.2577	2.3029	6.3083	11.754
0.77775	3.9041	2.2577	2.3029	6.3083	11.754
0.77772	3.9041	2.2577	2.3029	6.3083	11.754
0.77772	3.9041	2.255	2.3029	6.3083	11.754
0.77772	3.9041	2.255	2.3029	6.3083	11.754
0.77769	3.9041	2.2521	2.3029	6.3083	11.754
0.77769	3.9041	2.2521	2.3029	6.3083	11.754
0.77766	3.9041	2.2521	2.3029	6.3083	11.754
0.77766	3.9041	2.2493	2.3029	6.3083	11.754
0.77766	3.9041	2.2493	2.3029	6.3083	11.754
0.77763	3.9042	2.2467	2.3029	6.3083	11.754
0.77763	3.9042	2.2467	2.3029	6.3083	11.754
0.7776	3.9042	2.2467	2.3029	6.3083	11.754
0.7776	3.9042	2.2437	2.3029	6.3083	11.754
0.7776	3.9042	2.2437	2.3029	6.3083	11.754
0.77757	3.9043	2.2406	2.3029	6.3083	11.754
0.77757	3.9043	2.2406	2.3029	6.3083	11.754
0.77754	3.9043	2.2406	2.3029	6.3083	11.754
0.77754	3.9043	2.2375	2.3029	6.3083	11.754
0.77754	3.9043	2.2375	2.3029	6.3083	11.754
0.7775	3.9043	2.2345	2.3029	6.3083	11.754
0.7775	3.9043	2.2345	2.3029	6.3083	11.754
0.77748	3.9043	2.2345	2.3029	6.3083	11.754
0.77748	3.9043	2.2345	2.3029	6.3083	11.754
0.77748	3.9043	2.2345	2.3029	6.3083	11.754
0.77745	3.9043	2.2275	2.3029	6.3083	11.754
0.77745	3.9043	2.2275	2.3029	6.3083	11.754
0.77742	3.9043	2.2275	2.3029	6.3083	11.754
0.77742	3.9043	2.2242	2.3029	6.3083	11.754
0.77742	3.9043	2.2242	2.3029	6.3083	11.754
0.77738	3.9043	2.2205	2.3029	6.3083	11.754
0.77738	3.9043	2.2205	2.3029	6.3083	11.754
0.77731	3.9043	2.2205	2.3029	6.3083	11.754
0.77731	3.9043	2.2168	2.3029	6.3083	11.754
0.77731	3.9043	2.2168	2.3029	6.3083	11.754
0.77724	3.9043	2.213	2.3029	6.3083	11.754
0.77724	3.9043	2.213	2.3029	6.3083	11.754
0.77717	3.9043	2.213	2.3029	6.3083	11.754
0.77717	3.9043	2.2092	2.3029	6.3083	11.754
0.77717	3.9043	2.2092	2.3029	6.3083	11.754
0.77709	3.9043	2.2053	2.3029	6.3083	11.754
0.77709	3.9043	2.2053	2.3029	6.3083	11.754
0.77703	3.9043	2.2053	2.3029	6.3083	11.754
0.77703	3.9043	2.2016	2.3029	6.3083	11.754
0.77703	3.9043	2.2016	2.3029	6.3083	11.754
0.77697	3.9043	2.1983	2.3029	6.3083	11.754
0.77697	3.9043	2.1983	2.3029	6.3083	11.754
0.77692	3.9043	2.1983	2.3029	6.3083	11.754
0.77692	3.9043	2.1946	2.3029	6.3083	11.754
0.77692	3.9043	2.1946	2.3029	6.3083	11.754
0.77689	3.9044	2.1909	2.3029	6.3083	11.754
0.77689	3.9044	2.1909	2.3029	6.3083	11.754
0.77685	3.9044	2.1909	2.3029	6.3083	11.754
0.77685	3.9044	2.1874	2.3029	6.3083	11.754
0.77685	3.9044	2.1874	2.3029	6.3083	11.754
0.77682	3.9044	2.1836	2.3029	6.3082	11.754
0.77682	3.9044	2.1836	2.3029	6.3082	11.754
0.77678	3.9044	2.1836	2.3029	6.3082	11.754
0.77678	3.9044	2.1803	2.3029	6.3082	11.754
0.77678	3.9044	2.1803	2.3029	6.3082	11.754
0.77675	3.9044	2.1767	2.3029	6.3082	11.754
0.77675	3.9044	2.1767	2.3029	6.3082	11.754
0.77673	3.9044	2.1767	2.3029	6.3082	11.754
0.77673	3.9044	2.1731	2.3029	6.3082	11.754
0.77673	3.9044	2.1731	2.3029	6.3082	11.754
0.77669	3.9044	2.1695	2.3029	6.3082	11.754
0.77669	3.9044	2.1695	2.3029	6.3082	11.754
0.77664	3.9044	2.1695	2.3029	6.3082	11.754
0.77664	3.9044	2.1695	2.3029	6.3082	11.754
0.77664	3.9044	2.1695	2.3029	6.3082	11.754
0.77658	3.9044	2.1623	2.3029	6.3082	11.754
0.77658	3.9044	2.1623	2.3029	6.3082	11.754
0.77654	3.9044	2.1623	2.3029	6.3082	11.754
0.77654	3.9044	2.1589	2.3029	6.3082	11.754
0.77654	3.9044	2.1589	2.3029	6.3082	11.754
0.77648	3.9044	2.1552	2.3029	6.3082	11.754
0.77648	3.9044	2.1552	2.3029	6.3082	11.754
0.77641	3.9044	2.1552	2.3029	6.3082	11.754
0.77641	3.9044	2.1516	2.3029	6.3082	11.754
0.77641	3.9044	2.1516	2.3029	6.3082	11.754
0.77632	3.9044	2.148	2.3029	6.3082	11.754
0.77632	3.9044	2.148	2.3029	6.3082	11.754
0.77621	3.9044	2.148	2.3029	6.3082	11.754
0.77621	3.9044	2.1446	2.3029	6.3082	11.754
0.77621	3.9044	2.1446	2.3029	6.3082	11.754
0.77612	3.9044	2.1414	2.3029	6.3082	11.754
0.77612	3.9044	2.1414	2.3029	6.3082	11.754
0.77605	3.9045	2.1414	2.3029	6.3082	11.754
0.77605	3.9045	2.1377	2.3029	6.3082	11.754
0.77605	3.9045	2.1377	2.3029	6.3082	11.754
0.77599	3.9045	2.1341	2.3029	6.3082	11.754
0.77599	3.9045	2.1341	2.3029	6.3082	11.754
0.77594	3.9046	2.1341	2.3029	6.3082	11.754
0.77594	3.9046	2.1306	2.3029	6.3082	11.754
0.77594	3.9046	2.1306	2.3029	6.3082	11.754
0.77588	3.9046	2.127	2.3029	6.3082	11.754
0.77588	3.9046	2.127	2.3029	6.3082	11.754
0.77581	3.9046	2.127	2.3029	6.3082	11.754
0.77581	3.9046	2.1237	2.3029	6.3082	11.754
0.77581	3.9046	2.1237	2.3029	6.3082	11.754
0.77573	3.9046	2.12	2.3029	6.3082	11.754
0.77573	3.9046	2.12	2.3029	6.3082	11.754
0.77562	3.9046	2.12	2.3029	6.3082	11.754
0.77562	3.9046	2.116	2.3029	6.3082	11.754
0.77562	3.9046	2.116	2.3029	6.3082	11.754
0.77545	3.9046	2.1119	2.3029	6.3081	11.754
0.77545	3.9046	2.1119	2.3029	6.3081	11.754
0.77515	3.9046	2.1119	2.3029	6.3081	11.754
0.77515	3.9046	2.1084	2.3029	6.3081	11.754
0.77515	3.9046	2.1084	2.3029	6.3081	11.754
0.77484	3.9046	2.1042	2.3029	6.308	11.754
0.77484	3.9046	2.1042	2.3029	6.308	11.754
0.77446	3.9046	2.1042	2.3029	6.308	11.754
0.77446	3.9046	2.1002	2.3029	6.3079	11.754
0.77446	3.9046	2.1002	2.3029	6.3079	11.754
0.7739	3.9046	2.096	2.3029	6.3079	11.754
0.7739	3.9046	2.096	2.3029	6.3079	11.754
0.77327	3.9046	2.096	2.3029	6.3079	11.754
0.77327	3.9046	2.092	2.3029	6.3078	11.754
0.77327	3.9046	2.092	2.3029	6.3078	11.754
0.77248	3.9046	2.0882	2.3029	6.3077	11.754
0.77248	3.9046	2.0882	2.3029	6.3077	11.754
0.77155	3.9047	2.0882	2.3029	6.3077	11.754
0.77155	3.9047	2.0841	2.3029	6.3076	11.754
0.77155	3.9047	2.0841	2.3029	6.3076	11.754
0.7706	3.9048	2.08	2.3029	6.3075	11.754
0.7706	3.9048	2.08	2.3029	6.3075	11.754
0.76959	3.9048	2.08	2.3029	6.3075	11.754
0.76959	3.9048	2.0762	2.3029	6.3073	11.754
0.76959	3.9048	2.0762	2.3029	6.3073	11.754
0.7685	3.9048	2.0719	2.3029	6.3071	11.754
0.7685	3.9048	2.0719	2.3029	6.3071	11.754
0.76748	3.9048	2.0719	2.3029	6.3071	11.754
0.76748	3.9048	2.0674	2.3029	6.3069	11.754
0.76748	3.9048	2.0674	2.3029	6.3069	11.754
0.76626	3.9048	2.0628	2.3029	6.3067	11.754
0.76626	3.9048	2.0628	2.3029	6.3067	11.754
0.76521	3.9048	2.0628	2.3029	6.3067	11.754
0.76521	3.9048	2.0585	2.3029	6.3064	11.754
0.76521	3.9048	2.0585	2.3029	6.3064	11.754
0.76394	3.9048	2.0537	2.3029	6.306	11.754
0.76394	3.9048	2.0537	2.3029	6.306	11.754
0.76275	3.9048	2.0537	2.3029	6.306	11.754
0.76275	3.9048	2.0488	2.3029	6.3056	11.754
0.76275	3.9048	2.0488	2.3029	6.3056	11.754
0.76135	3.9048	2.0442	2.3029	6.3054	11.754
0.76135	3.9048	2.0442	2.3029	6.3054	11.754
0.76001	3.9048	2.0442	2.3029	6.3054	11.754
0.76001	3.9048	2.0389	2.3029	6.3052	11.754
0.76001	3.9048	2.0389	2.3029	6.3052	11.754
0.7586	3.9048	2.0337	2.3029	6.3048	11.754
0.7586	3.9048	2.0337	2.3029	6.3048	11.754
0.75721	3.9048	2.0337	2.3029	6.3048	11.754
0.75721	3.9048	2.0288	2.3029	6.3046	11.754
0.75721	3.9048	2.0288	2.3029	6.3046	11.754
0.75588	3.9048	2.0234	2.3029	6.3044	11.754
0.75588	3.9048	2.0234	2.3029	6.3044	11.754
0.75469	3.9048	2.0234	2.3029	6.3044	11.754
0.75469	3.9048	2.0181	2.3029	6.3043	11.754
0.75469	3.9048	2.0181	2.3029	6.3043	11.754
0.75348	3.9048	2.0125	2.3029	6.304	11.754
0.75348	3.9048	2.0125	2.3029	6.304	11.754
0.7523	3.9048	2.0125	2.3029	6.304	11.754
0.7523	3.9048	2.0074	2.3029	6.3036	11.754
0.7523	3.9048	2.0074	2.3029	6.3036	11.754
0.7513	3.9048	2.0016	2.3029	6.3033	11.754
0.7513	3.9048	2.0016	2.3029	6.3033	11.754
0.75031	3.9048	2.0016	2.3029	6.3033	11.754
0.75031	3.9048	1.9959	2.3029	6.3031	11.754
0.75031	3.9048	1.9959	2.3029	6.3031	11.754
0.7493	3.9048	1.9904	2.3029	6.3028	11.754
0.7493	3.9048	1.9904	2.3029	6.3028	11.754
0.74832	3.9048	1.9904	2.3029	6.3028	11.754
0.74832	3.9048	1.9846	2.3029	6.3024	11.754
0.74832	3.9048	1.9846	2.3029	6.3024	11.754
0.74728	3.9048	1.9787	2.3029	6.3021	11.754
0.74728	3.9048	1.9787	2.3029	6.3021	11.754
0.74629	3.9048	1.9787	2.3029	6.3021	11.754
0.74629	3.9048	1.973	2.3029	6.3019	11.754
0.74629	3.9048	1.973	2.3029	6.3019	11.754
0.74514	3.9048	1.9677	2.3029	6.3016	11.754
0.74514	3.9048	1.9677	2.3029	6.3016	11.754
0.74384	3.9048	1.9677	2.3029	6.3016	11.754
0.74384	3.9048	1.962	2.3029	6.3012	11.754
0.74384	3.9048	1.962	2.3029	6.3012	11.754
0.74232	3.9048	1.9564	2.3029	6.301	11.754
0.74232	3.9048	1.9564	2.3029	6.301	11.754
0.74071	3.9048	1.9564	2.3029	6.301	11.754
0.74071	3.9048	1.9508	2.3029	6.3008	11.754
0.74071	3.9048	1.9508	2.3029	6.3008	11.754
0.73873	3.9048	1.946	2.3029	6.3007	11.754
0.73873	3.9048	1.946	2.3029	6.3007	11.754
0.73671	3.9048	1.946	2.3029	6.3007	11.754
0.73671	3.9048	1.9405	2.3029	6.3005	11.754
0.73671	3.9048	1.9405	2.3029	6.3005	11.754
0.73448	3.9048	1.935	2.3029	6.3003	11.754
0.73448	3.9048	1.935	2.3029	6.3003	11.754
0.73226	3.9048	1.935	2.3029	6.3003	11.754
0.73226	3.9048	1.9302	2.3029	6.3002	11.754
0.73226	3.9048	1.9302	2.3029	6.3002	11.754
0.73033	3.9048	1.925	2.3029	6.3001	11.754
0.73033	3.9048	1.925	2.3029	6.3001	11.754
0.72813	3.9048	1.925	2.3029	6.3001	11.754
0.72813	3.9048	1.9197	2.3029	6.2999	11.754
0.72813	3.9048	1.9197	2.3029	6.2999	11.754
0.7262	3.9048	1.9142	2.3029	6.2999	11.754
0.7262	3.9048	1.9142	2.3029	6.2999	11.754
0.72408	3.9048	1.9142	2.3029	6.2999	11.754
0.72408	3.9048	1.9092	2.3029	6.2998	11.754
0.72408	3.9048	1.9092	2.3029	6.2998	11.754
0.72209	3.9047	1.9036	2.3029	6.2998	11.754
0.72209	3.9047	1.9036	2.3029	6.2998	11.754
0.72022	3.9047	1.9036	2.3029	6.2998	11.754
0.72022	3.9047	1.8986	2.3029	6.2998	11.754
0.72022	3.9047	1.8986	2.3029	6.2998	11.754
0.71823	3.9047	1.893	2.3029	6.2997	11.754
0.71823	3.9047	1.893	2.3029	6.2997	11.754
0.71601	3.9047	1.893	2.3029	6.2997	11.754
0.71601	3.9047	1.8874	2.3029	6.2996	11.754
0.71601	3.9047	1.8874	2.3029	6.2996	11.754
0.71389	3.9047	1.882	2.3029	6.2996	11.754
0.71389	3.9047	1.882	2.3029	6.2996	11.754
0.71164	3.9047	1.882	2.3029	6.2996	11.754
0.71164	3.9047	1.8771	2.3029	6.2995	11.754
0.71164	3.9047	1.8771	2.3029	6.2995	11.754
0.70951	3.9047	1.8717	2.3029	6.2994	11.754
0.70951	3.9047	1.8717	2.3029	6.2994	11.754
0.70751	3.9047	1.8717	2.3029	6.2994	11.754
0.70751	3.9047	1.8663	2.3029	6.2992	11.754
0.70751	3.9047	1.8663	2.3029	6.2992	11.754
0.70578	3.9047	1.8615	2.3029	6.299	11.754
0.70578	3.9047	1.8615	2.3029	6.299	11.754
0.70389	3.9047	1.8615	2.3029	6.299	11.754
0.70389	3.9047	1.8563	2.3029	6.2988	11.754
0.70389	3.9047	1.8563	2.3029	6.2988	11.754
0.70203	3.9048	1.851	2.3029	6.2986	11.754
0.70203	3.9048	1.851	2.3029	6.2986	11.754
0.70035	3.9048	1.851	2.3029	6.2986	11.754
0.70035	3.9048	1.8462	2.3029	6.2985	11.754
0.70035	3.9048	1.8462	2.3029	6.2985	11.754
0.69851	3.9047	1.8409	2.3029	6.2985	11.754
0.69851	3.9047	1.8409	2.3029	6.2985	11.754
0.69687	3.9047	1.8409	2.3029	6.2985	11.754
0.69687	3.9047	1.8357	2.3029	6.2984	11.754
0.69687	3.9047	1.8357	2.3029	6.2984	11.754
0.6949	3.9047	1.8303	2.3029	6.2983	11.754
0.6949	3.9047	1.8303	2.3029	6.2983	11.754
0.6927	3.9047	1.8303	2.3029	6.2983	11.754
0.6927	3.9047	1.8248	2.3029	6.2981	11.754
0.6927	3.9047	1.8248	2.3029	6.2981	11.754
0.69038	3.9047	1.8199	2.3029	6.298	11.754
0.69038	3.9047	1.8199	2.3029	6.298	11.754
0.68817	3.9047	1.8199	2.3029	6.298	11.754
0.68817	3.9047	1.8145	2.3029	6.298	11.754
0.68817	3.9047	1.8145	2.3029	6.298	11.754
0.68579	3.9047	1.8091	2.3029	6.2979	11.754
0.68579	3.9047	1.8091	2.3029	6.2979	11.754
0.68369	3.9048	1.8091	2.3029	6.2979	11.754
0.68369	3.9048	1.8044	2.3029	6.2978	11.754
0.68369	3.9048	1.8044	2.3029	6.2978	11.754
0.6814	3.9048	1.799	2.3029	6.2977	11.754
0.6814	3.9048	1.799	2.3029	6.2977	11.754
0.67947	3.9048	1.799	2.3029	6.2977	11.754
0.67947	3.9048	1.7936	2.3029	6.2976	11.754
0.67947	3.9048	1.7936	2.3029	6.2976	11.754
0.6774	3.9048	1.7882	2.3029	6.2976	11.754
0.6774	3.9048	1.7882	2.3029	6.2976	11.754
0.67532	3.9048	1.7882	2.3029	6.2976	11.754
0.67532	3.9048	1.7832	2.3029	6.2975	11.754
0.67532	3.9048	1.7832	2.3029	6.2975	11.754
0.67345	3.9048	1.7777	2.3029	6.2974	11.754
0.67345	3.9048	1.7777	2.3029	6.2974	11.754
0.67136	3.9048	1.7777	2.3029	6.2974	11.754
0.67136	3.9048	1.772	2.3029	6.2974	11.754
0.67136	3.9048	1.772	2.3029	6.2974	11.754
0.6691	3.9047	1.7665	2.3029	6.2974	11.754
0.6691	3.9047	1.7665	2.3029	6.2974	11.754
0.66686	3.9047	1.7665	2.3029	6.2974	11.754
0.66686	3.9047	1.7611	2.3029	6.2973	11.754
0.66686	3.9047	1.7611	2.3029	6.2973	11.754
0.66484	3.9047	1.756	2.3029	6.2973	11.754
0.66484	3.9047	1.756	2.3029	6.2973	11.754
0.66278	3.9047	1.756	2.3029	6.2973	11.754
0.66278	3.9047	1.7503	2.3029	6.2972	11.754
0.66278	3.9047	1.7503	2.3029	6.2972	11.754
0.66081	3.9047	1.7447	2.3029	6.2972	11.754
0.66081	3.9047	1.7447	2.3029	6.2972	11.754
0.6589	3.9047	1.7447	2.3029	6.2972	11.754
0.6589	3.9047	1.7398	2.3029	6.2971	11.754
0.6589	3.9047	1.7398	2.3029	6.2971	11.754
0.65701	3.9047	1.734	2.3029	6.297	11.754
0.65701	3.9047	1.734	2.3029	6.297	11.754
0.65536	3.9047	1.734	2.3029	6.297	11.754
0.65536	3.9047	1.7283	2.3029	6.2969	11.754
0.65536	3.9047	1.7283	2.3029	6.2969	11.754
0.65346	3.9047	1.7232	2.3029	6.2968	11.754
0.65346	3.9047	1.7232	2.3029	6.2968	11.754
0.65175	3.9047	1.7232	2.3029	6.2968	11.754
0.65175	3.9047	1.7175	2.3029	6.2967	11.754
0.65175	3.9047	1.7175	2.3029	6.2967	11.754
0.64976	3.9047	1.7118	2.3029	6.2965	11.754
0.64976	3.9047	1.7118	2.3029	6.2965	11.754
0.64764	3.9047	1.7118	2.3029	6.2965	11.754
0.64764	3.9047	1.7059	2.3029	6.2964	11.754
0.64764	3.9047	1.7059	2.3029	6.2964	11.754
0.64513	3.9047	1.7006	2.3029	6.2964	11.754
0.64513	3.9047	1.7006	2.3029	6.2964	11.754
0.64269	3.9047	1.7006	2.3029	6.2964	11.754
0.64269	3.9047	1.6949	2.3029	6.2964	11.754
0.64269	3.9047	1.6949	2.3029	6.2964	11.754
0.63992	3.9047	1.689	2.3029	6.2964	11.754
0.63992	3.9047	1.689	2.3029	6.2964	11.754
0.63746	3.9047	1.689	2.3029	6.2964	11.754
0.63746	3.9047	1.6837	2.3029	6.2964	11.754
0.63746	3.9047	1.6837	2.3029	6.2964	11.754
0.63473	3.9047	1.6777	2.3029	6.2964	11.754
0.63473	3.9047	1.6777	2.3029	6.2964	11.754
0.63246	3.9047	1.6777	2.3029	6.2964	11.754
0.63246	3.9047	1.6719	2.3029	6.2964	11.754
0.63246	3.9047	1.6719	2.3029	6.2964	11.754
0.62999	3.9047	1.6659	2.3029	6.2964	11.754
0.62999	3.9047	1.6659	2.3029	6.2964	11.754
0.62752	3.9047	1.6659	2.3029	6.2964	11.754
0.62752	3.9047	1.6605	2.3029	6.2964	11.754
0.62752	3.9047	1.6605	2.3029	6.2964	11.754
0.6249	3.9047	1.6546	2.3029	6.2963	11.754
0.6249	3.9047	1.6546	2.3029	6.2963	11.754
0.62238	3.9047	1.6546	2.3029	6.2963	11.754
0.62238	3.9047	1.6487	2.3029	6.2963	11.754
0.62238	3.9047	1.6487	2.3029	6.2963	11.754
0.61963	3.9047	1.6433	2.3029	6.2963	11.754
0.61963	3.9047	1.6433	2.3029	6.2963	11.754
0.61708	3.9047	1.6433	2.3029	6.2963	11.754
0.61708	3.9047	1.6374	2.3029	6.2963	11.754
0.61708	3.9047	1.6374	2.3029	6.2963	11.754
0.61444	3.9047	1.6313	2.3029	6.2963	11.754
0.61444	3.9047	1.6313	2.3029	6.2963	11.754
0.61218	3.9046	1.6313	2.3029	6.2963	11.754
0.61218	3.9046	1.6253	2.3029	6.2963	11.754
0.61218	3.9046	1.6253	2.3029	6.2963	11.754
0.60984	3.9046	1.6195	2.3029	6.2963	11.754
0.60984	3.9046	1.6195	2.3029	6.2963	11.754
0.6075	3.9046	1.6195	2.3029	6.2963	11.754
0.6075	3.9046	1.6141	2.3029	6.2962	11.754
0.6075	3.9046	1.6141	2.3029	6.2962	11.754
0.60551	3.9046	1.6081	2.3029	6.2962	11.754
0.60551	3.9046	1.6081	2.3029	6.2962	11.754
0.60329	3.9046	1.6081	2.3029	6.2962	11.754
0.60329	3.9046	1.6023	2.3029	6.2962	11.754
0.60329	3.9046	1.6023	2.3029	6.2962	11.754
0.60125	3.9046	1.5966	2.303	6.2962	11.754
0.60125	3.9046	1.5966	2.303	6.2962	11.754
0.5986	3.9046	1.5966	2.303	6.2962	11.754
0.5986	3.9046	1.5914	2.303	6.2961	11.754
0.5986	3.9046	1.5914	2.303	6.2961	11.754
0.59598	3.9046	1.5856	2.303	6.2961	11.754
0.59598	3.9046	1.5856	2.303	6.2961	11.754
0.59306	3.9046	1.5856	2.303	6.2961	11.754
0.59306	3.9046	1.58	2.303	6.2961	11.754
0.59306	3.9046	1.58	2.303	6.2961	11.754
0.59003	3.9046	1.5746	2.303	6.2961	11.754
0.59003	3.9046	1.5746	2.303	6.2961	11.754
0.58721	3.9046	1.5746	2.303	6.2961	11.754
0.58721	3.9046	1.569	2.303	6.2961	11.754
0.58721	3.9046	1.569	2.303	6.2961	11.754
0.58411	3.9046	1.5635	2.303	6.2961	11.754
0.58411	3.9046	1.5635	2.303	6.2961	11.754
0.58107	3.9046	1.5635	2.303	6.2961	11.754
0.58107	3.9046	1.5587	2.303	6.2961	11.754
0.58107	3.9046	1.5587	2.303	6.2961	11.754
0.57818	3.9046	1.5534	2.303	6.2961	11.754
0.57818	3.9046	1.5534	2.303	6.2961	11.754
0.57477	3.9046	1.5534	2.303	6.2961	11.754
0.57477	3.9046	1.5479	2.3029	6.2961	11.754
0.57477	3.9046	1.5479	2.3029	6.2961	11.754
0.57165	3.9046	1.5424	2.3029	6.2961	11.754
0.57165	3.9046	1.5424	2.3029	6.2961	11.754
0.56816	3.9046	1.5424	2.3029	6.2961	11.754
0.56816	3.9046	1.5377	2.3029	6.296	11.754
0.56816	3.9046	1.5377	2.3029	6.296	11.754
0.56505	3.9046	1.5323	2.303	6.296	11.754
0.56505	3.9046	1.5323	2.303	6.296	11.754
0.56222	3.9046	1.5323	2.303	6.296	11.754
0.56222	3.9046	1.5269	2.303	6.296	11.754
0.56222	3.9046	1.5269	2.303	6.296	11.754
0.5591	3.9046	1.5221	2.303	6.296	11.754
0.5591	3.9046	1.5221	2.303	6.296	11.754
0.55605	3.9046	1.5221	2.303	6.296	11.754
0.55605	3.9046	1.5165	2.303	6.296	11.754
0.55605	3.9046	1.5165	2.303	6.296	11.754
0.55308	3.9045	1.511	2.303	6.296	11.754
0.55308	3.9045	1.511	2.303	6.296	11.754
0.54988	3.9045	1.511	2.303	6.296	11.754
0.54988	3.9045	1.506	2.303	6.2959	11.754
0.54988	3.9045	1.506	2.303	6.2959	11.754
0.54676	3.9045	1.5005	2.303	6.2958	11.754
0.54676	3.9045	1.5005	2.303	6.2958	11.754
0.5439	3.9045	1.5005	2.303	6.2958	11.754
0.5439	3.9045	1.495	2.303	6.2958	11.754
0.5439	3.9045	1.495	2.303	6.2958	11.754
0.54136	3.9045	1.49	2.303	6.2957	11.754
0.54136	3.9045	1.49	2.303	6.2957	11.754
0.53854	3.9045	1.49	2.303	6.2957	11.754
0.53854	3.9045	1.4846	2.303	6.2956	11.754
0.53854	3.9045	1.4846	2.303	6.2956	11.754
0.53604	3.9045	1.4792	2.303	6.2954	11.754
0.53604	3.9045	1.4792	2.303	6.2954	11.754
0.53352	3.9045	1.4792	2.303	6.2954	11.754
0.53352	3.9045	1.4743	2.303	6.2952	11.754
0.53352	3.9045	1.4743	2.303	6.2952	11.754
0.53043	3.9045	1.4691	2.303	6.2952	11.754
0.53043	3.9045	1.4691	2.303	6.2952	11.754
0.5271	3.9045	1.4691	2.303	6.2952	11.754
0.5271	3.9045	1.4637	2.303	6.2951	11.754
0.5271	3.9045	1.4637	2.303	6.2951	11.754
0.52402	3.9045	1.459	2.303	6.2951	11.754
0.52402	3.9045	1.459	2.303	6.2951	11.754
0.52057	3.9045	1.459	2.303	6.2951	11.754
0.52057	3.9045	1.4535	2.303	6.2951	11.754
0.52057	3.9045	1.4535	2.303	6.2951	11.754
0.51727	3.9045	1.4481	2.303	6.2951	11.754
0.51727	3.9045	1.4481	2.303	6.2951	11.754
0.51448	3.9045	1.4481	2.303	6.2951	11.754
0.51448	3.9045	1.4434	2.303	6.2951	11.754
0.51448	3.9045	1.4434	2.303	6.2951	11.754
0.51145	3.9045	1.4382	2.303	6.2951	11.754
0.51145	3.9045	1.4382	2.303	6.2951	11.754
0.50844	3.9045	1.4382	2.303	6.2951	11.754
0.50844	3.9045	1.4328	2.303	6.2951	11.754
0.50844	3.9045	1.4328	2.303	6.2951	11.754
0.50497	3.9045	1.428	2.303	6.2951	11.754
0.50497	3.9045	1.428	2.303	6.2951	11.754
0.50191	3.9045	1.428	2.303	6.2951	11.754
0.50191	3.9045	1.4226	2.303	6.2951	11.754
0.50191	3.9045	1.4226	2.303	6.2951	11.754
0.49853	3.9045	1.4176	2.303	6.2951	11.754
0.49853	3.9045	1.4176	2.303	6.2951	11.754
0.49561	3.9045	1.4176	2.303	6.2951	11.754
0.49561	3.9045	1.4127	2.303	6.2951	11.754
0.49561	3.9045	1.4127	2.303	6.2951	11.754
0.49259	3.9045	1.4073	2.303	6.2951	11.754
0.49259	3.9045	1.4073	2.303	6.2951	11.754
0.48973	3.9045	1.4073	2.303	6.2951	11.754
0.48973	3.9045	1.402	2.303	6.2951	11.754
0.48973	3.9045	1.402	2.303	6.2951	11.754
0.48719	3.9045	1.3971	2.303	6.2951	11.754
0.48719	3.9045	1.3971	2.303	6.2951	11.754
0.48426	3.9045	1.3971	2.303	6.2951	11.754
0.48426	3.9045	1.3919	2.303	6.295	11.754
0.48426	3.9045	1.3919	2.303	6.295	11.754
0.48119	3.9045	1.3865	2.303	6.295	11.754
0.48119	3.9045	1.3865	2.303	6.295	11.754
0.47832	3.9045	1.3865	2.303	6.295	11.754
0.47832	3.9045	1.3812	2.303	6.2949	11.754
0.47832	3.9045	1.3812	2.303	6.2949	11.754
0.47553	3.9045	1.3764	2.303	6.2949	11.754
0.47553	3.9045	1.3764	2.303	6.2949	11.754
0.47301	3.9045	1.3764	2.303	6.2949	11.754
0.47301	3.9045	1.3713	2.303	6.2949	11.754
0.47301	3.9045	1.3713	2.303	6.2949	11.754
0.4704	3.9045	1.3665	2.303	6.2949	11.754
0.4704	3.9045	1.3665	2.303	6.2949	11.754
0.46774	3.9045	1.3665	2.303	6.2949	11.754
0.46774	3.9045	1.3613	2.303	6.2949	11.754
0.46774	3.9045	1.3613	2.303	6.2949	11.754
0.46525	3.9045	1.3559	2.303	6.2949	11.754
0.46525	3.9045	1.3559	2.303	6.2949	11.754
0.46259	3.9045	1.3559	2.303	6.2949	11.754
0.46259	3.9045	1.3507	2.303	6.2949	11.754
0.46259	3.9045	1.3507	2.303	6.2949	11.754
0.45963	3.9045	1.3455	2.303	6.2949	11.754
0.45963	3.9045	1.3455	2.303	6.2949	11.754
0.45697	3.9045	1.3455	2.303	6.2949	11.754
0.45697	3.9045	1.3407	2.303	6.2949	11.754
0.45697	3.9045	1.3407	2.303	6.2949	11.754
0.45418	3.9045	1.3354	2.303	6.2949	11.754
0.45418	3.9045	1.3354	2.303	6.2949	11.754
0.4518	3.9045	1.3354	2.303	6.2949	11.754
0.4518	3.9045	1.3303	2.303	6.2949	11.754
0.4518	3.9045	1.3303	2.303	6.2949	11.754
0.44929	3.9045	1.325	2.303	6.2949	11.754
0.44929	3.9045	1.325	2.303	6.2949	11.754
0.44711	3.9045	1.325	2.303	6.2949	11.754
0.44711	3.9045	1.3201	2.303	6.2949	11.754
0.44711	3.9045	1.3201	2.303	6.2949	11.754
0.44481	3.9045	1.3146	2.303	6.2949	11.754
0.44481	3.9045	1.3146	2.303	6.2949	11.754
0.44251	3.9045	1.3146	2.303	6.2949	11.754
0.44251	3.9045	1.3096	2.303	6.2949	11.754
0.44251	3.9045	1.3096	2.303	6.2949	11.754
0.44044	3.9045	1.304	2.303	6.2949	11.754
0.44044	3.9045	1.304	2.303	6.2949	11.754
0.43787	3.9045	1.304	2.303	6.2949	11.754
0.43787	3.9045	1.2992	2.303	6.2949	11.754
0.43787	3.9045	1.2992	2.303	6.2949	11.754
0.43561	3.9045	1.2935	2.303	6.2949	11.754
0.43561	3.9045	1.2935	2.303	6.2949	11.754
0.43322	3.9045	1.2935	2.303	6.2949	11.754
0.43322	3.9045	1.2879	2.303	6.2949	11.754
0.43322	3.9045	1.2879	2.303	6.2949	11.754
0.43106	3.9045	1.2824	2.303	6.2948	11.754
0.43106	3.9045	1.2824	2.303	6.2948	11.754
0.42893	3.9045	1.2824	2.303	6.2948	11.754
0.42893	3.9045	1.2773	2.303	6.2948	11.754
0.42893	3.9045	1.2773	2.303	6.2948	11.754
0.42694	3.9045	1.2718	2.303	6.2948	11.754
0.42694	3.9045	1.2718	2.303	6.2948	11.754
0.42513	3.9045	1.2718	2.303	6.2948	11.754
0.42513	3.9045	1.2662	2.303	6.2948	11.754
0.42513	3.9045	1.2662	2.303	6.2948	11.754
0.42331	3.9045	1.2604	2.303	6.2948	11.754
0.42331	3.9045	1.2604	2.303	6.2948	11.754
0.42171	3.9045	1.2604	2.303	6.2948	11.754
0.42171	3.9045	1.2552	2.303	6.2948	11.754
0.42171	3.9045	1.2552	2.303	6.2948	11.754
0.41981	3.9045	1.2493	2.303	6.2948	11.754
0.41981	3.9045	1.2493	2.303	6.2948	11.754
0.41784	3.9045	1.2493	2.303	6.2948	11.754
0.41784	3.9045	1.2439	2.303	6.2948	11.754
0.41784	3.9045	1.2439	2.303	6.2948	11.754
0.41589	3.9045	1.238	2.303	6.2948	11.754
0.41589	3.9045	1.238	2.303	6.2948	11.754
0.41364	3.9045	1.238	2.303	6.2948	11.754
0.41364	3.9045	1.2326	2.303	6.2948	11.754
0.41364	3.9045	1.2326	2.303	6.2948	11.754
0.41138	3.9045	1.2263	2.303	6.2948	11.754
0.41138	3.9045	1.2263	2.303	6.2948	11.754
0.40916	3.9045	1.2263	2.303	6.2948	11.754
0.40916	3.9045	1.2207	2.303	6.2948	11.754
0.40916	3.9045	1.2207	2.303	6.2948	11.754
0.40714	3.9045	1.2149	2.303	6.2948	11.754
0.40714	3.9045	1.2149	2.303	6.2948	11.754
0.40504	3.9045	1.2149	2.303	6.2948	11.754
0.40504	3.9045	1.2086	2.303	6.2948	11.754
0.40504	3.9045	1.2086	2.303	6.2948	11.754
0.40296	3.9045	1.2028	2.303	6.2948	11.754
0.40296	3.9045	1.2028	2.303	6.2948	11.754
0.4012	3.9045	1.2028	2.303	6.2948	11.754
0.4012	3.9045	1.1964	2.303	6.2948	11.754
0.4012	3.9045	1.1964	2.303	6.2948	11.754
0.39923	3.9045	1.1908	2.303	6.2948	11.754
0.39923	3.9045	1.1908	2.303	6.2948	11.754
0.39751	3.9045	1.1908	2.303	6.2948	11.754
0.39751	3.9045	1.1846	2.303	6.2948	11.754
0.39751	3.9045	1.1846	2.303	6.2948	11.754
0.39553	3.9045	1.1783	2.3031	6.2948	11.754
0.39553	3.9045	1.1783	2.3031	6.2948	11.754
0.3934	3.9045	1.1783	2.3031	6.2948	11.754
0.3934	3.9045	1.1719	2.3031	6.2948	11.754
0.3934	3.9045	1.1719	2.3031	6.2948	11.754
0.39141	3.9045	1.1661	2.3031	6.2948	11.754
0.39141	3.9045	1.1661	2.3031	6.2948	11.754
0.38916	3.9045	1.1661	2.3031	6.2948	11.754
0.38916	3.9045	1.1601	2.3031	6.2948	11.754
0.38916	3.9045	1.1601	2.3031	6.2948	11.754
0.38697	3.9045	1.1538	2.3031	6.2948	11.754
0.38697	3.9045	1.1538	2.3031	6.2948	11.754
0.38469	3.9045	1.1538	2.3031	6.2948	11.754
0.38469	3.9045	1.148	2.3031	6.2948	11.754
0.38469	3.9045	1.148	2.3031	6.2948	11.754
0.38235	3.9045	1.1414	2.3031	6.2948	11.754
0.38235	3.9045	1.1414	2.3031	6.2948	11.754
0.38023	3.9045	1.1414	2.3031	6.2948	11.754
0.38023	3.9045	1.1359	2.3031	6.2948	11.754
0.38023	3.9045	1.1359	2.3031	6.2948	11.754
0.37794	3.9045	1.1296	2.3031	6.2948	11.754
0.37794	3.9045	1.1296	2.3031	6.2948	11.754
0.37576	3.9045	1.1296	2.3031	6.2948	11.754
0.37576	3.9045	1.1241	2.3031	6.2948	11.754
0.37576	3.9045	1.1241	2.3031	6.2948	11.754
0.37376	3.9045	1.1182	2.3031	6.2948	11.754
0.37376	3.9045	1.1182	2.3031	6.2948	11.754
0.37156	3.9045	1.1182	2.3031	6.2948	11.754
0.37156	3.9045	1.113	2.3032	6.2948	11.754
0.37156	3.9045	1.113	2.3032	6.2948	11.754
0.36906	3.9045	1.1072	2.3032	6.2948	11.754
0.36906	3.9045	1.1072	2.3032	6.2948	11.754
0.36686	3.9045	1.1072	2.3032	6.2948	11.754
0.36686	3.9045	1.102	2.3032	6.2948	11.754
0.36686	3.9045	1.102	2.3032	6.2948	11.754
0.36446	3.9045	1.0964	2.3032	6.2948	11.754
0.36446	3.9045	1.0964	2.3032	6.2948	11.754
0.36215	3.9045	1.0964	2.3032	6.2948	11.754
0.36215	3.9045	1.0916	2.3032	6.2948	11.754
0.36215	3.9045	1.0916	2.3032	6.2948	11.754
0.35994	3.9045	1.0865	2.3032	6.2948	11.754
0.35994	3.9045	1.0865	2.3032	6.2948	11.754
0.35792	3.9045	1.0865	2.3032	6.2948	11.754
0.35792	3.9045	1.0813	2.3032	6.2948	11.754
0.35792	3.9045	1.0813	2.3032	6.2948	11.754
0.35599	3.9045	1.0765	2.3033	6.2948	11.754
0.35599	3.9045	1.0765	2.3033	6.2948	11.754
0.35432	3.9045	1.0765	2.3033	6.2948	11.754
0.35432	3.9045	1.0718	2.3033	6.2948	11.754
0.35432	3.9045	1.0718	2.3033	6.2948	11.754
0.35248	3.9045	1.0676	2.3033	6.2948	11.754
0.35248	3.9045	1.0676	2.3033	6.2948	11.754
0.3508	3.9045	1.0676	2.3033	6.2948	11.754
0.3508	3.9045	1.0633	2.3034	6.2948	11.754
0.3508	3.9045	1.0633	2.3034	6.2948	11.754
0.34886	3.9045	1.0586	2.3035	6.2948	11.754
0.34886	3.9045	1.0586	2.3035	6.2948	11.754
0.34688	3.9045	1.0586	2.3035	6.2948	11.754
0.34688	3.9045	1.0547	2.3035	6.2948	11.754
0.34688	3.9045	1.0547	2.3035	6.2948	11.754
0.34442	3.9045	1.0505	2.3035	6.2948	11.754
0.34442	3.9045	1.0505	2.3035	6.2948	11.754
0.34187	3.9045	1.0505	2.3035	6.2948	11.754
0.34187	3.9045	1.0465	2.3035	6.2948	11.754
0.34187	3.9045	1.0465	2.3035	6.2948	11.754
0.33945	3.9045	1.0423	2.3035	6.2948	11.754
0.33945	3.9045	1.0423	2.3035	6.2948	11.754
0.33691	3.9045	1.0423	2.3035	6.2948	11.754
0.33691	3.9045	1.0388	2.3036	6.2948	11.754
0.33691	3.9045	1.0388	2.3036	6.2948	11.754
0.33437	3.9045	1.035	2.3036	6.2948	11.754
0.33437	3.9045	1.035	2.3036	6.2948	11.754
0.33217	3.9045	1.035	2.3036	6.2948	11.754
0.33217	3.9045	1.0312	2.3036	6.2948	11.754
0.33217	3.9045	1.0312	2.3036	6.2948	11.754
0.32977	3.9045	1.0277	2.3036	6.2948	11.754
0.32977	3.9045	1.0277	2.3036	6.2948	11.754
0.32755	3.9045	1.0277	2.3036	6.2948	11.754
0.32755	3.9045	1.0239	2.3036	6.2948	11.754
0.32755	3.9045	1.0239	2.3036	6.2948	11.754
0.32502	3.9045	1.0203	2.3036	6.2948	11.754
0.32502	3.9045	1.0203	2.3036	6.2948	11.754
0.32251	3.9045	1.0203	2.3036	6.2948	11.754
0.32251	3.9045	1.0171	2.3036	6.2948	11.754
0.32251	3.9045	1.0171	2.3036	6.2948	11.754
0.31976	3.9045	1.0136	2.3036	6.2948	11.754
0.31976	3.9045	1.0136	2.3036	6.2948	11.754
0.31743	3.9045	1.0136	2.3036	6.2948	11.754
0.31743	3.9044	1.0102	2.3036	6.2948	11.754
0.31743	3.9044	1.0102	2.3036	6.2948	11.754
0.31499	3.9044	1.0065	2.3036	6.2948	11.754
0.31499	3.9044	1.0065	2.3036	6.2948	11.754
0.31269	3.9044	1.0065	2.3036	6.2948	11.754
0.31269	3.9044	1.0028	2.3036	6.2948	11.754
0.31269	3.9044	1.0028	2.3036	6.2948	11.754
0.31078	3.9044	0.99948	2.3036	6.2948	11.754
0.31078	3.9044	0.99948	2.3036	6.2948	11.754
0.30883	3.9044	0.99948	2.3036	6.2948	11.754
0.30883	3.9044	0.99578	2.3036	6.2948	11.754
0.30883	3.9044	0.99578	2.3036	6.2948	11.754
0.30704	3.9044	0.99219	2.3036	6.2948	11.754
0.30704	3.9044	0.99219	2.3036	6.2948	11.754
0.30558	3.9044	0.99219	2.3036	6.2948	11.754
0.30558	3.9044	0.98891	2.3036	6.2948	11.754
0.30558	3.9044	0.98891	2.3036	6.2948	11.754
0.30403	3.9044	0.98511	2.3036	6.2948	11.754
0.30403	3.9044	0.98511	2.3036	6.2948	11.754
0.30251	3.9044	0.98511	2.3036	6.2948	11.754
0.30251	3.9044	0.98164	2.3036	6.2948	11.754
0.30251	3.9044	0.98164	2.3036	6.2948	11.754
0.30087	3.9044	0.978	2.3036	6.2948	11.754
0.30087	3.9044	0.978	2.3036	6.2948	11.754
0.29937	3.9044	0.978	2.3036	6.2948	11.754
0.29937	3.9044	0.97429	2.3036	6.2948	11.754
0.29937	3.9044	0.97429	2.3036	6.2948	11.754
0.29776	3.9044	0.97097	2.3036	6.2948	11.754
0.29776	3.9044	0.97097	2.3036	6.2948	11.754
0.29631	3.9044	0.97097	2.3036	6.2948	11.754
0.29631	3.9044	0.96747	2.3036	6.2948	11.754
0.29631	3.9044	0.96747	2.3036	6.2948	11.754
0.29488	3.9044	0.96388	2.3036	6.2948	11.754
0.29488	3.9044	0.96388	2.3036	6.2948	11.754
0.29366	3.9044	0.96388	2.3036	6.2948	11.754
0.29366	3.9044	0.96048	2.3036	6.2948	11.754
0.29366	3.9044	0.96048	2.3036	6.2948	11.754
0.29231	3.9044	0.95671	2.3036	6.2948	11.754
0.29231	3.9044	0.95671	2.3036	6.2948	11.754
0.29116	3.9044	0.95671	2.3036	6.2948	11.754
0.29116	3.9044	0.95293	2.3036	6.2948	11.754
0.29116	3.9044	0.95293	2.3036	6.2948	11.754
0.28987	3.9044	0.94922	2.3036	6.2948	11.754
0.28987	3.9044	0.94922	2.3036	6.2948	11.754
0.28865	3.9044	0.94922	2.3036	6.2948	11.754
0.28865	3.9044	0.94598	2.3036	6.2948	11.754
0.28865	3.9044	0.94598	2.3036	6.2948	11.754
0.28758	3.9043	0.94218	2.3036	6.2948	11.754
0.28758	3.9043	0.94218	2.3036	6.2948	11.754
0.28672	3.9043	0.94218	2.3036	6.2948	11.754
0.28672	3.9043	0.93865	2.3036	6.2948	11.754
0.28672	3.9043	0.93865	2.3036	6.2948	11.754
0.28587	3.9043	0.93476	2.3036	6.2948	11.754
0.28587	3.9043	0.93476	2.3036	6.2948	11.754
0.28502	3.9043	0.93476	2.3036	6.2948	11.754
0.28502	3.9043	0.93079	2.3037	6.2948	11.754
0.28502	3.9043	0.93079	2.3037	6.2948	11.754
0.28433	3.9043	0.92714	2.3037	6.2948	11.754
0.28433	3.9043	0.92714	2.3037	6.2948	11.754
0.28369	3.9043	0.92714	2.3037	6.2948	11.754
0.28369	3.9043	0.92323	2.3037	6.2948	11.754
0.28369	3.9043	0.92323	2.3037	6.2948	11.754
0.28294	3.9043	0.91944	2.3037	6.2948	11.754
0.28294	3.9043	0.91944	2.3037	6.2948	11.754
0.28219	3.9043	0.91944	2.3037	6.2948	11.754
0.28219	3.9043	0.91592	2.3037	6.2948	11.754
0.28219	3.9043	0.91592	2.3037	6.2948	11.754
0.28153	3.9043	0.91212	2.3037	6.2948	11.754
0.28153	3.9043	0.91212	2.3037	6.2948	11.754
0.28081	3.9043	0.91212	2.3037	6.2948	11.754
0.28081	3.9043	0.90824	2.3037	6.2948	11.754
0.28081	3.9043	0.90824	2.3037	6.2948	11.754
0.28018	3.9043	0.90469	2.3037	6.2948	11.754
0.28018	3.9043	0.90469	2.3037	6.2948	11.754
0.27942	3.9043	0.90469	2.3037	6.2948	11.754
0.27942	3.9043	0.90098	2.3037	6.2948	11.754
0.27942	3.9043	0.90098	2.3037	6.2948	11.754
0.27857	3.9043	0.8978	2.3037	6.2948	11.754
0.27857	3.9043	0.8978	2.3037	6.2948	11.754
0.27774	3.9043	0.8978	2.3037	6.2948	11.754
0.27774	3.9043	0.89403	2.3037	6.2948	11.754
0.27774	3.9043	0.89403	2.3037	6.2948	11.754
0.27692	3.9043	0.89038	2.3037	6.2948	11.754
0.27692	3.9043	0.89038	2.3037	6.2948	11.754
0.27605	3.9043	0.89038	2.3037	6.2948	11.754
0.27605	3.9043	0.88713	2.3037	6.2948	11.754
0.27605	3.9043	0.88713	2.3037	6.2948	11.754
0.27519	3.9043	0.88347	2.3037	6.2948	11.754
0.27519	3.9043	0.88347	2.3037	6.2948	11.754
0.27444	3.9043	0.88347	2.3037	6.2948	11.754
0.27444	3.9043	0.88034	2.3037	6.2948	11.754
0.27444	3.9043	0.88034	2.3037	6.2948	11.754
0.27363	3.9043	0.87699	2.3037	6.2948	11.754
0.27363	3.9043	0.87699	2.3037	6.2948	11.754
0.27287	3.9043	0.87699	2.3037	6.2948	11.754
0.27287	3.9042	0.87407	2.3037	6.2948	11.754
0.27287	3.9042	0.87407	2.3037	6.2948	11.754
0.27226	3.9042	0.8708	2.3037	6.2948	11.754
0.27226	3.9042	0.8708	2.3037	6.2948	11.754
0.27165	3.9042	0.8708	2.3037	6.2948	11.754
0.27165	3.9042	0.86732	2.3037	6.2948	11.754
0.27165	3.9042	0.86732	2.3037	6.2948	11.754
0.27105	3.9042	0.86393	2.3037	6.2948	11.754
0.27105	3.9042	0.86393	2.3037	6.2948	11.754
0.27045	3.9042	0.86393	2.3037	6.2948	11.754
0.27045	3.9042	0.86095	2.3037	6.2948	11.754
0.27045	3.9042	0.86095	2.3037	6.2948	11.754
0.26996	3.9042	0.85785	2.3037	6.2948	11.754
0.26996	3.9042	0.85785	2.3037	6.2948	11.754
0.26949	3.9042	0.85785	2.3037	6.2948	11.754
0.26949	3.9042	0.85486	2.3037	6.2948	11.754
0.26949	3.9042	0.85486	2.3037	6.2948	11.754
0.26916	3.9042	0.85214	2.3037	6.2948	11.754
0.26916	3.9042	0.85214	2.3037	6.2948	11.754
0.26882	3.9042	0.85214	2.3037	6.2948	11.754
0.26882	3.9042	0.84934	2.3037	6.2948	11.754
0.26882	3.9042	0.84934	2.3037	6.2948	11.754
0.26846	3.9042	0.84653	2.3037	6.2948	11.754
0.26846	3.9042	0.84653	2.3037	6.2948	11.754
0.26818	3.9042	0.84653	2.3037	6.2948	11.754
0.26818	3.9042	0.84359	2.3037	6.2948	11.754
0.26818	3.9042	0.84359	2.3037	6.2948	11.754
0.26781	3.9042	0.84115	2.3037	6.2948	11.754
0.26781	3.9042	0.84115	2.3037	6.2948	11.754
0.26748	3.9042	0.84115	2.3037	6.2948	11.754
0.26748	3.9042	0.8386	2.3037	6.2948	11.754
0.26748	3.9042	0.8386	2.3037	6.2948	11.754
0.26725	3.9042	0.83638	2.3037	6.2948	11.754
0.26725	3.9042	0.83638	2.3037	6.2948	11.754
0.267	3.9042	0.83638	2.3037	6.2948	11.754
0.267	3.9042	0.83402	2.3037	6.2948	11.754
0.267	3.9042	0.83402	2.3037	6.2948	11.754
0.26677	3.9042	0.832	2.3037	6.2948	11.754
0.26677	3.9042	0.832	2.3037	6.2948	11.754
0.26663	3.9042	0.832	2.3037	6.2948	11.754
0.26663	3.9042	0.82988	2.3037	6.2948	11.754
0.26663	3.9042	0.82988	2.3037	6.2948	11.754
0.26655	3.9042	0.82795	2.3037	6.2948	11.754
0.26655	3.9042	0.82795	2.3037	6.2948	11.754
0.26645	3.9042	0.82795	2.3037	6.2948	11.754
0.26645	3.9042	0.82595	2.3037	6.2948	11.754
0.26645	3.9042	0.82595	2.3037	6.2948	11.754
0.26631	3.9042	0.82414	2.3037	6.2948	11.754
0.26631	3.9042	0.82414	2.3037	6.2948	11.754
0.26612	3.9042	0.82414	2.3037	6.2948	11.754
0.26612	3.9042	0.82226	2.3037	6.2948	11.754
0.26612	3.9042	0.82226	2.3037	6.2948	11.754
0.26591	3.9042	0.82064	2.3037	6.2948	11.754
0.26591	3.9042	0.82064	2.3037	6.2948	11.754
0.26577	3.9042	0.82064	2.3037	6.2948	11.754
0.26577	3.9042	0.81908	2.3037	6.2948	11.754
0.26577	3.9042	0.81908	2.3037	6.2948	11.754
0.26573	3.9042	0.81758	2.3037	6.2948	11.754
0.26573	3.9042	0.81758	2.3037	6.2948	11.754
0.2657	3.9042	0.81758	2.3037	6.2948	11.754
0.2657	3.9042	0.81619	2.3037	6.2948	11.754
0.2657	3.9042	0.81619	2.3037	6.2948	11.754
0.26568	3.9042	0.81496	2.3037	6.2948	11.754
0.26568	3.9042	0.81496	2.3037	6.2948	11.754
0.26566	3.9042	0.81496	2.3037	6.2948	11.754
0.26566	3.9042	0.81365	2.3037	6.2948	11.754
0.26566	3.9042	0.81365	2.3037	6.2948	11.754
0.26565	3.9042	0.81242	2.3037	6.2948	11.754
0.26565	3.9042	0.81242	2.3037	6.2948	11.754
0.26564	3.9042	0.81242	2.3037	6.2948	11.754
0.26564	3.9042	0.81138	2.3037	6.2948	11.754
0.26564	3.9042	0.81138	2.3037	6.2948	11.754
0.26562	3.9042	0.81026	2.3037	6.2948	11.754
0.26562	3.9042	0.81026	2.3037	6.2948	11.754
0.26561	3.9042	0.81026	2.3037	6.2948	11.754
0.26561	3.9042	0.80924	2.3037	6.2948	11.754
0.26561	3.9042	0.80924	2.3037	6.2948	11.754
0.2656	3.9042	0.80819	2.3037	6.2948	11.754
0.2656	3.9042	0.80819	2.3037	6.2948	11.754
0.2656	3.9042	0.80819	2.3037	6.2948	11.754
0.2656	3.9042	0.80722	2.3037	6.2948	11.754
0.2656	3.9042	0.80722	2.3037	6.2948	11.754
0.26559	3.9042	0.80625	2.3037	6.2948	11.754
0.26559	3.9042	0.80625	2.3037	6.2948	11.754
0.26557	3.9042	0.80625	2.3037	6.2948	11.754
0.26557	3.9042	0.80529	2.3037	6.2948	11.754
0.26557	3.9042	0.80529	2.3037	6.2948	11.754
0.26557	3.9042	0.80447	2.3037	6.2948	11.754
0.26557	3.9042	0.80447	2.3037	6.2948	11.754
0.26556	3.9042	0.80447	2.3037	6.2948	11.754
0.26556	3.9041	0.80362	2.3037	6.2948	11.754
0.26556	3.9041	0.80362	2.3037	6.2948	11.754
0.26554	3.9041	0.80288	2.3037	6.2948	11.754
0.26554	3.9041	0.80288	2.3037	6.2948	11.754
0.26553	3.9041	0.80288	2.3037	6.2948	11.754
0.26553	3.9041	0.80212	2.3037	6.2948	11.754
0.26553	3.9041	0.80212	2.3037	6.2948	11.754
0.26552	3.9041	0.80143	2.3037	6.2948	11.754
0.26552	3.9041	0.80143	2.3037	6.2948	11.754
0.26551	3.9041	0.80143	2.3037	6.2948	11.754
0.26551	3.9041	0.80079	2.3037	6.2948	11.754
0.26551	3.9041	0.80079	2.3037	6.2948	11.754
0.2655	3.9041	0.8002	2.3037	6.2948	11.754
0.2655	3.9041	0.8002	2.3037	6.2948	11.754
0.26549	3.9041	0.8002	2.3037	6.2948	11.754
0.26549	3.904	0.79968	2.3037	6.2948	11.754
0.26549	3.904	0.79968	2.3037	6.2948	11.754
0.26548	3.904	0.79918	2.3037	6.2948	11.754
0.26548	3.904	0.79918	2.3037	6.2948	11.754
0.26548	3.904	0.79918	2.3037	6.2948	11.754
0.26548	3.9039	0.79869	2.3037	6.2948	11.754
0.26548	3.9039	0.79869	2.3037	6.2948	11.754
0.26547	3.9039	0.79825	2.3037	6.2948	11.754
0.26547	3.9039	0.79825	2.3037	6.2948	11.754
0.26547	3.9039	0.79825	2.3037	6.2948	11.754
0.26547	3.9039	0.79785	2.3037	6.2948	11.754
0.26547	3.9039	0.79785	2.3037	6.2948	11.754
0.26546	3.9039	0.79739	2.3037	6.2948	11.754
0.26546	3.9039	0.79739	2.3037	6.2948	11.754
0.26546	3.9039	0.79739	2.3037	6.2948	11.754
0.26546	3.9038	0.79701	2.3037	6.2948	11.754
0.26546	3.9038	0.79701	2.3037	6.2948	11.754
0.26545	3.9038	0.79658	2.3037	6.2948	11.754
0.26545	3.9038	0.79658	2.3037	6.2948	11.754
0.26545	3.9038	0.79658	2.3037	6.2948	11.754
0.26545	3.9038	0.79626	2.3037	6.2948	11.754
0.26545	3.9038	0.79626	2.3037	6.2948	11.754
0.26545	3.9038	0.79592	2.3037	6.2948	11.754
0.26545	3.9038	0.79592	2.3037	6.2948	11.754
0.26545	3.9038	0.79592	2.3037	6.2948	11.754
0.26545	3.9038	0.79556	2.3037	6.2948	11.754
0.26545	3.9038	0.79556	2.3037	6.2948	11.754
0.26545	3.9038	0.79531	2.3037	6.2948	11.754
0.26545	3.9038	0.79531	2.3037	6.2948	11.754
0.26545	3.9038	0.79531	2.3037	6.2948	11.754
0.26545	3.9038	0.79505	2.3037	6.2948	11.754
0.26545	3.9038	0.79505	2.3037	6.2948	11.754
0.26544	3.9038	0.79481	2.3037	6.2948	11.754
0.26544	3.9038	0.79481	2.3037	6.2948	11.754
0.26544	3.9038	0.79481	2.3037	6.2948	11.754
0.26544	3.9038	0.79459	2.3037	6.2948	11.754
0.26544	3.9038	0.79459	2.3037	6.2948	11.754
0.26542	3.9038	0.79442	2.3037	6.2948	11.754
0.26542	3.9038	0.79442	2.3037	6.2948	11.754
0.26541	3.9038	0.79442	2.3037	6.2948	11.754
0.26541	3.9038	0.79422	2.3037	6.2948	11.754
0.26541	3.9038	0.79422	2.3037	6.2948	11.754
0.26538	3.9038	0.79402	2.3037	6.2948	11.754
0.26538	3.9038	0.79402	2.3037	6.2948	11.754
0.26536	3.9038	0.79402	2.3037	6.2948	11.754
0.26536	3.9038	0.7938	2.3037	6.2948	11.754
0.26536	3.9038	0.7938	2.3037	6.2948	11.754
0.26534	3.9038	0.79366	2.3037	6.2948	11.754
0.26534	3.9038	0.79366	2.3037	6.2948	11.754
0.26533	3.9038	0.79366	2.3037	6.2948	11.754
0.26533	3.9038	0.79354	2.3037	6.2948	11.754
0.26533	3.9038	0.79354	2.3037	6.2948	11.754
0.26532	3.9038	0.79342	2.3037	6.2948	11.754
0.26532	3.9038	0.79342	2.3037	6.2948	11.754
0.26532	3.9038	0.79342	2.3037	6.2948	11.754
0.26532	3.9038	0.79329	2.3037	6.2948	11.754
0.26532	3.9038	0.79329	2.3037	6.2948	11.754
0.26532	3.9038	0.79316	2.3037	6.2948	11.754
0.26532	3.9038	0.79316	2.3037	6.2948	11.754
0.26531	3.9038	0.79316	2.3037	6.2948	11.754
0.26531	3.9038	0.79301	2.3037	6.2948	11.754
0.26531	3.9038	0.79301	2.3037	6.2948	11.754
0.2653	3.9038	0.79287	2.3037	6.2948	11.754
0.2653	3.9038	0.79287	2.3037	6.2948	11.754
0.26527	3.9038	0.79287	2.3037	6.2948	11.754
0.26527	3.9038	0.79276	2.3037	6.2948	11.754
0.26527	3.9038	0.79276	2.3037	6.2948	11.754
0.26525	3.9038	0.79268	2.3037	6.2948	11.754
0.26525	3.9038	0.79268	2.3037	6.2948	11.754
0.26524	3.9038	0.79268	2.3037	6.2948	11.754
0.26524	3.9038	0.79265	2.3037	6.2948	11.754
0.26524	3.9038	0.79265	2.3037	6.2948	11.754
0.26524	3.9038	0.79262	2.3037	6.2948	11.754
0.26524	3.9038	0.79262	2.3037	6.2948	11.754
0.26525	3.9038	0.79262	2.3037	6.2948	11.754
0.26525	3.9038	0.79258	2.3037	6.2948	11.754
0.26525	3.9038	0.79258	2.3037	6.2948	11.754
0.26525	3.9038	0.79255	2.3037	6.2948	11.754
0.26525	3.9038	0.79255	2.3037	6.2948	11.754
0.26525	3.9038	0.79255	2.3037	6.2948	11.754
0.26525	3.9038	0.79253	2.3037	6.2948	11.754
0.26525	3.9038	0.79253	2.3037	6.2948	11.754
0.26525	3.9037	0.7925	2.3037	6.2948	11.754
0.26525	3.9037	0.7925	2.3037	6.2948	11.754
0.26525	3.9037	0.7925	2.3037	6.2948	11.754
0.26525	3.9037	0.79245	2.3037	6.2948	11.754
0.26525	3.9037	0.79245	2.3037	6.2948	11.754
0.26524	3.9037	0.7924	2.3037	6.2948	11.754
0.26524	3.9037	0.7924	2.3037	6.2948	11.754
0.26522	3.9037	0.7924	2.3037	6.2948	11.754
0.26522	3.9037	0.79233	2.3037	6.2948	11.754
0.26522	3.9037	0.79233	2.3037	6.2948	11.754
0.26518	3.9037	0.79224	2.3037	6.2948	11.754
0.26518	3.9037	0.79224	2.3037	6.2948	11.754
0.26515	3.9037	0.79224	2.3037	6.2948	11.754
0.26515	3.9037	0.79213	2.3037	6.2948	11.754
0.26515	3.9037	0.79213	2.3037	6.2948	11.754
0.26514	3.9037	0.79202	2.3037	6.2948	11.754
0.26514	3.9037	0.79202	2.3037	6.2948	11.754
0.26514	3.9037	0.79202	2.3037	6.2948	11.754
0.26514	3.9037	0.79191	2.3037	6.2948	11.754
0.26514	3.9037	0.79191	2.3037	6.2948	11.754
0.26514	3.9037	0.79182	2.3037	6.2948	11.754
0.26514	3.9037	0.79182	2.3037	6.2948	11.754
0.26515	3.9037	0.79182	2.3037	6.2948	11.754
0.26515	3.9037	0.79176	2.3036	6.2948	11.754
0.26515	3.9037	0.79176	2.3036	6.2948	11.754
0.26515	3.9037	0.79172	2.3036	6.2948	11.754
0.26515	3.9037	0.79172	2.3036	6.2948	11.754
0.26515	3.9037	0.79172	2.3036	6.2948	11.754
0.26515	3.9037	0.79169	2.3036	6.2948	11.754
0.26515	3.9037	0.79169	2.3036	6.2948	11.754
0.26515	3.9037	0.79167	2.3036	6.2948	11.754
0.26515	3.9037	0.79167	2.3036	6.2948	11.754
0.26514	3.9037	0.79167	2.3036	6.2948	11.754
0.26514	3.9037	0.79165	2.3036	6.2948	11.754
0.26514	3.9037	0.79165	2.3036	6.2948	11.754
0.26514	3.9037	0.79163	2.3036	6.2948	11.754
0.26514	3.9037	0.79163	2.3036	6.2948	11.754
0.26512	3.9037	0.79163	2.3036	6.2948	11.754
0.26512	3.9037	0.7916	2.3036	6.2948	11.754
0.26512	3.9037	0.7916	2.3036	6.2948	11.754
0.26511	3.9037	0.79157	2.3036	6.2948	11.754
0.26511	3.9037	0.79157	2.3036	6.2948	11.754
0.26511	3.9037	0.79157	2.3036	6.2948	11.754
0.26511	3.9037	0.79156	2.3036	6.2948	11.754
0.26511	3.9037	0.79156	2.3036	6.2948	11.754
0.26511	3.9037	0.79155	2.3036	6.2948	11.754
0.26511	3.9037	0.79155	2.3036	6.2948	11.754
0.26511	3.9037	0.79155	2.3036	6.2948	11.754
0.26511	3.9037	0.79155	2.3036	6.2948	11.754
0.26511	3.9037	0.79155	2.3036	6.2948	11.754
0.26511	3.9037	0.79154	2.3036	6.2948	11.754
0.26511	3.9037	0.79154	2.3036	6.2948	11.754
0.26511	3.9037	0.79154	2.3036	6.2948	11.754
0.26511	3.9037	0.79154	2.3036	6.2948	11.754
0.26511	3.9037	0.79154	2.3036	6.2948	11.754
0.26511	3.9037	0.79153	2.3036	6.2948	11.754
0.26511	3.9037	0.79153	2.3036	6.2948	11.754
0.26511	3.9037	0.79153	2.3036	6.2948	11.754
0.26511	3.9037	0.79152	2.3036	6.2948	11.754
0.26511	3.9037	0.79152	2.3036	6.2948	11.754
0.26511	3.9037	0.79151	2.3036	6.2948	11.754
0.26511	3.9037	0.79151	2.3036	6.2948	11.754
0.26511	3.9037	0.79151	2.3036	6.2948	11.754
0.26511	3.9037	0.7915	2.3036	6.2948	11.754
0.26511	3.9037	0.7915	2.3036	6.2948	11.754
0.2651	3.9037	0.7915	2.3036	6.2948	11.754
0.2651	3.9037	0.7915	2.3036	6.2948	11.754
0.2651	3.9037	0.7915	2.3036	6.2948	11.754
0.2651	3.9037	0.7915	2.3036	6.2948	11.754
0.2651	3.9037	0.7915	2.3036	6.2948	11.754
0.26509	3.9037	0.79149	2.3036	6.2948	11.754
0.26509	3.9037	0.79149	2.3036	6.2948	11.754
0.26509	3.9037	0.79149	2.3036	6.2948	11.754
0.26509	3.9037	0.79149	2.3036	6.2948	11.754
0.26509	3.9037	0.79149	2.3036	6.2948	11.754
0.26509	3.9037	0.79149	2.3036	6.2948	11.754
0.26509	3.9037	0.79149	2.3036	6.2948	11.754
0.26509	3.9037	0.79149	2.3036	6.2948	11.754
0.26509	3.9037	0.79149	2.3036	6.2948	11.754
0.26509	3.9037	0.79149	2.3036	6.2948	11.754
0.26509	3.9037	0.79149	2.3036	6.2948	11.754
0.26509	3.9037	0.79149	2.3036	6.2948	11.754
0.26509	3.9037	0.79149	2.3036	6.2948	11.754
0.26509	3.9037	0.79149	2.3036	6.2948	11.754
0.26509	3.9037	0.79149	2.3036	6.2948	11.754
0.26509	3.9037	0.79149	2.3036	6.2948	11.754
0.26509	3.9037	0.79149	2.3036	6.2948	11.754
0.26509	3.9037	0.79149	2.3036	6.2948	11.754
0.26509	3.9037	0.79148	2.3036	6.2948	11.754
0.26509	3.9037	0.79148	2.3036	6.2948	11.754
0.26509	3.9037	0.79148	2.3036	6.2948	11.754
0.26509	3.9037	0.79148	2.3036	6.2948	11.754
0.26509	3.9037	0.79148	2.3036	6.2948	11.754
0.26509	3.9037	0.79148	2.3036	6.2948	11.754
0.26509	3.9037	0.79148	2.3036	6.2948	11.754
0.26509	3.9037	0.79148	2.3036	6.2948	11.754
0.26509	3.9037	0.79148	2.3036	6.2948	11.754
0.26509	3.9037	0.79148	2.3036	6.2948	11.754
0.26509	3.9037	0.79148	2.3036	6.2948	11.754
0.26509	3.9037	0.79148	2.3036	6.2948	11.754
0.26509	3.9037	0.79148	2.3036	6.2948	11.754
0.26509	3.9037	0.79148	2.3036	6.2948	11.754
0.26508	3.9037	0.79148	2.3036	6.2948	11.754
0.26508	3.9037	0.79148	2.3036	6.2948	11.754
0.26508	3.9037	0.79148	2.3036	6.2948	11.754
0.26506	3.9037	0.79148	2.3036	6.2948	11.754
0.26506	3.9037	0.79148	2.3036	6.2948	11.754
0.26503	3.9037	0.79148	2.3036	6.2948	11.754
0.26503	3.9037	0.79148	2.3036	6.2948	11.754
0.26503	3.9037	0.79148	2.3036	6.2948	11.754
0.26499	3.9037	0.79148	2.3036	6.2948	11.754
0.26499	3.9037	0.79148	2.3036	6.2948	11.754
0.26496	3.9037	0.79148	2.3036	6.2948	11.754
0.26496	3.9036	0.79148	2.3036	6.2948	11.754
0.26496	3.9036	0.79148	2.3036	6.2948	11.754
0.26496	3.9036	0.79148	2.3036	6.2948	11.754
0.26496	3.9036	0.79148	2.3036	6.2948	11.754
0.26496	3.9036	0.79148	2.3036	6.2948	11.754
0.26496	3.9036	0.79147	2.3036	6.2948	11.754
0.26496	3.9036	0.79147	2.3036	6.2948	11.754
0.26496	3.9036	0.79147	2.3036	6.2948	11.754
0.26496	3.9036	0.79147	2.3036	6.2948	11.754
0.26495	3.9036	0.79147	2.3036	6.2948	11.754
0.26495	3.9036	0.79147	2.3036	6.2948	11.754
0.26495	3.9036	0.79147	2.3036	6.2948	11.754
0.26493	3.9036	0.79146	2.3036	6.2948	11.754
0.26493	3.9036	0.79146	2.3036	6.2948	11.754
0.26488	3.9036	0.79146	2.3036	6.2948	11.754
0.26488	3.9035	0.79145	2.3036	6.2948	11.754
0.26488	3.9035	0.79145	2.3036	6.2948	11.754
0.26478	3.9034	0.79143	2.3036	6.2948	11.754
0.26478	3.9034	0.79143	2.3036	6.2948	11.754
0.26467	3.9034	0.79143	2.3036	6.2948	11.754
0.26467	3.9032	0.79141	2.3036	6.2948	11.754
0.26467	3.9032	0.79141	2.3036	6.2948	11.754
0.26456	3.9031	0.79139	2.3036	6.2948	11.754
0.26456	3.9031	0.79139	2.3036	6.2948	11.754
0.26446	3.9031	0.79139	2.3036	6.2948	11.754
0.26446	3.9029	0.79135	2.3037	6.2948	11.754
0.26446	3.9029	0.79135	2.3037	6.2948	11.754
0.26436	3.9029	0.7913	2.3037	6.2948	11.754
0.26436	3.9029	0.7913	2.3037	6.2948	11.754
0.26424	3.9029	0.7913	2.3037	6.2948	11.754
0.26424	3.9028	0.79124	2.3037	6.2948	11.754
0.26424	3.9028	0.79124	2.3037	6.2948	11.754
0.26414	3.9027	0.79114	2.3037	6.2948	11.754
0.26414	3.9027	0.79114	2.3037	6.2948	11.754
0.26404	3.9027	0.79114	2.3037	6.2948	11.754
0.26404	3.9026	0.79105	2.3037	6.2948	11.754
0.26404	3.9026	0.79105	2.3037	6.2948	11.754
0.26397	3.9026	0.79098	2.3037	6.2948	11.754
0.26397	3.9026	0.79098	2.3037	6.2948	11.754
0.26392	3.9026	0.79098	2.3037	6.2948	11.754
0.26392	3.9025	0.79094	2.3037	6.2948	11.754
0.26392	3.9025	0.79094	2.3037	6.2948	11.754
0.26389	3.9024	0.79093	2.3037	6.2948	11.754
0.26389	3.9024	0.79093	2.3037	6.2948	11.754
0.26385	3.9024	0.79093	2.3037	6.2948	11.754
0.26385	3.9023	0.79093	2.3037	6.2948	11.754
0.26385	3.9023	0.79093	2.3037	6.2948	11.754
0.26382	3.9022	0.79092	2.3037	6.2948	11.754
0.26382	3.9022	0.79092	2.3037	6.2948	11.754
0.26378	3.9022	0.79092	2.3037	6.2948	11.754
0.26378	3.9022	0.79092	2.3037	6.2948	11.754
0.26378	3.9022	0.79092	2.3037	6.2948	11.754
0.26371	3.9021	0.79091	2.3037	6.2948	11.754
0.26371	3.9021	0.79091	2.3037	6.2948	11.754
0.26362	3.9021	0.79091	2.3037	6.2948	11.754
0.26362	3.902	0.7909	2.3037	6.2948	11.754
0.26362	3.902	0.7909	2.3037	6.2948	11.754
0.26349	3.9019	0.79088	2.3037	6.2948	11.754
0.26349	3.9019	0.79088	2.3037	6.2948	11.754
0.26331	3.9019	0.79088	2.3037	6.2948	11.754
0.26331	3.9018	0.79086	2.3037	6.2948	11.754
0.26331	3.9018	0.79086	2.3037	6.2948	11.754
0.26297	3.9017	0.79083	2.3037	6.2947	11.754
0.26297	3.9017	0.79083	2.3037	6.2947	11.754
0.26257	3.9017	0.79083	2.3037	6.2947	11.754
0.26257	3.9016	0.7908	2.3037	6.2947	11.754
0.26257	3.9016	0.7908	2.3037	6.2947	11.754
0.2621	3.9016	0.79077	2.3037	6.2947	11.754
0.2621	3.9016	0.79077	2.3037	6.2947	11.754
0.26144	3.9016	0.79077	2.3037	6.2947	11.754
0.26144	3.9015	0.79074	2.3037	6.2947	11.754
0.26144	3.9015	0.79074	2.3037	6.2947	11.754
0.2608	3.9015	0.79072	2.3037	6.2947	11.754
0.2608	3.9015	0.79072	2.3037	6.2947	11.754
0.25994	3.9015	0.79072	2.3037	6.2947	11.754
0.25994	3.9014	0.79072	2.3037	6.2947	11.754
0.25994	3.9014	0.79072	2.3037	6.2947	11.754
0.25893	3.9013	0.79072	2.3037	6.2947	11.754
0.25893	3.9013	0.79072	2.3037	6.2947	11.754
0.25755	3.9013	0.79072	2.3037	6.2947	11.754
0.25755	3.9013	0.79072	2.3037	6.2947	11.754
0.25755	3.9013	0.79072	2.3037	6.2947	11.754
0.25586	3.9012	0.79072	2.3037	6.2947	11.754
0.25586	3.9012	0.79072	2.3037	6.2947	11.754
0.25393	3.9012	0.79072	2.3037	6.2947	11.754
0.25393	3.9012	0.79072	2.3037	6.2947	11.754
0.25393	3.9012	0.79072	2.3037	6.2947	11.754
0.25152	3.9012	0.79071	2.3037	6.2947	11.754
0.25152	3.9012	0.79071	2.3037	6.2947	11.754
0.24893	3.9012	0.79071	2.3037	6.2947	11.754
0.24893	3.9012	0.79071	2.3037	6.2947	11.754
0.24893	3.9012	0.79071	2.3037	6.2947	11.754
0.24627	3.9012	0.79071	2.3037	6.2947	11.754
0.24627	3.9012	0.79071	2.3037	6.2947	11.754
0.24376	3.9012	0.79071	2.3037	6.2947	11.754
0.24376	3.9012	0.79071	2.3037	6.2947	11.754
0.24376	3.9012	0.79071	2.3037	6.2947	11.754
0.24084	3.9012	0.79072	2.3037	6.2947	11.754
0.24084	3.9012	0.79072	2.3037	6.2947	11.754
0.23812	3.9012	0.79072	2.3037	6.2947	11.754
0.23812	3.9012	0.79072	2.3037	6.2947	11.754
0.23812	3.9012	0.79072	2.3037	6.2947	11.754
0.23515	3.9012	0.79072	2.3037	6.2947	11.754
0.23515	3.9012	0.79072	2.3037	6.2947	11.754
0.23186	3.9012	0.79072	2.3037	6.2947	11.754
0.23186	3.9012	0.79072	2.3037	6.2947	11.754
0.23186	3.9012	0.79072	2.3037	6.2947	11.754
0.22829	3.9012	0.79072	2.3037	6.2946	11.754
0.22829	3.9012	0.79072	2.3037	6.2946	11.754
0.22427	3.9012	0.79072	2.3037	6.2946	11.754
0.22427	3.9012	0.79072	2.3037	6.2946	11.754
0.22427	3.9012	0.79072	2.3037	6.2946	11.754
0.22057	3.9012	0.79072	2.3037	6.2946	11.754
0.22057	3.9012	0.79072	2.3037	6.2946	11.754
0.21635	3.9012	0.79072	2.3037	6.2946	11.754
0.21635	3.9012	0.79072	2.3037	6.2946	11.754
0.21635	3.9012	0.79072	2.3037	6.2946	11.754
0.21219	3.9012	0.79072	2.3037	6.2945	11.754
0.21219	3.9012	0.79072	2.3037	6.2945	11.754
0.20729	3.9012	0.79072	2.3037	6.2945	11.754
0.20729	3.9012	0.79072	2.3037	6.2945	11.754
0.20729	3.9012	0.79072	2.3037	6.2945	11.754
0.2021	3.9012	0.79072	2.3037	6.2945	11.754
0.2021	3.9012	0.79072	2.3037	6.2945	11.754
0.19637	3.9012	0.79072	2.3037	6.2945	11.754
0.19637	3.9012	0.79072	2.3037	6.2945	11.754
0.19637	3.9012	0.79072	2.3037	6.2945	11.754
0.19124	3.9012	0.79072	2.3037	6.2945	11.754
0.19124	3.9012	0.79072	2.3037	6.2945	11.754
0.18573	3.9012	0.79072	2.3037	6.2945	11.754
0.18573	3.9012	0.79072	2.3037	6.2945	11.754
0.18573	3.9012	0.79072	2.3037	6.2945	11.754
0.18002	3.9012	0.79072	2.3037	6.2945	11.754
0.18002	3.9012	0.79072	2.3037	6.2945	11.754
0.17383	3.9012	0.79072	2.3037	6.2945	11.754
0.17383	3.9012	0.79072	2.3037	6.2945	11.754
0.17383	3.9012	0.79072	2.3037	6.2945	11.754
0.16834	3.9012	0.79072	2.3037	6.2945	11.754
0.16834	3.9012	0.79072	2.3037	6.2945	11.754
0.16259	3.9012	0.79072	2.3037	6.2945	11.754
0.16259	3.9012	0.79072	2.3037	6.2945	11.754
0.16259	3.9012	0.79072	2.3037	6.2945	11.754
0.15617	3.9012	0.79073	2.3037	6.2945	11.754
0.15617	3.9012	0.79073	2.3037	6.2945	11.754
0.15023	3.9012	0.79073	2.3037	6.2945	11.754
0.15023	3.9012	0.79073	2.3037	6.2945	11.754
0.15023	3.9012	0.79073	2.3037	6.2945	11.754
0.14399	3.9012	0.79074	2.3037	6.2945	11.754
0.14399	3.9012	0.79074	2.3037	6.2945	11.754
0.13795	3.9012	0.79074	2.3037	6.2945	11.754
0.13795	3.9012	0.79074	2.3037	6.2945	11.754
0.13795	3.9012	0.79074	2.3037	6.2945	11.754
0.13194	3.9012	0.79076	2.3037	6.2945	11.754
0.13194	3.9012	0.79076	2.3037	6.2945	11.754
0.12546	3.9012	0.79076	2.3037	6.2945	11.754
0.12546	3.9012	0.79077	2.3037	6.2945	11.754
0.12546	3.9012	0.79077	2.3037	6.2945	11.754
0.11896	3.9012	0.79079	2.3037	6.2945	11.754
0.11896	3.9012	0.79079	2.3037	6.2945	11.754
0.11321	3.9012	0.79079	2.3037	6.2945	11.754
0.11321	3.9012	0.79081	2.3037	6.2945	11.754
0.11321	3.9012	0.79081	2.3037	6.2945	11.754
0.10649	3.9012	0.79088	2.3037	6.2945	11.754
0.10649	3.9012	0.79088	2.3037	6.2945	11.754
0.10078	3.9012	0.79088	2.3037	6.2945	11.754
0.10078	3.9012	0.79103	2.3037	6.2945	11.754
0.10078	3.9012	0.79103	2.3037	6.2945	11.754
0.094563	3.9012	0.79125	2.3037	6.2945	11.754
0.094563	3.9012	0.79125	2.3037	6.2945	11.754
0.088453	3.9012	0.79125	2.3037	6.2945	11.754
0.088453	3.9011	0.79165	2.3037	6.2945	11.754
0.088453	3.9011	0.79165	2.3037	6.2945	11.754
0.081818	3.9011	0.79214	2.3037	6.2945	11.754
0.081818	3.9011	0.79214	2.3037	6.2945	11.754
0.075806	3.9011	0.79214	2.3037	6.2945	11.754
0.075806	3.9011	0.79277	2.3037	6.2945	11.754
0.075806	3.9011	0.79277	2.3037	6.2945	11.754
0.069811	3.901	0.79345	2.3037	6.2945	11.754
0.069811	3.901	0.79345	2.3037	6.2945	11.754
0.063627	3.901	0.79345	2.3037	6.2945	11.754
0.063627	3.901	0.79427	2.3037	6.2945	11.754
0.063627	3.901	0.79427	2.3037	6.2945	11.754
0.056891	3.901	0.79519	2.3037	6.2945	11.754
0.056891	3.901	0.79519	2.3037	6.2945	11.754
0.05104	3.901	0.79519	2.3037	6.2945	11.754
0.05104	3.9009	0.79628	2.3037	6.2945	11.754
0.05104	3.9009	0.79628	2.3037	6.2945	11.754
0.044335	3.9008	0.7974	2.3037	6.2945	11.754
0.044335	3.9008	0.7974	2.3037	6.2945	11.754
0.03776	3.9008	0.7974	2.3037	6.2945	11.754
0.03776	3.9007	0.79859	2.3037	6.2945	11.754
0.03776	3.9007	0.79859	2.3037	6.2945	11.754
0.031754	3.9006	0.79994	2.3037	6.2945	11.754
0.031754	3.9006	0.79994	2.3037	6.2945	11.754
0.025885	3.9006	0.79994	2.3037	6.2945	11.754
0.025885	3.9005	0.80126	2.3037	6.2945	11.754
0.025885	3.9005	0.80126	2.3037	6.2945	11.754
0.019599	3.9005	0.80286	2.3037	6.2945	11.754
0.019599	3.9005	0.80286	2.3037	6.2945	11.754
0.012989	3.9005	0.80286	2.3037	6.2945	11.754
0.012989	3.9004	0.80446	2.3037	6.2945	11.754
0.012989	3.9004	0.80446	2.3037	6.2945	11.754
0.0069699	3.9004	0.80602	2.3037	6.2945	11.754
0.0069699	3.9004	0.80602	2.3037	6.2945	11.754
0.00059733	3.9004	0.80602	2.3037	6.2945	11.754
0.00059733	3.9004	0.8078	2.3037	6.2945	11.754
0.00059733	3.9004	0.8078	2.3037	6.2945	11.754
-0.0061622	3.9003	0.80959	2.3037	6.2945	11.754
-0.0061622	3.9003	0.80959	2.3037	6.2945	11.754
-0.012174	3.9003	0.80959	2.3037	6.2945	11.754
-0.012174	3.9003	0.81175	2.3037	6.2945	11.754
-0.012174	3.9003	0.81175	2.3037	6.2945	11.754
-0.018617	3.9002	0.81388	2.3037	6.2944	11.754
-0.018617	3.9002	0.81388	2.3037	6.2944	11.754
-0.025105	3.9002	0.81388	2.3037	6.2944	11.754
-0.025105	3.9001	0.81647	2.3037	6.2944	11.754
-0.025105	3.9001	0.81647	2.3037	6.2944	11.754
-0.031949	3.9001	0.81906	2.3037	6.2944	11.754
-0.031949	3.9001	0.81906	2.3037	6.2944	11.754
-0.037905	3.9001	0.81906	2.3037	6.2944	11.754
-0.037905	3.9	0.82186	2.3037	6.2944	11.754
-0.037905	3.9	0.82186	2.3037	6.2944	11.754
-0.044261	3.8999	0.82473	2.3037	6.2944	11.754
-0.044261	3.8999	0.82473	2.3037	6.2944	11.754
-0.051001	3.8999	0.82473	2.3037	6.2944	11.754
-0.051001	3.8998	0.82776	2.3037	6.2943	11.754
-0.051001	3.8998	0.82776	2.3037	6.2943	11.754
-0.057527	3.8997	0.83097	2.3037	6.2943	11.754
-0.057527	3.8997	0.83097	2.3037	6.2943	11.754
-0.063234	3.8997	0.83097	2.3037	6.2943	11.754
-0.063234	3.8996	0.83417	2.3037	6.2943	11.754
-0.063234	3.8996	0.83417	2.3037	6.2943	11.754
-0.069631	3.8996	0.83758	2.3037	6.2942	11.754
-0.069631	3.8996	0.83758	2.3037	6.2942	11.754
-0.075887	3.8996	0.83758	2.3037	6.2942	11.754
-0.075887	3.8995	0.84105	2.3037	6.2942	11.754
-0.075887	3.8995	0.84105	2.3037	6.2942	11.754
-0.082615	3.8995	0.84449	2.3037	6.2942	11.754
-0.082615	3.8995	0.84449	2.3037	6.2942	11.754
-0.088207	3.8995	0.84449	2.3037	6.2942	11.754
-0.088207	3.8994	0.84788	2.3037	6.2942	11.754
-0.088207	3.8994	0.84788	2.3037	6.2942	11.754
-0.094842	3.8994	0.85157	2.3037	6.2941	11.754
-0.094842	3.8994	0.85157	2.3037	6.2941	11.754
-0.10132	3.8994	0.85157	2.3037	6.2941	11.754
-0.10132	3.8994	0.85553	2.3037	6.2941	11.754
-0.10132	3.8994	0.85553	2.3037	6.2941	11.754
-0.10711	3.8994	0.85919	2.3037	6.2941	11.754
-0.10711	3.8994	0.85919	2.3037	6.2941	11.754
-0.11339	3.8994	0.85919	2.3037	6.2941	11.754
-0.11339	3.8994	0.86282	2.3037	6.2941	11.754
-0.11339	3.8994	0.86282	2.3037	6.2941	11.754
-0.11986	3.8994	0.86671	2.3037	6.2941	11.754
-0.11986	3.8994	0.86671	2.3037	6.2941	11.754
-0.12651	3.8994	0.86671	2.3037	6.2941	11.754
-0.12651	3.8994	0.87086	2.3037	6.2941	11.754
-0.12651	3.8994	0.87086	2.3037	6.2941	11.754
-0.13268	3.8994	0.87489	2.3037	6.294	11.754
-0.13268	3.8994	0.87489	2.3037	6.294	11.754
-0.13841	3.8994	0.87489	2.3037	6.294	11.754
-0.13841	3.8994	0.87924	2.3037	6.294	11.754
-0.13841	3.8994	0.87924	2.3037	6.294	11.754
-0.14501	3.8993	0.88387	2.3037	6.294	11.754
-0.14501	3.8993	0.88387	2.3037	6.294	11.754
-0.15095	3.8993	0.88387	2.3037	6.294	11.754
-0.15095	3.8993	0.88807	2.3037	6.294	11.754
-0.15095	3.8993	0.88807	2.3037	6.294	11.754
-0.15723	3.8993	0.89271	2.3037	6.294	11.754
-0.15723	3.8993	0.89271	2.3037	6.294	11.754
-0.16317	3.8993	0.89271	2.3037	6.294	11.754
-0.16317	3.8993	0.89734	2.3037	6.2939	11.754
-0.16317	3.8993	0.89734	2.3037	6.2939	11.754
-0.16986	3.8993	0.90236	2.3037	6.2939	11.754
-0.16986	3.8993	0.90236	2.3037	6.2939	11.754
-0.17623	3.8993	0.90236	2.3037	6.2939	11.754
-0.17623	3.8993	0.90719	2.3037	6.2939	11.754
-0.17623	3.8993	0.90719	2.3037	6.2939	11.754
-0.18279	3.8993	0.91204	2.3037	6.2939	11.754
-0.18279	3.8993	0.91204	2.3037	6.2939	11.754
-0.1886	3.8993	0.91204	2.3037	6.2939	11.754
-0.1886	3.8993	0.91687	2.3037	6.2938	11.754
-0.1886	3.8993	0.91687	2.3037	6.2938	11.754
-0.19506	3.8993	0.92226	2.3037	6.2937	11.754
-0.19506	3.8993	0.92226	2.3037	6.2937	11.754
-0.20182	3.8993	0.92226	2.3037	6.2937	11.754
-0.20182	3.8993	0.92735	2.3037	6.2936	11.754
-0.20182	3.8993	0.92735	2.3037	6.2936	11.754
-0.20843	3.8992	0.93227	2.3037	6.2933	11.754
-0.20843	3.8992	0.93227	2.3037	6.2933	11.754
-0.21512	3.8992	0.93227	2.3037	6.2933	11.754
-0.21512	3.8992	0.93758	2.3037	6.2929	11.754
-0.21512	3.8992	0.93758	2.3037	6.2929	11.754
-0.22184	3.8992	0.94299	2.3037	6.2924	11.754
-0.22184	3.8992	0.94299	2.3037	6.2924	11.754
-0.22774	3.8992	0.94299	2.3037	6.2924	11.754
-0.22774	3.8992	0.94845	2.3037	6.2917	11.754
-0.22774	3.8992	0.94845	2.3037	6.2917	11.754
-0.23427	3.8992	0.95374	2.3037	6.2906	11.754
-0.23427	3.8992	0.95374	2.3037	6.2906	11.754
-0.24089	3.8992	0.95374	2.3037	6.2906	11.754
-0.24089	3.8992	0.95924	2.3037	6.2894	11.754
-0.24089	3.8992	0.95924	2.3037	6.2894	11.754
-0.24709	3.8991	0.96478	2.3037	6.2879	11.754
-0.24709	3.8991	0.96478	2.3037	6.2879	11.754
-0.25285	3.8991	0.96478	2.3037	6.2879	11.754
-0.25285	3.899	0.97015	2.3037	6.286	11.754
-0.25285	3.899	0.97015	2.3037	6.286	11.754
-0.25929	3.8989	0.97562	2.3037	6.2838	11.754
-0.25929	3.8989	0.97562	2.3037	6.2838	11.754
-0.26514	3.8989	0.97562	2.3037	6.2838	11.754
-0.26514	3.8989	0.98118	2.3037	6.2813	11.754
-0.26514	3.8989	0.98118	2.3037	6.2813	11.754
-0.2718	3.8989	0.98648	2.3037	6.2784	11.754
-0.2718	3.8989	0.98648	2.3037	6.2784	11.754
-0.27798	3.8989	0.98648	2.3037	6.2784	11.754
-0.27798	3.8989	0.99142	2.3037	6.2755	11.754
-0.27798	3.8989	0.99142	2.3037	6.2755	11.754
-0.28388	3.8989	0.9971	2.3037	6.2723	11.754
-0.28388	3.8989	0.9971	2.3037	6.2723	11.754
-0.2903	3.8989	0.9971	2.3037	6.2723	11.754
-0.2903	3.8989	1.0022	2.3037	6.269	11.754
-0.2903	3.8989	1.0022	2.3037	6.269	11.754
-0.29637	3.8989	1.0081	2.3037	6.2656	11.754
-0.29637	3.8989	1.0081	2.3037	6.2656	11.754
-0.30238	3.8989	1.0081	2.3037	6.2656	11.754
-0.30238	3.8989	1.0137	2.3037	6.2627	11.754
-0.30238	3.8989	1.0137	2.3037	6.2627	11.754
-0.30817	3.8989	1.0191	2.3037	6.2595	11.754
-0.30817	3.8989	1.0191	2.3037	6.2595	11.754
-0.31455	3.8989	1.0191	2.3037	6.2595	11.754
-0.31455	3.8989	1.0253	2.3037	6.2565	11.754
-0.31455	3.8989	1.0253	2.3037	6.2565	11.754
-0.32071	3.8989	1.0307	2.3037	6.2537	11.754
-0.32071	3.8989	1.0307	2.3037	6.2537	11.754
-0.32739	3.8989	1.0307	2.3037	6.2537	11.754
-0.32739	3.8989	1.037	2.3037	6.2511	11.754
-0.32739	3.8989	1.037	2.3037	6.2511	11.754
-0.33331	3.8989	1.0428	2.3037	6.2485	11.754
-0.33331	3.8989	1.0428	2.3037	6.2485	11.754
-0.33983	3.8989	1.0428	2.3037	6.2485	11.754
-0.33983	3.8989	1.0489	2.3037	6.246	11.754
-0.33983	3.8989	1.0489	2.3037	6.246	11.754
-0.34568	3.8989	1.0549	2.3037	6.2437	11.754
-0.34568	3.8989	1.0549	2.3037	6.2437	11.754
-0.35217	3.8989	1.0549	2.3037	6.2437	11.754
-0.35217	3.8989	1.0613	2.3037	6.2413	11.754
-0.35217	3.8989	1.0613	2.3037	6.2413	11.754
-0.35838	3.8989	1.0672	2.3037	6.239	11.754
-0.35838	3.8989	1.0672	2.3037	6.239	11.754
-0.36407	3.8989	1.0672	2.3037	6.239	11.754
-0.36407	3.8989	1.0735	2.3037	6.2369	11.754
-0.36407	3.8989	1.0735	2.3037	6.2369	11.754
-0.37059	3.8989	1.0793	2.3037	6.2351	11.754
-0.37059	3.8989	1.0793	2.3037	6.2351	11.754
-0.37705	3.8989	1.0793	2.3037	6.2351	11.754
-0.37705	3.8989	1.0855	2.3037	6.2332	11.754
-0.37705	3.8989	1.0855	2.3037	6.2332	11.754
-0.38305	3.8989	1.0917	2.3037	6.2315	11.754
-0.38305	3.8989	1.0917	2.3037	6.2315	11.754
-0.38891	3.8989	1.0917	2.3037	6.2315	11.754
-0.38891	3.8989	1.0979	2.3037	6.2299	11.754
-0.38891	3.8989	1.0979	2.3037	6.2299	11.754
-0.39583	3.8989	1.1045	2.3037	6.2285	11.754
-0.39583	3.8989	1.1045	2.3037	6.2285	11.754
-0.4017	3.8989	1.1045	2.3037	6.2285	11.754
-0.4017	3.8988	1.1107	2.3037	6.227	11.754
-0.4017	3.8988	1.1107	2.3037	6.227	11.754
-0.40819	3.8988	1.1169	2.3037	6.2256	11.754
-0.40819	3.8988	1.1169	2.3037	6.2256	11.754
-0.41437	3.8988	1.1169	2.3037	6.2256	11.754
-0.41437	3.8988	1.1231	2.3037	6.2244	11.754
-0.41437	3.8988	1.1231	2.3037	6.2244	11.754
-0.42098	3.8988	1.1291	2.3037	6.2231	11.754
-0.42098	3.8988	1.1291	2.3037	6.2231	11.754
-0.42709	3.8988	1.1291	2.3037	6.2231	11.754
-0.42709	3.8988	1.1358	2.3037	6.2218	11.754
-0.42709	3.8988	1.1358	2.3037	6.2218	11.754
-0.4331	3.8988	1.1417	2.3037	6.2207	11.754
-0.4331	3.8988	1.1417	2.3037	6.2207	11.754
-0.43961	3.8988	1.1417	2.3037	6.2207	11.754
-0.43961	3.8988	1.1484	2.3037	6.2197	11.754
-0.43961	3.8988	1.1484	2.3037	6.2197	11.754
-0.44551	3.8988	1.1543	2.3037	6.2187	11.754
-0.44551	3.8988	1.1543	2.3037	6.2187	11.754
-0.4519	3.8988	1.1543	2.3037	6.2187	11.754
-0.4519	3.8988	1.1605	2.3036	6.2177	11.754
-0.4519	3.8988	1.1605	2.3036	6.2177	11.754
-0.45843	3.8988	1.1671	2.3036	6.2167	11.754
-0.45843	3.8988	1.1671	2.3036	6.2167	11.754
-0.46448	3.8988	1.1671	2.3036	6.2167	11.754
-0.46448	3.8988	1.1732	2.3036	6.2159	11.754
-0.46448	3.8988	1.1732	2.3036	6.2159	11.754
-0.47109	3.8987	1.1795	2.3036	6.215	11.754
-0.47109	3.8987	1.1795	2.3036	6.215	11.754
-0.47705	3.8987	1.1795	2.3036	6.215	11.754
-0.47705	3.8987	1.1858	2.3036	6.2142	11.754
-0.47705	3.8987	1.1858	2.3036	6.2142	11.754
-0.48304	3.8987	1.1925	2.3036	6.2135	11.754
-0.48304	3.8987	1.1925	2.3036	6.2135	11.754
-0.48917	3.8987	1.1925	2.3036	6.2135	11.754
-0.48917	3.8987	1.1985	2.3036	6.2127	11.754
-0.48917	3.8987	1.1985	2.3036	6.2127	11.754
-0.49499	3.8987	1.2049	2.3036	6.212	11.754
-0.49499	3.8987	1.2049	2.3036	6.212	11.754
-0.50114	3.8987	1.2049	2.3036	6.212	11.754
-0.50114	3.8987	1.2114	2.3036	6.2114	11.754
-0.50114	3.8987	1.2114	2.3036	6.2114	11.754
-0.50755	3.8987	1.2173	2.3036	6.2109	11.754
-0.50755	3.8987	1.2173	2.3036	6.2109	11.754
-0.51391	3.8987	1.2173	2.3036	6.2109	11.754
-0.51391	3.8987	1.2235	2.3036	6.2104	11.754
-0.51391	3.8987	1.2235	2.3036	6.2104	11.754
-0.5202	3.8987	1.2303	2.3036	6.2099	11.754
-0.5202	3.8987	1.2303	2.3036	6.2099	11.754
-0.52605	3.8987	1.2303	2.3036	6.2099	11.754
-0.52605	3.8987	1.2364	2.3036	6.2095	11.754
-0.52605	3.8987	1.2364	2.3036	6.2095	11.754
-0.53232	3.8987	1.2426	2.3036	6.2091	11.754
-0.53232	3.8987	1.2426	2.3036	6.2091	11.754
-0.53899	3.8987	1.2426	2.3036	6.2091	11.754
-0.53899	3.8987	1.2484	2.3036	6.2087	11.754
-0.53899	3.8987	1.2484	2.3036	6.2087	11.754
-0.54488	3.8987	1.255	2.3036	6.2082	11.754
-0.54488	3.8987	1.255	2.3036	6.2082	11.754
-0.55124	3.8987	1.255	2.3036	6.2082	11.754
-0.55124	3.8987	1.2614	2.3036	6.2079	11.754
-0.55124	3.8987	1.2614	2.3036	6.2079	11.754
-0.55726	3.8987	1.2679	2.3036	6.2076	11.754
-0.55726	3.8987	1.2679	2.3036	6.2076	11.754
-0.56404	3.8987	1.2679	2.3036	6.2076	11.754
-0.56404	3.8987	1.2742	2.3036	6.2072	11.754
-0.56404	3.8987	1.2742	2.3036	6.2072	11.754
-0.56973	3.8987	1.2801	2.3036	6.2069	11.754
-0.56973	3.8987	1.2801	2.3036	6.2069	11.754
-0.57632	3.8987	1.2801	2.3036	6.2069	11.754
-0.57632	3.8987	1.2865	2.3036	6.2067	11.754
-0.57632	3.8987	1.2865	2.3036	6.2067	11.754
-0.58242	3.8987	1.2927	2.3036	6.2065	11.754
-0.58242	3.8987	1.2927	2.3036	6.2065	11.754
-0.58902	3.8987	1.2927	2.3036	6.2065	11.754
-0.58902	3.8987	1.2996	2.3036	6.2063	11.754
-0.58902	3.8987	1.2996	2.3036	6.2063	11.754
-0.59465	3.8987	1.3058	2.3036	6.206	11.754
-0.59465	3.8987	1.3058	2.3036	6.206	11.754
-0.60095	3.8987	1.3058	2.3036	6.206	11.754
-0.60095	3.8987	1.3118	2.3036	6.2058	11.754
-0.60095	3.8987	1.3118	2.3036	6.2058	11.754
-0.60666	3.8987	1.3179	2.3036	6.2056	11.754
-0.60666	3.8987	1.3179	2.3036	6.2056	11.754
-0.61248	3.8987	1.3179	2.3036	6.2056	11.754
-0.61248	3.8987	1.3241	2.3036	6.2055	11.754
-0.61248	3.8987	1.3241	2.3036	6.2055	11.754
-0.61777	3.8987	1.3306	2.3036	6.2053	11.754
-0.61777	3.8987	1.3306	2.3036	6.2053	11.754
-0.62359	3.8987	1.3306	2.3036	6.2053	11.754
-0.62359	3.8987	1.337	2.3036	6.2051	11.754
-0.62359	3.8987	1.337	2.3036	6.2051	11.754
-0.62886	3.8987	1.3433	2.3036	6.2049	11.754
-0.62886	3.8987	1.3433	2.3036	6.2049	11.754
-0.63375	3.8987	1.3433	2.3036	6.2049	11.754
-0.63375	3.8986	1.3494	2.3036	6.2047	11.754
-0.63375	3.8986	1.3494	2.3036	6.2047	11.754
-0.63881	3.8986	1.3559	2.3036	6.2045	11.754
-0.63881	3.8986	1.3559	2.3036	6.2045	11.754
-0.64322	3.8986	1.3559	2.3036	6.2045	11.754
-0.64322	3.8986	1.3627	2.3036	6.2043	11.754
-0.64322	3.8986	1.3627	2.3036	6.2043	11.754
-0.64796	3.8986	1.3688	2.3036	6.2041	11.754
-0.64796	3.8986	1.3688	2.3036	6.2041	11.754
-0.65242	3.8986	1.3688	2.3036	6.2041	11.754
-0.65242	3.8986	1.3751	2.3036	6.2039	11.754
-0.65242	3.8986	1.3751	2.3036	6.2039	11.754
-0.65651	3.8986	1.381	2.3036	6.2037	11.754
-0.65651	3.8986	1.381	2.3036	6.2037	11.754
-0.66084	3.8986	1.381	2.3036	6.2037	11.754
-0.66084	3.8985	1.3875	2.3036	6.2036	11.754
-0.66084	3.8985	1.3875	2.3036	6.2036	11.754
-0.66506	3.8985	1.394	2.3036	6.2035	11.754
-0.66506	3.8985	1.394	2.3036	6.2035	11.754
-0.66911	3.8985	1.394	2.3036	6.2035	11.754
-0.66911	3.8984	1.4	2.3036	6.2034	11.754
-0.66911	3.8984	1.4	2.3036	6.2034	11.754
-0.67305	3.8984	1.4062	2.3036	6.2034	11.754
-0.67305	3.8984	1.4062	2.3036	6.2034	11.754
-0.67704	3.8984	1.4062	2.3036	6.2034	11.754
-0.67704	3.8983	1.4125	2.3036	6.2033	11.754
-0.67704	3.8983	1.4125	2.3036	6.2033	11.754
-0.68071	3.8983	1.419	2.3036	6.2033	11.754
-0.68071	3.8983	1.419	2.3036	6.2033	11.754
-0.68454	3.8983	1.419	2.3036	6.2033	11.754
-0.68454	3.8982	1.4252	2.3036	6.2033	11.754
-0.68454	3.8982	1.4252	2.3036	6.2033	11.754
-0.68805	3.8982	1.4311	2.3036	6.2032	11.754
-0.68805	3.8982	1.4311	2.3036	6.2032	11.754
-0.69149	3.8982	1.4311	2.3036	6.2032	11.754
-0.69149	3.8981	1.4372	2.3036	6.2032	11.754
-0.69149	3.8981	1.4372	2.3036	6.2032	11.754
-0.6949	3.8981	1.4437	2.3036	6.2032	11.754
-0.6949	3.8981	1.4437	2.3036	6.2032	11.754
-0.69798	3.8981	1.4437	2.3036	6.2032	11.754
-0.69798	3.898	1.4497	2.3036	6.2032	11.754
-0.69798	3.898	1.4497	2.3036	6.2032	11.754
-0.70129	3.898	1.4567	2.3035	6.2031	11.754
-0.70129	3.898	1.4567	2.3035	6.2031	11.754
-0.70409	3.898	1.4567	2.3035	6.2031	11.754
-0.70409	3.8979	1.4627	2.3035	6.2031	11.754
-0.70409	3.8979	1.4627	2.3035	6.2031	11.754
-0.70681	3.8979	1.4686	2.3035	6.203	11.754
-0.70681	3.8979	1.4686	2.3035	6.203	11.754
-0.70979	3.8979	1.4686	2.3035	6.203	11.754
-0.70979	3.8978	1.4751	2.3035	6.2028	11.754
-0.70979	3.8978	1.4751	2.3035	6.2028	11.754
-0.71228	3.8976	1.4816	2.3035	6.2027	11.754
-0.71228	3.8976	1.4816	2.3035	6.2027	11.754
-0.715	3.8976	1.4816	2.3035	6.2027	11.754
-0.715	3.8974	1.4878	2.3035	6.2026	11.754
-0.715	3.8974	1.4878	2.3035	6.2026	11.754
-0.71767	3.8971	1.4939	2.3034	6.2024	11.754
-0.71767	3.8971	1.4939	2.3034	6.2024	11.754
-0.72027	3.8971	1.4939	2.3034	6.2024	11.754
-0.72027	3.8969	1.4999	2.3032	6.2023	11.754
-0.72027	3.8969	1.4999	2.3032	6.2023	11.754
-0.72256	3.8966	1.5063	2.3031	6.2023	11.754
-0.72256	3.8966	1.5063	2.3031	6.2023	11.754
-0.72511	3.8966	1.5063	2.3031	6.2023	11.754
-0.72511	3.8963	1.5128	2.3029	6.2022	11.754
-0.72511	3.8963	1.5128	2.3029	6.2022	11.754
-0.72746	3.896	1.5189	2.3028	6.2022	11.754
-0.72746	3.896	1.5189	2.3028	6.2022	11.754
-0.72973	3.896	1.5189	2.3028	6.2022	11.754
-0.72973	3.8956	1.5253	2.3026	6.2022	11.754
-0.72973	3.8956	1.5253	2.3026	6.2022	11.754
-0.73188	3.8953	1.5311	2.3025	6.2022	11.754
-0.73188	3.8953	1.5311	2.3025	6.2022	11.754
-0.73414	3.8953	1.5311	2.3025	6.2022	11.754
-0.73414	3.8949	1.538	2.3024	6.2021	11.754
-0.73414	3.8949	1.538	2.3024	6.2021	11.754
-0.7363	3.8945	1.5442	2.3023	6.2021	11.754
-0.7363	3.8945	1.5442	2.3023	6.2021	11.754
-0.73853	3.8945	1.5442	2.3023	6.2021	11.754
-0.73853	3.8941	1.5504	2.3022	6.2021	11.754
-0.73853	3.8941	1.5504	2.3022	6.2021	11.754
-0.74093	3.8937	1.5564	2.302	6.2021	11.754
-0.74093	3.8937	1.5564	2.302	6.2021	11.754
-0.74308	3.8937	1.5564	2.302	6.2021	11.754
-0.74308	3.8931	1.5627	2.3019	6.2021	11.754
-0.74308	3.8931	1.5627	2.3019	6.2021	11.754
-0.74525	3.8927	1.5691	2.3016	6.2021	11.754
-0.74525	3.8927	1.5691	2.3016	6.2021	11.754
-0.74729	3.8927	1.5691	2.3016	6.2021	11.754
-0.74729	3.8921	1.5753	2.3013	6.2021	11.754
-0.74729	3.8921	1.5753	2.3013	6.2021	11.754
-0.74909	3.8914	1.5815	2.301	6.2021	11.754
-0.74909	3.8914	1.5815	2.301	6.2021	11.754
-0.751	3.8914	1.5815	2.301	6.2021	11.754
-0.751	3.8906	1.5877	2.3006	6.2021	11.754
-0.751	3.8906	1.5877	2.3006	6.2021	11.754
-0.75265	3.89	1.5939	2.3004	6.2021	11.754
-0.75265	3.89	1.5939	2.3004	6.2021	11.754
-0.7545	3.89	1.5939	2.3004	6.2021	11.754
-0.7545	3.8892	1.6005	2.3001	6.2021	11.754
-0.7545	3.8892	1.6005	2.3001	6.2021	11.754
-0.75635	3.8884	1.6064	2.2998	6.202	11.754
-0.75635	3.8884	1.6064	2.2998	6.202	11.754
-0.75798	3.8884	1.6064	2.2998	6.202	11.754
-0.75798	3.8876	1.6128	2.2996	6.202	11.754
-0.75798	3.8876	1.6128	2.2996	6.202	11.754
-0.75971	3.8868	1.619	2.2993	6.202	11.754
-0.75971	3.8868	1.619	2.2993	6.202	11.754
-0.76155	3.8868	1.619	2.2993	6.202	11.754
-0.76155	3.8859	1.625	2.299	6.202	11.754
-0.76155	3.8859	1.625	2.299	6.202	11.754
-0.76328	3.885	1.6314	2.2987	6.2019	11.754
-0.76328	3.885	1.6314	2.2987	6.2019	11.754
-0.76523	3.885	1.6314	2.2987	6.2019	11.754
-0.76523	3.8841	1.6377	2.2985	6.2019	11.754
-0.76523	3.8841	1.6377	2.2985	6.2019	11.754
-0.76719	3.8833	1.6439	2.2982	6.2019	11.754
-0.76719	3.8833	1.6439	2.2982	6.2019	11.754
-0.76891	3.8833	1.6439	2.2982	6.2019	11.754
-0.76891	3.8825	1.6504	2.2979	6.2019	11.754
-0.76891	3.8825	1.6504	2.2979	6.2019	11.754
-0.77063	3.8814	1.6566	2.2976	6.2019	11.754
-0.77063	3.8814	1.6566	2.2976	6.2019	11.754
-0.77249	3.8814	1.6566	2.2976	6.2019	11.754
-0.77249	3.8805	1.6627	2.2974	6.2019	11.754
-0.77249	3.8805	1.6627	2.2974	6.2019	11.754
-0.77411	3.8796	1.6692	2.2971	6.2019	11.754
-0.77411	3.8796	1.6692	2.2971	6.2019	11.754
-0.77571	3.8796	1.6692	2.2971	6.2019	11.754
-0.77571	3.8785	1.6752	2.2968	6.2019	11.754
-0.77571	3.8785	1.6752	2.2968	6.2019	11.754
-0.77737	3.8775	1.6814	2.2965	6.2019	11.754
-0.77737	3.8775	1.6814	2.2965	6.2019	11.754
-0.77913	3.8775	1.6814	2.2965	6.2019	11.754
-0.77913	3.8764	1.688	2.2963	6.2019	11.754
-0.77913	3.8764	1.688	2.2963	6.2019	11.754
-0.7807	3.8755	1.6943	2.296	6.2019	11.754
-0.7807	3.8755	1.6943	2.296	6.2019	11.754
-0.78229	3.8755	1.6943	2.296	6.2019	11.754
-0.78229	3.8744	1.7004	2.2957	6.2019	11.754
-0.78229	3.8744	1.7004	2.2957	6.2019	11.754
-0.78401	3.8734	1.7066	2.2953	6.2018	11.754
-0.78401	3.8734	1.7066	2.2953	6.2018	11.754
-0.78553	3.8734	1.7066	2.2953	6.2018	11.754
-0.78553	3.8723	1.7127	2.295	6.2018	11.754
-0.78553	3.8723	1.7127	2.295	6.2018	11.754
-0.78718	3.8713	1.7189	2.2947	6.2018	11.754
-0.78718	3.8713	1.7189	2.2947	6.2018	11.754
-0.78878	3.8713	1.7189	2.2947	6.2018	11.754
-0.78878	3.8702	1.725	2.2944	6.2018	11.754
-0.78878	3.8702	1.725	2.2944	6.2018	11.754
-0.79023	3.8691	1.7317	2.2941	6.2018	11.754
-0.79023	3.8691	1.7317	2.2941	6.2018	11.754
-0.79137	3.8691	1.7317	2.2941	6.2018	11.754
-0.79137	3.8681	1.7378	2.2938	6.2018	11.754
-0.79137	3.8681	1.7378	2.2938	6.2018	11.754
-0.79264	3.8672	1.7437	2.2936	6.2018	11.754
-0.79264	3.8672	1.7437	2.2936	6.2018	11.754
-0.79383	3.8672	1.7437	2.2936	6.2018	11.754
-0.79383	3.8662	1.7507	2.2932	6.2017	11.754
-0.79383	3.8662	1.7507	2.2932	6.2017	11.754
-0.795	3.8652	1.7569	2.293	6.2017	11.754
-0.795	3.8652	1.7569	2.293	6.2017	11.754
-0.79615	3.8652	1.7569	2.293	6.2017	11.754
-0.79615	3.8644	1.7627	2.2928	6.2017	11.754
-0.79615	3.8644	1.7627	2.2928	6.2017	11.754
-0.79725	3.8635	1.7689	2.2927	6.2016	11.754
-0.79725	3.8635	1.7689	2.2927	6.2016	11.754
-0.79839	3.8635	1.7689	2.2927	6.2016	11.754
-0.79839	3.8626	1.7754	2.2926	6.2016	11.754
-0.79839	3.8626	1.7754	2.2926	6.2016	11.754
-0.79947	3.8616	1.7815	2.2925	6.2015	11.754
-0.79947	3.8616	1.7815	2.2925	6.2015	11.754
-0.80081	3.8616	1.7815	2.2925	6.2015	11.754
-0.80081	3.8608	1.7873	2.2923	6.2014	11.754
-0.80081	3.8608	1.7873	2.2923	6.2014	11.754
-0.80198	3.8599	1.7939	2.2921	6.2014	11.754
-0.80198	3.8599	1.7939	2.2921	6.2014	11.754
-0.8032	3.8599	1.7939	2.2921	6.2014	11.754
-0.8032	3.859	1.7998	2.2919	6.2014	11.754
-0.8032	3.859	1.7998	2.2919	6.2014	11.754
-0.80453	3.8582	1.8062	2.2917	6.2014	11.754
-0.80453	3.8582	1.8062	2.2917	6.2014	11.754
-0.80572	3.8582	1.8062	2.2917	6.2014	11.754
-0.80572	3.8574	1.8122	2.2915	6.2013	11.754
-0.80572	3.8574	1.8122	2.2915	6.2013	11.754
-0.80705	3.8565	1.8183	2.2914	6.2013	11.754
-0.80705	3.8565	1.8183	2.2914	6.2013	11.754
-0.80839	3.8565	1.8183	2.2914	6.2013	11.754
-0.80839	3.8557	1.8248	2.2912	6.2013	11.754
-0.80839	3.8557	1.8248	2.2912	6.2013	11.754
-0.80965	3.855	1.8306	2.2911	6.2013	11.754
-0.80965	3.855	1.8306	2.2911	6.2013	11.754
-0.81088	3.855	1.8306	2.2911	6.2013	11.754
-0.81088	3.8544	1.8374	2.2909	6.2013	11.754
-0.81088	3.8544	1.8374	2.2909	6.2013	11.754
-0.81214	3.8537	1.8433	2.2907	6.2013	11.754
-0.81214	3.8537	1.8433	2.2907	6.2013	11.754
-0.81324	3.8537	1.8433	2.2907	6.2013	11.754
-0.81324	3.853	1.8497	2.2906	6.2013	11.754
-0.81324	3.853	1.8497	2.2906	6.2013	11.754
-0.81429	3.8524	1.8558	2.2906	6.2013	11.754
-0.81429	3.8524	1.8558	2.2906	6.2013	11.754
-0.81539	3.8524	1.8558	2.2906	6.2013	11.754
-0.81539	3.8518	1.8616	2.2905	6.2013	11.754
-0.81539	3.8518	1.8616	2.2905	6.2013	11.754
-0.81641	3.8512	1.8683	2.2905	6.2013	11.754
-0.81641	3.8512	1.8683	2.2905	6.2013	11.754
-0.81744	3.8512	1.8683	2.2905	6.2013	11.754
-0.81744	3.8507	1.8744	2.2904	6.2012	11.754
-0.81744	3.8507	1.8744	2.2904	6.2012	11.754
-0.81837	3.8502	1.8803	2.2904	6.2012	11.754
-0.81837	3.8502	1.8803	2.2904	6.2012	11.754
-0.81937	3.8502	1.8803	2.2904	6.2012	11.754
-0.81937	3.8498	1.8862	2.2904	6.2012	11.754
-0.81937	3.8498	1.8862	2.2904	6.2012	11.754
-0.82026	3.8494	1.8924	2.2904	6.2012	11.754
-0.82026	3.8494	1.8924	2.2904	6.2012	11.754
-0.82103	3.8494	1.8924	2.2904	6.2012	11.754
-0.82103	3.8491	1.8985	2.2904	6.2011	11.754
-0.82103	3.8491	1.8985	2.2904	6.2011	11.754
-0.8218	3.8487	1.9042	2.2904	6.2011	11.754
-0.8218	3.8487	1.9042	2.2904	6.2011	11.754
-0.82256	3.8487	1.9042	2.2904	6.2011	11.754
-0.82256	3.8484	1.9104	2.2903	6.2011	11.754
-0.82256	3.8484	1.9104	2.2903	6.2011	11.754
-0.82322	3.8481	1.9163	2.2903	6.2011	11.754
-0.82322	3.8481	1.9163	2.2903	6.2011	11.754
-0.82397	3.8481	1.9163	2.2903	6.2011	11.754
-0.82397	3.8479	1.9227	2.2903	6.2011	11.754
-0.82397	3.8479	1.9227	2.2903	6.2011	11.754
-0.82459	3.8477	1.9287	2.2903	6.2011	11.754
-0.82459	3.8477	1.9287	2.2903	6.2011	11.754
-0.8251	3.8477	1.9287	2.2903	6.2011	11.754
-0.8251	3.8473	1.935	2.2903	6.2011	11.754
-0.8251	3.8473	1.935	2.2903	6.2011	11.754
-0.82563	3.8471	1.9411	2.2903	6.2011	11.754
-0.82563	3.8471	1.9411	2.2903	6.2011	11.754
-0.82613	3.8471	1.9411	2.2903	6.2011	11.754
-0.82613	3.8468	1.9466	2.2902	6.2011	11.754
-0.82613	3.8468	1.9466	2.2902	6.2011	11.754
-0.82665	3.8465	1.9533	2.2902	6.2011	11.754
-0.82665	3.8465	1.9533	2.2902	6.2011	11.754
-0.82714	3.8465	1.9533	2.2902	6.2011	11.754
-0.82714	3.8463	1.9594	2.2902	6.201	11.754
-0.82714	3.8463	1.9594	2.2902	6.201	11.754
-0.82762	3.8462	1.965	2.2902	6.201	11.754
-0.82762	3.8462	1.965	2.2902	6.201	11.754
-0.82809	3.8462	1.965	2.2902	6.201	11.754
-0.82809	3.846	1.9713	2.2902	6.201	11.754
-0.82809	3.846	1.9713	2.2902	6.201	11.754
-0.82853	3.8458	1.9778	2.2902	6.201	11.754
-0.82853	3.8458	1.9778	2.2902	6.201	11.754
-0.82894	3.8458	1.9778	2.2902	6.201	11.754
-0.82894	3.8458	1.9837	2.2902	6.201	11.754
-0.82894	3.8458	1.9837	2.2902	6.201	11.754
-0.82943	3.8458	1.9893	2.2902	6.201	11.754
-0.82943	3.8458	1.9893	2.2902	6.201	11.754
-0.82997	3.8458	1.9893	2.2902	6.201	11.754
-0.82997	3.8457	1.9954	2.2902	6.201	11.754
-0.82997	3.8457	1.9954	2.2902	6.201	11.754
-0.83044	3.8457	2.0015	2.2902	6.201	11.754
-0.83044	3.8457	2.0015	2.2902	6.201	11.754
-0.83085	3.8457	2.0015	2.2902	6.201	11.754
-0.83085	3.8457	2.0071	2.2902	6.2009	11.754
-0.83085	3.8457	2.0071	2.2902	6.2009	11.754
-0.83116	3.8457	2.0127	2.2901	6.2009	11.754
-0.83116	3.8457	2.0127	2.2901	6.2009	11.754
-0.83155	3.8457	2.0127	2.2901	6.2009	11.754
-0.83155	3.8457	2.0181	2.2901	6.2009	11.754
-0.83155	3.8457	2.0181	2.2901	6.2009	11.754
-0.83187	3.8456	2.0234	2.2901	6.2009	11.754
-0.83187	3.8456	2.0234	2.2901	6.2009	11.754
-0.83217	3.8456	2.0234	2.2901	6.2009	11.754
-0.83217	3.8456	2.029	2.2901	6.2009	11.754
-0.83217	3.8456	2.029	2.2901	6.2009	11.754
-0.83252	3.8455	2.0338	2.2901	6.2009	11.754
-0.83252	3.8455	2.0338	2.2901	6.2009	11.754
-0.83276	3.8455	2.0338	2.2901	6.2009	11.754
-0.83276	3.8454	2.039	2.2901	6.2009	11.754
-0.83276	3.8454	2.039	2.2901	6.2009	11.754
-0.83299	3.8452	2.0439	2.2901	6.2009	11.754
-0.83299	3.8452	2.0439	2.2901	6.2009	11.754
-0.8333	3.8452	2.0439	2.2901	6.2009	11.754
-0.8333	3.8451	2.0484	2.2901	6.2009	11.754
-0.8333	3.8451	2.0484	2.2901	6.2009	11.754
-0.83354	3.845	2.0526	2.2901	6.2009	11.754
-0.83354	3.845	2.0526	2.2901	6.2009	11.754
-0.83372	3.845	2.0526	2.2901	6.2009	11.754
-0.83372	3.8449	2.0568	2.29	6.2009	11.754
-0.83372	3.8449	2.0568	2.29	6.2009	11.754
-0.83392	3.8449	2.0609	2.29	6.2009	11.754
-0.83392	3.8449	2.0609	2.29	6.2009	11.754
-0.83415	3.8449	2.0609	2.29	6.2009	11.754
-0.83415	3.8449	2.0647	2.29	6.2009	11.754
-0.83415	3.8449	2.0647	2.29	6.2009	11.754
-0.8344	3.8449	2.0684	2.29	6.2009	11.754
-0.8344	3.8449	2.0684	2.29	6.2009	11.754
-0.83456	3.8449	2.0684	2.29	6.2009	11.754
-0.83456	3.8449	2.0717	2.29	6.2009	11.754
-0.83456	3.8449	2.0717	2.29	6.2009	11.754
-0.83468	3.8449	2.0748	2.29	6.2009	11.754
-0.83468	3.8449	2.0748	2.29	6.2009	11.754
-0.83479	3.8449	2.0748	2.29	6.2009	11.754
-0.83479	3.8449	2.0776	2.29	6.2009	11.754
-0.83479	3.8449	2.0776	2.29	6.2009	11.754
-0.83497	3.8449	2.0805	2.29	6.2009	11.754
-0.83497	3.8449	2.0805	2.29	6.2009	11.754
-0.83518	3.8449	2.0805	2.29	6.2009	11.754
-0.83518	3.8449	2.083	2.29	6.2009	11.754
-0.83518	3.8449	2.083	2.29	6.2009	11.754
-0.83532	3.8449	2.0857	2.29	6.2009	11.754
-0.83532	3.8449	2.0857	2.29	6.2009	11.754
-0.83538	3.8449	2.0857	2.29	6.2009	11.754
-0.83538	3.8449	2.0882	2.29	6.2009	11.754
-0.83538	3.8449	2.0882	2.29	6.2009	11.754
-0.83539	3.8449	2.0905	2.29	6.2009	11.754
-0.83539	3.8449	2.0905	2.29	6.2009	11.754
-0.83541	3.8449	2.0905	2.29	6.2009	11.754
-0.83541	3.8449	2.0929	2.29	6.2009	11.754
-0.83541	3.8449	2.0929	2.29	6.2009	11.754
-0.83543	3.8449	2.0948	2.29	6.2009	11.754
-0.83543	3.8449	2.0948	2.29	6.2009	11.754
-0.83544	3.8449	2.0948	2.29	6.2009	11.754
-0.83544	3.8449	2.0968	2.29	6.2009	11.754
-0.83544	3.8449	2.0968	2.29	6.2009	11.754
-0.83545	3.8449	2.0988	2.29	6.2009	11.754
-0.83545	3.8449	2.0988	2.29	6.2009	11.754
-0.83547	3.8449	2.0988	2.29	6.2009	11.754
-0.83547	3.8449	2.1008	2.29	6.2009	11.754
-0.83547	3.8449	2.1008	2.29	6.2009	11.754
-0.83549	3.8449	2.1023	2.29	6.2009	11.754
-0.83549	3.8449	2.1023	2.29	6.2009	11.754
-0.83551	3.8449	2.1023	2.29	6.2009	11.754
-0.83551	3.8449	2.1041	2.29	6.2009	11.754
-0.83551	3.8449	2.1041	2.29	6.2009	11.754
-0.83553	3.8449	2.1057	2.29	6.2009	11.754
-0.83553	3.8449	2.1057	2.29	6.2009	11.754
-0.83554	3.8449	2.1057	2.29	6.2009	11.754
-0.83554	3.8449	2.1072	2.29	6.2009	11.754
-0.83554	3.8449	2.1072	2.29	6.2009	11.754
-0.83556	3.8449	2.1085	2.29	6.2009	11.754
-0.83556	3.8449	2.1085	2.29	6.2009	11.754
-0.83558	3.8449	2.1085	2.29	6.2009	11.754
-0.83558	3.8449	2.1098	2.29	6.2009	11.754
-0.83558	3.8449	2.1098	2.29	6.2009	11.754
-0.83559	3.8449	2.1112	2.29	6.2009	11.754
-0.83559	3.8449	2.1112	2.29	6.2009	11.754
-0.83561	3.8449	2.1112	2.29	6.2009	11.754
-0.83561	3.8449	2.1124	2.29	6.2009	11.754
-0.83561	3.8449	2.1124	2.29	6.2009	11.754
-0.83564	3.8449	2.1136	2.29	6.2009	11.754
-0.83564	3.8449	2.1136	2.29	6.2009	11.754
-0.83569	3.8449	2.1136	2.29	6.2009	11.754
-0.83569	3.8449	2.1146	2.29	6.2009	11.754
-0.83569	3.8449	2.1146	2.29	6.2009	11.754
-0.83575	3.8449	2.1155	2.29	6.2009	11.754
-0.83575	3.8449	2.1155	2.29	6.2009	11.754
-0.83583	3.8449	2.1155	2.29	6.2009	11.754
-0.83583	3.8449	2.1163	2.29	6.2009	11.754
-0.83583	3.8449	2.1163	2.29	6.2009	11.754
-0.83592	3.8449	2.1171	2.29	6.2009	11.754
-0.83592	3.8449	2.1171	2.29	6.2009	11.754
-0.83602	3.8449	2.1171	2.29	6.2009	11.754
-0.83602	3.8449	2.1178	2.29	6.2009	11.754
-0.83602	3.8449	2.1178	2.29	6.2009	11.754
-0.83608	3.8449	2.1186	2.29	6.2009	11.754
-0.83608	3.8449	2.1186	2.29	6.2009	11.754
-0.83614	3.8449	2.1186	2.29	6.2009	11.754
-0.83614	3.8449	2.1194	2.29	6.2009	11.754
-0.83614	3.8449	2.1194	2.29	6.2009	11.754
-0.83617	3.8449	2.1201	2.29	6.2009	11.754
-0.83617	3.8449	2.1201	2.29	6.2009	11.754
-0.8362	3.8449	2.1201	2.29	6.2009	11.754
-0.8362	3.8449	2.1206	2.29	6.2009	11.754
-0.8362	3.8449	2.1206	2.29	6.2009	11.754
-0.83622	3.8449	2.1213	2.29	6.2009	11.754
-0.83622	3.8449	2.1213	2.29	6.2009	11.754
-0.83623	3.8449	2.1213	2.29	6.2009	11.754
-0.83623	3.8449	2.1219	2.29	6.2009	11.754
-0.83623	3.8449	2.1219	2.29	6.2009	11.754
-0.83624	3.8449	2.1224	2.29	6.2009	11.754
-0.83624	3.8449	2.1224	2.29	6.2009	11.754
-0.83624	3.8449	2.1224	2.29	6.2009	11.754
-0.83624	3.8449	2.1229	2.29	6.2009	11.754
-0.83624	3.8449	2.1229	2.29	6.2009	11.754
-0.83625	3.8449	2.1233	2.29	6.2009	11.754
-0.83625	3.8449	2.1233	2.29	6.2009	11.754
-0.83625	3.8449	2.1233	2.29	6.2009	11.754
-0.83625	3.8449	2.1237	2.29	6.2009	11.754
-0.83625	3.8449	2.1237	2.29	6.2009	11.754
-0.83626	3.8449	2.1242	2.29	6.2009	11.754
-0.83626	3.8449	2.1242	2.29	6.2009	11.754
-0.83626	3.8449	2.1242	2.29	6.2009	11.754
-0.83626	3.8449	2.1245	2.29	6.2009	11.754
-0.83626	3.8449	2.1245	2.29	6.2009	11.754
-0.83626	3.8449	2.1249	2.29	6.2009	11.754
-0.83626	3.8449	2.1249	2.29	6.2009	11.754
-0.83626	3.8449	2.1249	2.29	6.2009	11.754
-0.83626	3.8449	2.1253	2.29	6.2009	11.754
-0.83626	3.8449	2.1253	2.29	6.2009	11.754
-0.83626	3.8449	2.1256	2.29	6.2009	11.754
-0.83626	3.8449	2.1256	2.29	6.2009	11.754
-0.83626	3.8449	2.1256	2.29	6.2009	11.754
-0.83626	3.8449	2.126	2.29	6.2009	11.754
-0.83626	3.8449	2.126	2.29	6.2009	11.754
-0.83626	3.8449	2.1263	2.29	6.2009	11.754
-0.83626	3.8449	2.1263	2.29	6.2009	11.754
-0.83627	3.8449	2.1263	2.29	6.2009	11.754
-0.83627	3.8449	2.1266	2.29	6.2009	11.754
-0.83627	3.8449	2.1266	2.29	6.2009	11.754
-0.83627	3.8449	2.1269	2.29	6.2009	11.754
-0.83627	3.8449	2.1269	2.29	6.2009	11.754
-0.83627	3.8449	2.1269	2.29	6.2009	11.754
-0.83627	3.8449	2.1272	2.29	6.2009	11.754
-0.83627	3.8449	2.1272	2.29	6.2009	11.754
-0.83627	3.8449	2.1274	2.29	6.2009	11.754
-0.83627	3.8449	2.1274	2.29	6.2009	11.754
-0.83627	3.8449	2.1274	2.29	6.2009	11.754
-0.83627	3.8449	2.1277	2.29	6.2009	11.754
-0.83627	3.8449	2.1277	2.29	6.2009	11.754
-0.83627	3.8449	2.1279	2.29	6.2009	11.754
-0.83627	3.8449	2.1279	2.29	6.2009	11.754
-0.83627	3.8449	2.1279	2.29	6.2009	11.754
-0.83627	3.8449	2.128	2.29	6.2009	11.754
-0.83627	3.8449	2.128	2.29	6.2009	11.754
-0.83627	3.8449	2.1282	2.29	6.2009	11.754
-0.83627	3.8449	2.1282	2.29	6.2009	11.754
-0.83628	3.8449	2.1282	2.29	6.2009	11.754
-0.83628	3.8449	2.1284	2.29	6.2009	11.754
-0.83628	3.8449	2.1284	2.29	6.2009	11.754
-0.83628	3.8449	2.1286	2.29	6.2009	11.754
-0.83628	3.8449	2.1286	2.29	6.2009	11.754
-0.83628	3.8449	2.1286	2.29	6.2009	11.754
-0.83628	3.8449	2.1287	2.29	6.2009	11.754
-0.83628	3.8449	2.1287	2.29	6.2009	11.754
-0.83628	3.8449	2.1288	2.29	6.2009	11.754
-0.83628	3.8449	2.1288	2.29	6.2009	11.754
-0.83628	3.8449	2.1288	2.29	6.2009	11.754
-0.83628	3.8449	2.1289	2.29	6.2009	11.754
-0.83628	3.8449	2.1289	2.29	6.2009	11.754
-0.83628	3.8449	2.129	2.29	6.2009	11.754
-0.83628	3.8449	2.129	2.29	6.2009	11.754
-0.83628	3.8449	2.129	2.29	6.2009	11.754
-0.83628	3.8449	2.1291	2.29	6.2009	11.754
-0.83628	3.8449	2.1291	2.29	6.2009	11.754
-0.83628	3.8449	2.1292	2.29	6.2009	11.754
-0.83628	3.8449	2.1292	2.29	6.2009	11.754
-0.83628	3.8449	2.1292	2.29	6.2009	11.754
-0.83628	3.8449	2.1293	2.29	6.2009	11.754
-0.83628	3.8449	2.1293	2.29	6.2009	11.754
-0.83628	3.8449	2.1294	2.29	6.2009	11.754
-0.83628	3.8449	2.1294	2.29	6.2009	11.754
-0.83628	3.8449	2.1294	2.29	6.2009	11.754
-0.83628	3.8449	2.1295	2.29	6.2009	11.754
-0.83628	3.8449	2.1295	2.29	6.2009	11.754
-0.83628	3.8449	2.1296	2.29	6.2009	11.754
-0.83628	3.8449	2.1296	2.29	6.2009	11.754
-0.83628	3.8449	2.1296	2.29	6.2009	11.754
-0.83628	3.8449	2.1296	2.29	6.2009	11.754
-0.83628	3.8449	2.1296	2.29	6.2009	11.754
-0.83628	3.8449	2.1297	2.29	6.2009	11.754
-0.83628	3.8449	2.1297	2.29	6.2009	11.754
-0.83629	3.8449	2.1297	2.29	6.2009	11.754
-0.83629	3.8449	2.1297	2.29	6.2009	11.754
-0.83629	3.8449	2.1297	2.29	6.2009	11.754
-0.83629	3.8449	2.1298	2.29	6.2009	11.754
-0.83629	3.8449	2.1298	2.29	6.2009	11.754
-0.83629	3.8449	2.1298	2.29	6.2009	11.754
-0.83629	3.8449	2.1298	2.29	6.2009	11.754
-0.83629	3.8449	2.1298	2.29	6.2009	11.754
-0.83629	3.8449	2.1298	2.29	6.2009	11.754
-0.83629	3.8449	2.1298	2.29	6.2009	11.754
-0.83629	3.8449	2.1298	2.29	6.2009	11.754
-0.83629	3.8449	2.1298	2.29	6.2009	11.754
-0.83629	3.8449	2.1298	2.29	6.2009	11.754
-0.83629	3.8449	2.1298	2.29	6.2009	11.754
-0.83629	3.8449	2.1298	2.29	6.2009	11.754
-0.83629	3.8449	2.1298	2.29	6.2009	11.754
