5.0221	2.9456	0.80816	4.1505	2.0133	2.5081
5.0221	2.9456	0.80815	4.1505	2.0133	2.5081
5.0221	2.9456	0.80815	4.1505	2.0133	2.5081
5.0221	2.9456	0.80815	4.1505	2.0133	2.5081
5.0221	2.9456	0.80815	4.1505	2.0133	2.5081
5.0221	2.9456	0.80815	4.1505	2.0133	2.5081
5.0221	2.9456	0.80815	4.1505	2.0133	2.5081
5.0221	2.9456	0.80815	4.1505	2.0133	2.5081
5.0221	2.9456	0.80815	4.1505	2.0133	2.5081
5.0221	2.9456	0.80815	4.1505	2.0133	2.5081
5.0221	2.9456	0.80815	4.1505	2.0133	2.5081
5.0221	2.9456	0.80815	4.1505	2.0133	2.5081
5.0221	2.9456	0.80815	4.1505	2.0133	2.5081
5.0221	2.9456	0.80815	4.1505	2.0133	2.5081
5.0221	2.9456	0.80815	4.1505	2.0133	2.5081
5.0221	2.9456	0.80815	4.1505	2.0133	2.5081
5.0221	2.9456	0.80815	4.1505	2.0133	2.5081
5.0221	2.9456	0.80815	4.1505	2.0133	2.5081
5.0221	2.9456	0.80815	4.1505	2.0133	2.5081
5.0221	2.9456	0.80815	4.1505	2.0133	2.5081
5.0221	2.9456	0.80815	4.1505	2.0133	2.5081
5.0221	2.9456	0.80815	4.1505	2.0133	2.5081
5.0221	2.9456	0.80815	4.1505	2.0133	2.5081
5.0221	2.9456	0.80815	4.1505	2.0133	2.5081
5.0221	2.9456	0.80815	4.1505	2.0133	2.5081
5.0221	2.9456	0.80815	4.1505	2.0133	2.5081
5.0221	2.9456	0.80815	4.1505	2.0133	2.5081
5.0221	2.9456	0.80815	4.1505	2.0133	2.5081
5.0221	2.9456	0.80815	4.1505	2.0133	2.5081
5.0221	2.9456	0.80815	4.1505	2.0133	2.5081
5.0221	2.9456	0.80815	4.1505	2.0133	2.5081
5.0221	2.9456	0.80815	4.1505	2.0133	2.5081
5.0221	2.9456	0.80815	4.1505	2.0133	2.5081
5.0221	2.9456	0.80815	4.1505	2.0133	2.5081
5.0221	2.9456	0.80815	4.1505	2.0133	2.5081
5.0221	2.9456	0.80815	4.1505	2.0133	2.5081
5.0221	2.9456	0.80815	4.1505	2.0133	2.5081
5.0221	2.9456	0.80815	4.1505	2.0133	2.5081
5.0221	2.9456	0.80815	4.1505	2.0133	2.5081
5.0221	2.9456	0.80815	4.1505	2.0133	2.5081
5.0221	2.9456	0.80815	4.1505	2.0133	2.5081
5.0221	2.9456	0.80815	4.1505	2.0133	2.5081
5.0221	2.9456	0.80815	4.1505	2.0133	2.5081
5.0221	2.9456	0.80815	4.1505	2.0133	2.5081
5.0221	2.9456	0.80815	4.1505	2.0133	2.5081
5.0221	2.9456	0.80815	4.1505	2.0133	2.5081
5.0221	2.9456	0.80815	4.1505	2.0133	2.5081
5.0221	2.9456	0.80815	4.1505	2.0133	2.5081
5.0221	2.9456	0.80815	4.1505	2.0133	2.5081
5.0221	2.9456	0.80815	4.1505	2.0133	2.5081
5.0221	2.9456	0.80815	4.1505	2.0133	2.5081
5.0221	2.9456	0.80815	4.1505	2.0133	2.5081
5.0221	2.9456	0.80815	4.1505	2.0133	2.5081
5.0221	2.9456	0.80815	4.1505	2.0133	2.5081
5.0221	2.9456	0.80815	4.1505	2.0133	2.5081
5.0221	2.9456	0.80815	4.1505	2.0133	2.5081
5.0221	2.9456	0.80815	4.1505	2.0133	2.5081
5.0221	2.9456	0.80815	4.1505	2.0133	2.5081
5.0221	2.9456	0.80815	4.1505	2.0133	2.5081
5.0221	2.9456	0.80815	4.1505	2.0133	2.5081
5.0221	2.9456	0.80815	4.1505	2.0133	2.5081
5.0221	2.9456	0.80815	4.1505	2.0133	2.5081
5.0221	2.9456	0.80815	4.1505	2.0133	2.5081
5.0221	2.9456	0.80815	4.1505	2.0133	2.5081
5.0221	2.9456	0.80815	4.1505	2.0133	2.5081
5.0221	2.9456	0.80815	4.1505	2.0133	2.5081
5.0221	2.9456	0.80815	4.1505	2.0133	2.5081
5.0221	2.9456	0.80815	4.1505	2.0133	2.5081
5.0221	2.9456	0.80815	4.1505	2.0133	2.5081
5.0221	2.9456	0.80815	4.1505	2.0133	2.5081
5.0221	2.9456	0.80815	4.1505	2.0133	2.5081
5.0221	2.9456	0.80815	4.1505	2.0133	2.5081
5.0221	2.9456	0.80815	4.1505	2.0133	2.5081
5.0221	2.9456	0.80815	4.1505	2.0133	2.5081
5.0221	2.9456	0.80815	4.1505	2.0133	2.5081
5.0221	2.9456	0.80815	4.1505	2.0133	2.5081
5.0221	2.9456	0.80815	4.1505	2.0133	2.5081
5.0221	2.9456	0.80815	4.1505	2.0133	2.5081
5.0221	2.9456	0.80815	4.1505	2.0133	2.5081
5.0221	2.9456	0.80815	4.1505	2.0133	2.5081
5.0221	2.9456	0.80815	4.1505	2.0133	2.5081
5.0221	2.9456	0.80815	4.1505	2.0133	2.5081
5.0221	2.9456	0.80815	4.1505	2.0133	2.5081
5.0221	2.9456	0.80815	4.1505	2.0133	2.5081
5.0221	2.9456	0.80815	4.1505	2.0133	2.5081
5.0221	2.9456	0.80815	4.1505	2.0133	2.5081
5.0221	2.9456	0.80815	4.1505	2.0133	2.5081
5.0221	2.9456	0.80815	4.1505	2.0133	2.5081
5.0221	2.9456	0.80815	4.1505	2.0133	2.5081
5.0221	2.9456	0.80815	4.1505	2.0133	2.5081
5.0221	2.9456	0.80815	4.1505	2.0133	2.5081
5.0221	2.9456	0.80815	4.1505	2.0133	2.5081
5.0221	2.9456	0.80815	4.1505	2.0133	2.5081
5.0221	2.9456	0.80815	4.1505	2.0133	2.5081
5.0221	2.9456	0.80815	4.1505	2.0133	2.5081
5.0221	2.9456	0.80815	4.1505	2.0133	2.5081
5.0221	2.9456	0.80815	4.1505	2.0133	2.5081
5.0221	2.9456	0.80815	4.1505	2.0133	2.5081
5.0221	2.9456	0.80815	4.1505	2.0133	2.5081
5.0221	2.9456	0.80815	4.1505	2.0133	2.5081
5.0221	2.9456	0.80815	4.1505	2.0133	2.5081
5.0221	2.9456	0.80815	4.1505	2.0133	2.5081
5.0221	2.9456	0.80815	4.1505	2.0133	2.5081
5.0221	2.9456	0.80815	4.1505	2.0133	2.5081
5.0221	2.9456	0.80815	4.1505	2.0133	2.5081
5.0221	2.9456	0.80815	4.1505	2.0133	2.5081
5.0221	2.9456	0.80815	4.1505	2.0133	2.5081
5.0221	2.9456	0.80815	4.1505	2.0133	2.5081
5.0221	2.9456	0.80815	4.1505	2.0133	2.5081
5.0221	2.9456	0.80815	4.1505	2.0133	2.5081
5.0221	2.9456	0.80815	4.1505	2.0133	2.5081
5.0221	2.9456	0.80815	4.1505	2.0133	2.5081
5.0221	2.9456	0.80815	4.1505	2.0133	2.5081
5.0221	2.9456	0.80815	4.1505	2.0133	2.5081
5.0221	2.9456	0.80815	4.1505	2.0133	2.5081
5.0221	2.9456	0.80815	4.1505	2.0133	2.5081
5.0221	2.9456	0.80815	4.1505	2.0133	2.5081
5.0221	2.9456	0.80815	4.1505	2.0133	2.5081
5.0221	2.9456	0.80815	4.1505	2.0133	2.5081
5.0221	2.9456	0.80815	4.1505	2.0133	2.5081
5.0221	2.9456	0.80815	4.1505	2.0133	2.5081
5.0221	2.9456	0.80815	4.1505	2.0133	2.5081
5.0221	2.9456	0.80815	4.1505	2.0133	2.5081
5.0221	2.9456	0.80815	4.1505	2.0133	2.5081
5.0221	2.9456	0.80815	4.1505	2.0133	2.5081
5.0221	2.9456	0.80815	4.1505	2.0133	2.5081
5.0221	2.9456	0.80815	4.1505	2.0133	2.5081
5.0221	2.9456	0.80815	4.1505	2.0133	2.5081
5.0221	2.9456	0.80815	4.1505	2.0133	2.5081
5.0221	2.9456	0.80815	4.1505	2.0133	2.5081
5.0221	2.9456	0.80815	4.1505	2.0133	2.5081
5.0221	2.9456	0.80815	4.1505	2.0133	2.5081
5.0221	2.9456	0.80815	4.1505	2.0133	2.5081
5.0221	2.9456	0.80815	4.1505	2.0133	2.5081
5.0221	2.9456	0.80815	4.1505	2.0133	2.5081
5.0221	2.9456	0.80815	4.1505	2.0133	2.5081
5.0221	2.9456	0.80815	4.1505	2.0133	2.5081
5.0221	2.9456	0.80815	4.1505	2.0133	2.5081
5.0221	2.9456	0.80815	4.1505	2.0133	2.5081
5.0221	2.9456	0.80815	4.1505	2.0133	2.5081
5.0221	2.9456	0.80815	4.1505	2.0133	2.5081
5.0221	2.9456	0.80815	4.1505	2.0133	2.5081
5.0221	2.9456	0.80815	4.1505	2.0133	2.5081
5.0221	2.9456	0.80815	4.1505	2.0133	2.5081
5.0221	2.9456	0.80815	4.1505	2.0133	2.5081
5.0221	2.9456	0.80815	4.1505	2.0133	2.5081
5.0221	2.9456	0.80815	4.1505	2.0133	2.5081
5.0221	2.9456	0.80815	4.1505	2.0133	2.5081
5.0221	2.9456	0.80815	4.1505	2.0133	2.5081
5.0221	2.9456	0.80815	4.1505	2.0133	2.5081
5.0221	2.9456	0.80815	4.1505	2.0133	2.5081
5.0221	2.9456	0.80815	4.1505	2.0133	2.5081
5.0221	2.9456	0.80815	4.1505	2.0133	2.5081
5.0221	2.9456	0.80815	4.1505	2.0133	2.5081
5.0221	2.9456	0.80815	4.1505	2.0133	2.5081
5.0221	2.9456	0.80815	4.1505	2.0133	2.5081
5.0221	2.9456	0.80815	4.1505	2.0133	2.5081
5.0221	2.9456	0.80815	4.1505	2.0133	2.5081
5.0221	2.9456	0.80815	4.1505	2.0133	2.5081
5.0221	2.9456	0.80815	4.1505	2.0133	2.5081
5.0221	2.9456	0.80815	4.1505	2.0133	2.5081
5.0221	2.9456	0.80815	4.1505	2.0133	2.5081
5.0221	2.9456	0.80815	4.1505	2.0133	2.5081
5.0221	2.9456	0.80815	4.1505	2.0133	2.5081
5.0221	2.9456	0.80815	4.1505	2.0133	2.5081
5.0221	2.9456	0.80815	4.1505	2.0133	2.5081
5.0221	2.9456	0.80815	4.1505	2.0133	2.5081
5.0221	2.9456	0.80815	4.1505	2.0133	2.5081
5.0221	2.9456	0.80815	4.1505	2.0133	2.5081
5.0221	2.9456	0.80815	4.1505	2.0133	2.5081
5.0221	2.9456	0.80815	4.1505	2.0133	2.5081
5.0221	2.9456	0.80815	4.1505	2.0133	2.5081
5.0221	2.9456	0.80815	4.1505	2.0133	2.5081
5.0221	2.9456	0.80815	4.1505	2.0133	2.5081
5.0221	2.9456	0.80815	4.1505	2.0133	2.5081
5.0221	2.9456	0.80815	4.1505	2.0133	2.5081
5.0221	2.9456	0.80815	4.1505	2.0133	2.5081
5.0221	2.9456	0.80815	4.1505	2.0133	2.5081
5.0221	2.9456	0.80815	4.1505	2.0133	2.5081
5.0221	2.9456	0.80815	4.1505	2.0133	2.5081
5.0221	2.9456	0.80815	4.1505	2.0133	2.5081
5.0221	2.9456	0.80815	4.1505	2.0133	2.5081
5.0221	2.9456	0.80815	4.1505	2.0133	2.5081
5.0221	2.9456	0.80815	4.1505	2.0133	2.5081
5.0221	2.9456	0.80815	4.1505	2.0133	2.5081
5.0221	2.9456	0.80815	4.1505	2.0133	2.5081
5.0221	2.9456	0.80815	4.1505	2.0133	2.5081
5.0221	2.9456	0.80815	4.1505	2.0133	2.5081
5.0221	2.9456	0.80815	4.1505	2.0133	2.5081
5.0221	2.9456	0.80815	4.1505	2.0133	2.5081
5.0221	2.9456	0.80815	4.1505	2.0133	2.5081
5.0221	2.9456	0.80815	4.1505	2.0133	2.5081
5.0221	2.9456	0.80815	4.1505	2.0133	2.5081
5.0221	2.9456	0.80815	4.1505	2.0133	2.5081
5.0221	2.9456	0.80815	4.1505	2.0133	2.5081
5.0221	2.9456	0.80815	4.1505	2.0133	2.5081
5.0221	2.9456	0.80815	4.1505	2.0133	2.5081
5.0221	2.9456	0.80815	4.1505	2.0133	2.5081
5.0221	2.9456	0.80815	4.1505	2.0133	2.5081
5.0221	2.9456	0.80815	4.1505	2.0133	2.5081
5.0221	2.9456	0.80815	4.1505	2.0133	2.5081
5.0221	2.9456	0.80815	4.1505	2.0133	2.5081
5.0221	2.9456	0.80815	4.1505	2.0133	2.5081
5.0221	2.9456	0.80815	4.1505	2.0133	2.5081
5.0221	2.9456	0.80815	4.1505	2.0133	2.5081
5.0221	2.9456	0.80815	4.1505	2.0133	2.5081
5.0221	2.9456	0.80815	4.1505	2.0133	2.5081
5.0221	2.9456	0.80815	4.1505	2.0133	2.5081
5.0221	2.9456	0.80815	4.1505	2.0133	2.5081
5.0221	2.9456	0.80815	4.1505	2.0133	2.5081
5.0221	2.9456	0.80815	4.1505	2.0133	2.5081
5.0221	2.9456	0.80815	4.1505	2.0133	2.5081
5.0221	2.9456	0.80815	4.1505	2.0133	2.5081
5.0221	2.9456	0.80815	4.1505	2.0133	2.5081
5.0221	2.9456	0.80815	4.1505	2.0133	2.5081
5.0221	2.9456	0.80815	4.1505	2.0133	2.5081
5.0221	2.9456	0.80815	4.1505	2.0133	2.5081
5.0221	2.9456	0.80815	4.1505	2.0133	2.5081
5.0221	2.9456	0.80815	4.1505	2.0133	2.5081
5.0221	2.9456	0.80815	4.1505	2.0133	2.5081
5.0221	2.9456	0.80815	4.1505	2.0133	2.5081
5.0221	2.9456	0.80815	4.1505	2.0133	2.5081
5.0221	2.9456	0.80815	4.1505	2.0133	2.5081
5.0221	2.9456	0.80815	4.1505	2.0133	2.5081
5.0221	2.9456	0.80815	4.1505	2.0133	2.5081
5.0221	2.9456	0.80815	4.1505	2.0133	2.5081
5.0221	2.9456	0.80815	4.1505	2.0133	2.5081
5.0221	2.9456	0.80815	4.1505	2.0133	2.5081
5.0221	2.9456	0.80815	4.1505	2.0133	2.5081
5.0221	2.9456	0.80815	4.1505	2.0133	2.5081
5.0221	2.9456	0.80815	4.1505	2.0133	2.5081
5.0221	2.9456	0.80815	4.1505	2.0133	2.5081
5.0221	2.9456	0.80815	4.1505	2.0133	2.5081
5.0221	2.9456	0.80815	4.1505	2.0133	2.5081
5.0221	2.9456	0.80815	4.1505	2.0133	2.5081
5.0221	2.9456	0.80815	4.1505	2.0133	2.5081
5.0221	2.9456	0.80815	4.1505	2.0133	2.5081
5.0221	2.9456	0.80815	4.1505	2.0133	2.5081
5.0221	2.9456	0.80815	4.1505	2.0133	2.5081
5.0221	2.9456	0.80815	4.1505	2.0133	2.5081
5.0221	2.9456	0.80815	4.1505	2.0133	2.5081
5.0221	2.9456	0.80815	4.1505	2.0133	2.5081
5.0221	2.9456	0.80815	4.1505	2.0133	2.5081
5.0221	2.9456	0.80815	4.1505	2.0133	2.5081
5.0221	2.9456	0.80815	4.1505	2.0133	2.5081
5.0221	2.9456	0.80815	4.1505	2.0133	2.5081
5.0221	2.9456	0.80815	4.1505	2.0133	2.5081
5.0221	2.9456	0.80815	4.1505	2.0133	2.5081
5.0221	2.9456	0.80815	4.1505	2.0133	2.5081
5.0221	2.9456	0.80815	4.1505	2.0133	2.5081
5.0221	2.9456	0.80815	4.1505	2.0133	2.5081
5.0221	2.9456	0.80815	4.1505	2.0133	2.5081
5.0221	2.9456	0.80815	4.1505	2.0133	2.5081
5.0221	2.9456	0.80815	4.1505	2.0133	2.5081
5.0221	2.9456	0.80815	4.1505	2.0133	2.5081
5.0221	2.9456	0.80815	4.1505	2.0133	2.5081
5.0221	2.9456	0.80815	4.1505	2.0133	2.5081
5.0221	2.9456	0.80815	4.1505	2.0133	2.5081
5.0221	2.9456	0.80815	4.1505	2.0133	2.5081
5.0221	2.9456	0.80815	4.1505	2.0133	2.5081
5.0221	2.9456	0.80815	4.1505	2.0133	2.5081
5.0221	2.9456	0.80815	4.1505	2.0133	2.5081
5.0221	2.9456	0.80815	4.1505	2.0133	2.5081
5.0221	2.9456	0.80815	4.1505	2.0133	2.5081
5.0221	2.9456	0.80815	4.1505	2.0133	2.5081
5.0221	2.9456	0.80815	4.1505	2.0133	2.5081
5.0221	2.9456	0.80815	4.1505	2.0133	2.5081
5.0221	2.9456	0.80815	4.1505	2.0133	2.5081
5.0221	2.9456	0.80815	4.1505	2.0133	2.5081
5.0221	2.9456	0.80815	4.1505	2.0133	2.5081
5.0221	2.9456	0.80815	4.1505	2.0133	2.5081
5.0221	2.9456	0.80814	4.1505	2.0133	2.5081
5.0221	2.9456	0.80814	4.1505	2.0133	2.5081
5.0221	2.9456	0.80814	4.1505	2.0133	2.5081
5.0221	2.9457	0.80814	4.1505	2.0133	2.5081
5.0221	2.9457	0.80814	4.1505	2.0133	2.5081
5.0221	2.9457	0.80813	4.1505	2.0133	2.5081
5.0221	2.9457	0.80813	4.1505	2.0133	2.5081
5.0221	2.9457	0.80813	4.1505	2.0133	2.5081
5.0221	2.9457	0.8081	4.1505	2.0133	2.5081
5.0221	2.9457	0.8081	4.1505	2.0133	2.5081
5.0221	2.9457	0.80805	4.1505	2.0133	2.5081
5.0221	2.9457	0.80805	4.1505	2.0133	2.5081
5.0221	2.9457	0.80805	4.1505	2.0133	2.5081
5.0221	2.9458	0.80802	4.1505	2.0133	2.5081
5.0221	2.9458	0.80802	4.1505	2.0133	2.5081
5.0221	2.9458	0.80802	4.1505	2.0133	2.5081
5.0221	2.9458	0.80802	4.1505	2.0133	2.5081
5.0221	2.9458	0.80802	4.1505	2.0133	2.5081
5.0221	2.946	0.80802	4.1505	2.0133	2.5081
5.0221	2.946	0.80802	4.1505	2.0133	2.5081
5.0221	2.9462	0.80801	4.1505	2.0133	2.5081
5.0221	2.9462	0.80801	4.1505	2.0133	2.5081
5.0221	2.9462	0.80801	4.1505	2.0133	2.5081
5.0221	2.9464	0.80801	4.1505	2.0133	2.5081
5.0221	2.9464	0.80801	4.1505	2.0133	2.5081
5.0221	2.9467	0.80801	4.1505	2.0133	2.5081
5.0221	2.9467	0.80801	4.1505	2.0133	2.5081
5.0221	2.9467	0.80801	4.1505	2.0133	2.5081
5.0221	2.9469	0.80801	4.1505	2.0133	2.5081
5.0221	2.9469	0.80801	4.1505	2.0133	2.5081
5.0221	2.9472	0.80801	4.1505	2.0133	2.5081
5.0221	2.9472	0.80801	4.1505	2.0133	2.5081
5.0221	2.9472	0.80801	4.1505	2.0133	2.5081
5.0221	2.9474	0.80801	4.1505	2.0133	2.5081
5.0221	2.9474	0.80801	4.1505	2.0133	2.5081
5.0221	2.9475	0.808	4.1505	2.0133	2.5081
5.0221	2.9475	0.808	4.1505	2.0133	2.5081
5.0221	2.9475	0.808	4.1505	2.0133	2.5081
5.0221	2.9475	0.80799	4.1505	2.0133	2.5081
5.0221	2.9475	0.80799	4.1505	2.0133	2.5081
5.0221	2.9477	0.80799	4.1505	2.0133	2.5081
5.0221	2.9477	0.80799	4.1505	2.0133	2.5081
5.0221	2.9477	0.80799	4.1505	2.0133	2.5081
5.0221	2.9478	0.80799	4.1505	2.0133	2.5081
5.0221	2.9478	0.80799	4.1505	2.0133	2.5081
5.0221	2.9479	0.80798	4.1505	2.0133	2.5081
5.0221	2.9479	0.80798	4.1505	2.0133	2.5081
5.0221	2.9479	0.80798	4.1505	2.0133	2.5081
5.0221	2.9481	0.80798	4.1505	2.0133	2.5081
5.0221	2.9481	0.80798	4.1505	2.0133	2.5081
5.0221	2.9481	0.80798	4.1505	2.0133	2.5081
5.0221	2.9481	0.80798	4.1505	2.0133	2.5081
5.0221	2.9481	0.80798	4.1505	2.0133	2.5081
5.0221	2.9482	0.80798	4.1505	2.0133	2.5081
5.0221	2.9482	0.80798	4.1505	2.0133	2.5081
5.0221	2.9483	0.80798	4.1505	2.0133	2.5081
5.0221	2.9483	0.80798	4.1505	2.0133	2.5081
5.0221	2.9483	0.80798	4.1505	2.0133	2.5081
5.0221	2.9484	0.80798	4.1505	2.0133	2.5081
5.0221	2.9484	0.80798	4.1505	2.0133	2.5081
5.0221	2.9486	0.80798	4.1505	2.0133	2.5081
5.0221	2.9486	0.80798	4.1505	2.0133	2.5081
5.0221	2.9486	0.80798	4.1505	2.0133	2.5081
5.0221	2.9487	0.80798	4.1505	2.0133	2.5081
5.0221	2.9487	0.80798	4.1505	2.0133	2.5081
5.0221	2.9489	0.80798	4.1505	2.0133	2.5081
5.0221	2.9489	0.80798	4.1505	2.0133	2.5081
5.0221	2.9489	0.80798	4.1505	2.0133	2.5081
5.0221	2.949	0.80798	4.1505	2.0133	2.5081
5.0221	2.949	0.80798	4.1505	2.0133	2.5081
5.0221	2.9491	0.80797	4.1505	2.0133	2.5081
5.0221	2.9491	0.80797	4.1505	2.0133	2.5081
5.0221	2.9491	0.80797	4.1505	2.0133	2.5081
5.0221	2.9492	0.80795	4.1505	2.0133	2.5081
5.0221	2.9492	0.80795	4.1505	2.0133	2.5081
5.0221	2.9493	0.80794	4.1505	2.0133	2.5081
5.0221	2.9493	0.80794	4.1505	2.0133	2.5081
5.0221	2.9493	0.80794	4.1505	2.0133	2.5081
5.0221	2.9496	0.80792	4.1505	2.0133	2.5081
5.0221	2.9496	0.80792	4.1505	2.0133	2.5081
5.0221	2.9499	0.80791	4.1505	2.0133	2.5081
5.0221	2.9499	0.80791	4.1505	2.0133	2.5081
5.0221	2.9499	0.80791	4.1505	2.0133	2.5081
5.0221	2.9502	0.80791	4.1505	2.0133	2.5081
5.0221	2.9502	0.80791	4.1505	2.0133	2.5081
5.0222	2.9505	0.80791	4.1505	2.0133	2.5081
5.0222	2.9505	0.80791	4.1505	2.0132	2.5081
5.0222	2.9505	0.80791	4.1505	2.0132	2.5081
5.0222	2.9508	0.8079	4.1505	2.0132	2.5081
5.0222	2.9508	0.8079	4.1505	2.0132	2.5081
5.0222	2.9512	0.8079	4.1505	2.0132	2.5081
5.0222	2.9512	0.8079	4.1505	2.0131	2.5081
5.0222	2.9512	0.8079	4.1505	2.0131	2.5081
5.0222	2.9516	0.8079	4.1505	2.013	2.5081
5.0222	2.9516	0.8079	4.1505	2.013	2.5081
5.0222	2.9522	0.8079	4.1505	2.013	2.5081
5.0222	2.9522	0.8079	4.1505	2.0126	2.5081
5.0222	2.9522	0.8079	4.1505	2.0126	2.5081
5.0222	2.9529	0.8079	4.1505	2.0122	2.5081
5.0222	2.9529	0.8079	4.1505	2.0122	2.5081
5.0222	2.9537	0.80788	4.1506	2.0122	2.5081
5.0222	2.9537	0.80788	4.1506	2.0114	2.5081
5.0222	2.9537	0.80788	4.1506	2.0114	2.5081
5.0222	2.9546	0.80785	4.1506	2.0103	2.5081
5.0222	2.9546	0.80785	4.1506	2.0103	2.5081
5.0222	2.9556	0.8078	4.1506	2.0103	2.5081
5.0222	2.9556	0.8078	4.1506	2.0088	2.5081
5.0222	2.9556	0.8078	4.1506	2.0088	2.5081
5.0222	2.9566	0.80774	4.1506	2.0073	2.5081
5.0222	2.9566	0.80774	4.1506	2.0073	2.5081
5.0222	2.9578	0.80767	4.1506	2.0073	2.5081
5.0222	2.9578	0.80767	4.1506	2.0052	2.5081
5.0222	2.9578	0.80767	4.1506	2.0052	2.5081
5.0222	2.9591	0.80761	4.1506	2.003	2.5081
5.0222	2.9591	0.80761	4.1506	2.003	2.5081
5.0222	2.9604	0.80756	4.1506	2.003	2.5081
5.0222	2.9604	0.80756	4.1506	2.0004	2.5081
5.0222	2.9604	0.80756	4.1506	2.0004	2.5081
5.0222	2.9619	0.80751	4.1506	1.9975	2.5081
5.0222	2.9619	0.80751	4.1506	1.9975	2.5081
5.0222	2.9635	0.80747	4.1506	1.9975	2.5081
5.0222	2.9635	0.80747	4.1506	1.9946	2.5081
5.0222	2.9635	0.80747	4.1506	1.9946	2.5081
5.0222	2.9651	0.80744	4.1506	1.9912	2.5081
5.0222	2.9651	0.80744	4.1506	1.9912	2.5081
5.0222	2.967	0.80742	4.1506	1.9912	2.5081
5.0222	2.967	0.80742	4.1506	1.9874	2.5081
5.0222	2.967	0.80742	4.1506	1.9874	2.5081
5.0222	2.9689	0.80739	4.1506	1.9836	2.5081
5.0222	2.9689	0.80739	4.1506	1.9836	2.5081
5.0222	2.9711	0.80737	4.1506	1.9836	2.5081
5.0222	2.9711	0.80737	4.1506	1.9791	2.5081
5.0222	2.9711	0.80737	4.1506	1.9791	2.5081
5.0222	2.9733	0.80736	4.1506	1.9748	2.5081
5.0222	2.9733	0.80736	4.1506	1.9748	2.5081
5.0222	2.9755	0.80735	4.1506	1.9748	2.5081
5.0222	2.9755	0.80735	4.1506	1.9694	2.5081
5.0222	2.9755	0.80735	4.1506	1.9694	2.5081
5.0222	2.978	0.80732	4.1506	1.9641	2.5081
5.0222	2.978	0.80732	4.1506	1.9641	2.5081
5.0222	2.9806	0.80732	4.1506	1.9641	2.5081
5.0222	2.9806	0.80732	4.1506	1.9583	2.5081
5.0222	2.9806	0.80732	4.1506	1.9583	2.5081
5.0222	2.9834	0.80732	4.1506	1.9527	2.5081
5.0222	2.9834	0.80732	4.1506	1.9527	2.5081
5.0222	2.9859	0.80731	4.1506	1.9527	2.5081
5.0222	2.9859	0.80731	4.1506	1.9459	2.5081
5.0222	2.9859	0.80731	4.1506	1.9459	2.5081
5.0222	2.9888	0.8073	4.1506	1.9397	2.5081
5.0222	2.9888	0.8073	4.1506	1.9397	2.5081
5.0222	2.9919	0.80728	4.1506	1.9397	2.5081
5.0222	2.9919	0.80728	4.1506	1.9328	2.5081
5.0222	2.9919	0.80728	4.1506	1.9328	2.5081
5.0222	2.9951	0.80725	4.1506	1.9254	2.5081
5.0222	2.9951	0.80725	4.1506	1.9254	2.5081
5.0222	2.9982	0.80721	4.1506	1.9254	2.5081
5.0222	2.9982	0.80721	4.1506	1.9186	2.5081
5.0222	2.9982	0.80721	4.1506	1.9186	2.5081
5.0222	3.0011	0.80715	4.1506	1.911	2.5081
5.0222	3.0011	0.80715	4.1506	1.911	2.5081
5.0222	3.0043	0.80707	4.1506	1.911	2.5081
5.0222	3.0043	0.80707	4.1506	1.9038	2.5081
5.0222	3.0043	0.80707	4.1506	1.9038	2.5081
5.0222	3.0076	0.80701	4.1507	1.8972	2.5081
5.0222	3.0076	0.80701	4.1507	1.8972	2.5081
5.0222	3.0105	0.80693	4.1508	1.8972	2.5081
5.0222	3.0105	0.80693	4.1508	1.89	2.5081
5.0222	3.0105	0.80693	4.1508	1.89	2.5081
5.0222	3.0137	0.80678	4.1511	1.883	2.5081
5.0222	3.0137	0.80678	4.1511	1.883	2.5081
5.0222	3.0168	0.80655	4.1517	1.883	2.5081
5.0222	3.0168	0.80655	4.1517	1.8772	2.5081
5.0222	3.0168	0.80655	4.1517	1.8772	2.5081
5.0222	3.0199	0.80627	4.1525	1.8708	2.5081
5.0222	3.0199	0.80627	4.1525	1.8708	2.5081
5.0222	3.0224	0.80601	4.1534	1.8708	2.5081
5.0222	3.0224	0.80601	4.1534	1.8648	2.5081
5.0222	3.0224	0.80601	4.1534	1.8648	2.5081
5.0222	3.0254	0.80574	4.1543	1.859	2.5081
5.0222	3.0254	0.80574	4.1543	1.859	2.5081
5.0222	3.0281	0.80537	4.1555	1.859	2.5081
5.0222	3.0281	0.80537	4.1555	1.8541	2.5081
5.0222	3.0281	0.80537	4.1555	1.8541	2.5081
5.0222	3.0309	0.80504	4.1566	1.8489	2.5081
5.0222	3.0309	0.80504	4.1566	1.8489	2.5081
5.0222	3.0333	0.80472	4.1576	1.8489	2.5081
5.0222	3.0333	0.80472	4.1576	1.8444	2.5081
5.0222	3.0333	0.80472	4.1576	1.8444	2.5081
5.0222	3.0359	0.80432	4.1588	1.8397	2.5081
5.0222	3.0359	0.80432	4.1588	1.8397	2.5081
5.0222	3.0384	0.80397	4.16	1.8397	2.5081
5.0222	3.0384	0.80397	4.16	1.8349	2.5081
5.0222	3.0384	0.80397	4.16	1.8349	2.5081
5.0222	3.0406	0.80353	4.1611	1.8307	2.5081
5.0222	3.0406	0.80353	4.1611	1.8307	2.5081
5.0222	3.0429	0.80317	4.1621	1.8307	2.5081
5.0222	3.0429	0.80317	4.1621	1.8261	2.5081
5.0222	3.0429	0.80317	4.1621	1.8261	2.5081
5.0222	3.0452	0.80282	4.1632	1.8221	2.5081
5.0222	3.0452	0.80282	4.1632	1.8221	2.5081
5.0222	3.0474	0.80245	4.1643	1.8221	2.5081
5.0222	3.0474	0.80245	4.1643	1.8178	2.5081
5.0222	3.0474	0.80245	4.1643	1.8178	2.5081
5.0222	3.0497	0.8021	4.1653	1.8139	2.5081
5.0222	3.0497	0.8021	4.1653	1.8139	2.5081
5.0222	3.0519	0.80179	4.1661	1.8139	2.5081
5.0222	3.0519	0.80179	4.1661	1.8095	2.5081
5.0222	3.0519	0.80179	4.1661	1.8095	2.5081
5.0222	3.0538	0.80142	4.167	1.8049	2.5081
5.0222	3.0538	0.80142	4.167	1.8049	2.5081
5.0222	3.0559	0.80112	4.1679	1.8049	2.5081
5.0222	3.0559	0.80112	4.1679	1.8005	2.5081
5.0222	3.0559	0.80112	4.1679	1.8005	2.5081
5.0222	3.058	0.80081	4.1687	1.7959	2.5081
5.0222	3.058	0.80081	4.1687	1.7959	2.5081
5.0222	3.0601	0.80048	4.1694	1.7959	2.5081
5.0222	3.0601	0.80048	4.1694	1.7913	2.5081
5.0222	3.0601	0.80048	4.1694	1.7913	2.5081
5.0222	3.0622	0.80015	4.1702	1.7867	2.5081
5.0222	3.0622	0.80015	4.1702	1.7867	2.5081
5.0222	3.0644	0.79981	4.1709	1.7867	2.5081
5.0222	3.0644	0.79981	4.1709	1.7813	2.5081
5.0222	3.0644	0.79981	4.1709	1.7813	2.5081
5.0222	3.0666	0.79941	4.1717	1.7762	2.5081
5.0222	3.0666	0.79941	4.1717	1.7762	2.5081
5.0222	3.0689	0.79903	4.1725	1.7762	2.5081
5.0222	3.0689	0.79903	4.1725	1.7702	2.5081
5.0222	3.0689	0.79903	4.1725	1.7702	2.5081
5.0222	3.071	0.79864	4.1733	1.7644	2.5081
5.0222	3.071	0.79864	4.1733	1.7644	2.5081
5.0222	3.0735	0.79827	4.1741	1.7644	2.5081
5.0222	3.0735	0.79827	4.1741	1.7581	2.5081
5.0222	3.0735	0.79827	4.1741	1.7581	2.5081
5.0222	3.076	0.79777	4.1753	1.7511	2.5081
5.0222	3.076	0.79777	4.1753	1.7511	2.5081
5.0222	3.0786	0.79723	4.1766	1.7511	2.5081
5.0222	3.0786	0.79723	4.1766	1.7446	2.5081
5.0222	3.0786	0.79723	4.1766	1.7446	2.5081
5.0222	3.0812	0.79671	4.178	1.737	2.5081
5.0222	3.0812	0.79671	4.178	1.737	2.5081
5.0222	3.0837	0.7961	4.1799	1.737	2.5081
5.0222	3.0837	0.7961	4.1799	1.7296	2.5081
5.0222	3.0837	0.7961	4.1799	1.7296	2.5081
5.0222	3.0866	0.79539	4.182	1.7214	2.5081
5.0222	3.0866	0.79539	4.182	1.7214	2.5081
5.0222	3.0896	0.79459	4.1843	1.7214	2.5081
5.0222	3.0896	0.79459	4.1843	1.7129	2.5081
5.0222	3.0896	0.79459	4.1843	1.7129	2.5081
5.0222	3.0924	0.79381	4.1867	1.7056	2.5081
5.0222	3.0924	0.79381	4.1867	1.7056	2.5081
5.0222	3.0956	0.79294	4.1893	1.7056	2.5081
5.0222	3.0956	0.79294	4.1893	1.6969	2.5081
5.0222	3.0956	0.79294	4.1893	1.6969	2.5081
5.0222	3.0988	0.79205	4.1922	1.6886	2.5081
5.0222	3.0988	0.79205	4.1922	1.6886	2.5081
5.0222	3.1022	0.79107	4.1948	1.6886	2.5081
5.0222	3.1022	0.79107	4.1948	1.6809	2.5081
5.0222	3.1022	0.79107	4.1948	1.6809	2.5081
5.0222	3.1053	0.79019	4.1978	1.6727	2.5081
5.0222	3.1053	0.79019	4.1978	1.6727	2.5081
5.0222	3.1088	0.78919	4.2009	1.6727	2.5081
5.0222	3.1088	0.78919	4.2009	1.6639	2.5081
5.0222	3.1088	0.78919	4.2009	1.6639	2.5081
5.0222	3.1124	0.7881	4.204	1.6566	2.5081
5.0222	3.1124	0.7881	4.204	1.6566	2.5081
5.0222	3.1161	0.78696	4.2074	1.6566	2.5081
5.0222	3.1161	0.78696	4.2074	1.6478	2.5081
5.0222	3.1161	0.78696	4.2074	1.6478	2.5081
5.0222	3.1196	0.78573	4.2108	1.6401	2.5081
5.0222	3.1196	0.78573	4.2108	1.6401	2.5081
5.0222	3.1229	0.78444	4.2148	1.6401	2.5081
5.0222	3.1229	0.78444	4.2148	1.6321	2.5081
5.0222	3.1229	0.78444	4.2148	1.6321	2.5081
5.0222	3.1265	0.78303	4.2187	1.6234	2.5081
5.0222	3.1265	0.78303	4.2187	1.6234	2.5081
5.0222	3.1302	0.78173	4.2234	1.6234	2.5081
5.0222	3.1302	0.78173	4.2234	1.6148	2.5081
5.0222	3.1302	0.78173	4.2234	1.6148	2.5081
5.0222	3.1339	0.78026	4.228	1.6061	2.5081
5.0222	3.1339	0.78026	4.228	1.6061	2.5081
5.0222	3.1376	0.77877	4.2324	1.6061	2.5081
5.0222	3.1376	0.77877	4.2324	1.5981	2.5081
5.0222	3.1376	0.77877	4.2324	1.5981	2.5081
5.0222	3.1408	0.77729	4.2367	1.5896	2.5081
5.0222	3.1408	0.77729	4.2367	1.5896	2.5081
5.0222	3.1445	0.77598	4.2405	1.5896	2.5081
5.0222	3.1445	0.77598	4.2405	1.5809	2.5081
5.0222	3.1445	0.77598	4.2405	1.5809	2.5081
5.0222	3.1481	0.77456	4.2446	1.5722	2.5081
5.0222	3.1481	0.77456	4.2446	1.5722	2.5081
5.0222	3.1518	0.77319	4.2487	1.5722	2.5081
5.0222	3.1518	0.77319	4.2487	1.5639	2.5081
5.0222	3.1518	0.77319	4.2487	1.5639	2.5081
5.0222	3.155	0.77185	4.2527	1.5561	2.5081
5.0222	3.155	0.77185	4.2527	1.5561	2.5081
5.0222	3.1585	0.77051	4.2563	1.5561	2.5081
5.0222	3.1585	0.77051	4.2563	1.5473	2.5081
5.0222	3.1585	0.77051	4.2563	1.5473	2.5081
5.0222	3.1621	0.76921	4.2595	1.5397	2.5081
5.0222	3.1621	0.76921	4.2595	1.5397	2.5081
5.0222	3.1656	0.76803	4.2628	1.5397	2.5081
5.0222	3.1656	0.76803	4.2628	1.531	2.5081
5.0222	3.1656	0.76803	4.2628	1.531	2.5081
5.0222	3.1692	0.76698	4.266	1.5232	2.5081
5.0222	3.1692	0.76698	4.266	1.5232	2.5081
5.0222	3.1723	0.76594	4.2687	1.5232	2.5081
5.0222	3.1723	0.76594	4.2687	1.5144	2.5081
5.0222	3.1723	0.76594	4.2687	1.5144	2.5081
5.0222	3.1757	0.76489	4.2716	1.5065	2.5081
5.0222	3.1757	0.76489	4.2716	1.5065	2.5081
5.0222	3.1791	0.76382	4.2743	1.5065	2.5081
5.0222	3.1791	0.76382	4.2743	1.4977	2.5081
5.0222	3.1791	0.76382	4.2743	1.4977	2.5081
5.0222	3.1822	0.76284	4.277	1.4892	2.5081
5.0222	3.1822	0.76284	4.277	1.4892	2.5081
5.0222	3.1854	0.76199	4.2796	1.4892	2.5081
5.0222	3.1854	0.76199	4.2796	1.4812	2.5081
5.0222	3.1854	0.76199	4.2796	1.4812	2.5081
5.0222	3.1887	0.76106	4.282	1.4727	2.5081
5.0222	3.1887	0.76106	4.282	1.4727	2.5081
5.0222	3.192	0.76018	4.2843	1.4727	2.5081
5.0222	3.192	0.76018	4.2843	1.4642	2.5081
5.0222	3.192	0.76018	4.2843	1.4642	2.5081
5.0222	3.1952	0.75943	4.2865	1.4562	2.5081
5.0222	3.1952	0.75943	4.2865	1.4562	2.5081
5.0222	3.1979	0.75868	4.2882	1.4562	2.5081
5.0222	3.1979	0.75868	4.2882	1.4479	2.5081
5.0222	3.1979	0.75868	4.2882	1.4479	2.5081
5.0222	3.201	0.75799	4.29	1.4391	2.5081
5.0222	3.201	0.75799	4.29	1.4391	2.5081
5.0222	3.2041	0.75734	4.2917	1.4391	2.5081
5.0222	3.2041	0.75734	4.2917	1.4312	2.5081
5.0222	3.2041	0.75734	4.2917	1.4312	2.5081
5.0222	3.2071	0.75675	4.2933	1.4233	2.5081
5.0222	3.2071	0.75675	4.2933	1.4233	2.5081
5.0222	3.21	0.7562	4.2947	1.4233	2.5081
5.0222	3.21	0.7562	4.2947	1.4157	2.5081
5.0222	3.21	0.7562	4.2947	1.4157	2.5081
5.0222	3.2152	0.75516	4.2977	1.4079	2.5081
5.0222	3.2152	0.75516	4.2977	1.4006	2.5081
5.0222	3.2152	0.75516	4.2977	1.4006	2.5081
5.0222	3.2184	0.75458	4.2992	1.3918	2.5081
5.0222	3.2184	0.75458	4.2992	1.3918	2.5081
5.0222	3.2184	0.75458	4.2992	1.3918	2.5081
5.0222	3.2212	0.75406	4.3004	1.385	2.5081
5.0222	3.2212	0.75406	4.3004	1.385	2.5081
5.0222	3.224	0.75358	4.3017	1.3777	2.5081
5.0222	3.224	0.75358	4.3017	1.3777	2.5081
5.0222	3.224	0.75358	4.3017	1.3777	2.5081
5.0222	3.2263	0.7531	4.303	1.3709	2.5081
5.0222	3.2263	0.7531	4.303	1.3709	2.5081
5.0222	3.229	0.75272	4.3042	1.3652	2.5081
5.0222	3.229	0.75272	4.3042	1.3652	2.5081
5.0222	3.2314	0.75235	4.3052	1.3652	2.5081
5.0222	3.2314	0.75235	4.3052	1.3594	2.5081
5.0222	3.2314	0.75235	4.3052	1.3594	2.5081
5.0222	3.2343	0.75195	4.3062	1.3528	2.5081
5.0222	3.2343	0.75195	4.3062	1.3528	2.5081
5.0222	3.2343	0.75195	4.3062	1.3528	2.5081
5.0222	3.2368	0.75154	4.3071	1.3475	2.5081
5.0222	3.2368	0.75154	4.3071	1.3475	2.5081
5.0222	3.2392	0.75118	4.3081	1.3422	2.5081
5.0222	3.2392	0.75118	4.3081	1.3422	2.5081
5.0222	3.2392	0.75118	4.3081	1.3422	2.5081
5.0222	3.2413	0.75084	4.3089	1.3372	2.5081
5.0222	3.2413	0.75084	4.3089	1.3372	2.5081
5.0222	3.2436	0.75046	4.3097	1.3329	2.5081
5.0222	3.2436	0.75046	4.3097	1.3329	2.5081
5.0222	3.2436	0.75046	4.3097	1.3329	2.5081
5.0222	3.246	0.75011	4.3105	1.3284	2.5081
5.0222	3.246	0.75011	4.3105	1.3284	2.5081
5.0222	3.2482	0.74982	4.3114	1.3241	2.5081
5.0222	3.2482	0.74982	4.3114	1.3241	2.5081
5.0222	3.2482	0.74982	4.3114	1.3241	2.5081
5.0222	3.2505	0.74948	4.3123	1.3204	2.5081
5.0222	3.2505	0.74948	4.3123	1.3204	2.5081
5.0222	3.2526	0.74917	4.3136	1.3166	2.5081
5.0222	3.2526	0.74917	4.3136	1.3166	2.5081
5.0222	3.2544	0.74889	4.3147	1.3166	2.5081
5.0222	3.2544	0.74889	4.3147	1.3133	2.5081
5.0222	3.2544	0.74889	4.3147	1.3133	2.5081
5.0222	3.2565	0.74857	4.3162	1.3098	2.5081
5.0222	3.2565	0.74857	4.3162	1.3098	2.5081
5.0222	3.2565	0.74857	4.3162	1.3098	2.5081
5.0222	3.2584	0.7483	4.3173	1.3064	2.5081
5.0222	3.2584	0.7483	4.3173	1.3064	2.5081
5.0222	3.2603	0.74806	4.3186	1.3032	2.5081
5.0222	3.2603	0.74806	4.3186	1.3032	2.5081
5.0222	3.2603	0.74806	4.3186	1.3032	2.5081
5.0222	3.2622	0.74778	4.32	1.3002	2.5081
5.0222	3.2622	0.74778	4.32	1.3002	2.5081
5.0222	3.2639	0.74753	4.3212	1.2976	2.5081
5.0222	3.2639	0.74753	4.3212	1.2976	2.5081
5.0222	3.2639	0.74753	4.3212	1.2976	2.5081
5.0222	3.2657	0.74735	4.3227	1.2948	2.5081
5.0222	3.2657	0.74735	4.3227	1.2948	2.5081
5.0222	3.2674	0.74722	4.3242	1.2922	2.5081
5.0222	3.2674	0.74722	4.3242	1.2922	2.5081
5.0222	3.2674	0.74722	4.3242	1.2922	2.5081
5.0222	3.2689	0.74705	4.3256	1.2898	2.5081
5.0222	3.2689	0.74705	4.3256	1.2898	2.5081
5.0222	3.2706	0.74685	4.3268	1.2874	2.5081
5.0222	3.2706	0.74685	4.3268	1.2874	2.5081
5.0222	3.2706	0.74685	4.3268	1.2874	2.5081
5.0222	3.2722	0.74667	4.3281	1.2852	2.5081
5.0222	3.2722	0.74667	4.3281	1.2852	2.5081
5.0222	3.2737	0.74653	4.3292	1.2829	2.5081
5.0222	3.2737	0.74653	4.3292	1.2829	2.5081
5.0222	3.2737	0.74653	4.3292	1.2829	2.5081
5.0222	3.2753	0.74644	4.3304	1.2805	2.5081
5.0222	3.2753	0.74644	4.3304	1.2805	2.5081
5.0222	3.2767	0.74634	4.3316	1.2782	2.5081
5.0222	3.2767	0.74634	4.3316	1.2782	2.5081
5.0222	3.2767	0.74634	4.3316	1.2782	2.5081
5.0222	3.2783	0.74625	4.3328	1.2754	2.5081
5.0222	3.2783	0.74625	4.3328	1.2754	2.5081
5.0222	3.2798	0.74615	4.3338	1.2724	2.5081
5.0222	3.2798	0.74615	4.3338	1.2724	2.5081
5.0222	3.2798	0.74615	4.3338	1.2724	2.5081
5.0222	3.2813	0.74603	4.3347	1.2694	2.5081
5.0222	3.2813	0.74603	4.3347	1.2694	2.5081
5.0222	3.2827	0.7459	4.3356	1.2658	2.5081
5.0222	3.2827	0.7459	4.3356	1.2658	2.5081
5.0222	3.2827	0.7459	4.3356	1.2658	2.5081
5.0222	3.2842	0.74575	4.3365	1.2622	2.5081
5.0222	3.2842	0.74575	4.3365	1.2622	2.5081
5.0222	3.2858	0.74562	4.3374	1.2582	2.5081
5.0222	3.2858	0.74562	4.3374	1.2582	2.5081
5.0222	3.2858	0.74562	4.3374	1.2582	2.5081
5.0222	3.2873	0.74551	4.3382	1.2538	2.5081
5.0222	3.2873	0.74551	4.3382	1.2538	2.5081
5.0222	3.289	0.7454	4.339	1.2495	2.5081
5.0222	3.289	0.7454	4.339	1.2495	2.5081
5.0222	3.289	0.7454	4.339	1.2495	2.5081
5.0222	3.2906	0.74529	4.3397	1.2445	2.5081
5.0222	3.2906	0.74529	4.3397	1.2445	2.5081
5.0222	3.292	0.74519	4.3404	1.2394	2.5081
5.0222	3.292	0.74519	4.3404	1.2394	2.5081
5.0222	3.292	0.74519	4.3404	1.2394	2.5081
5.0221	3.2937	0.7451	4.3411	1.2335	2.5081
5.0221	3.2937	0.7451	4.3411	1.2335	2.5081
5.0221	3.2953	0.74501	4.3418	1.2273	2.5081
5.0221	3.2953	0.74501	4.3418	1.2273	2.5081
5.0221	3.2953	0.74501	4.3418	1.2273	2.5081
5.0221	3.2969	0.74491	4.3424	1.2208	2.5081
5.0221	3.2969	0.74491	4.3424	1.2208	2.5081
5.0221	3.2987	0.74483	4.343	1.2147	2.5081
5.0221	3.2987	0.74483	4.343	1.2147	2.5081
5.0221	3.2987	0.74483	4.343	1.2147	2.5081
5.0221	3.3004	0.74476	4.3436	1.2075	2.5081
5.0221	3.3004	0.74476	4.3436	1.2075	2.5081
5.0221	3.302	0.74472	4.3442	1.2007	2.5081
5.0221	3.302	0.74472	4.3442	1.2007	2.5081
5.0221	3.302	0.74472	4.3442	1.2007	2.5081
5.0221	3.3038	0.7447	4.3449	1.1932	2.5081
5.0221	3.3038	0.7447	4.3449	1.1932	2.5081
5.0221	3.3056	0.74468	4.3456	1.1856	2.5081
5.0221	3.3056	0.74468	4.3456	1.1856	2.5081
5.0221	3.3056	0.74468	4.3456	1.1856	2.5081
5.0221	3.3075	0.74466	4.3466	1.1785	2.5081
5.0221	3.3075	0.74466	4.3466	1.1785	2.5081
5.0221	3.3095	0.74463	4.3479	1.1705	2.5081
5.0221	3.3095	0.74463	4.3479	1.1705	2.5081
5.0221	3.3095	0.74463	4.3479	1.1705	2.5081
5.0221	3.3112	0.7446	4.3493	1.1633	2.5081
5.0221	3.3112	0.7446	4.3493	1.1633	2.5081
5.0221	3.3132	0.74458	4.3511	1.1556	2.5081
5.0221	3.3132	0.74458	4.3511	1.1556	2.5081
5.0221	3.3132	0.74458	4.3511	1.1556	2.5081
5.0221	3.3152	0.74456	4.3531	1.1478	2.5081
5.0221	3.3152	0.74456	4.3531	1.1478	2.5081
5.0221	3.3172	0.74455	4.3552	1.141	2.5081
5.0221	3.3172	0.74455	4.3552	1.141	2.5081
5.0221	3.3172	0.74455	4.3552	1.141	2.5081
5.0221	3.3192	0.74453	4.3577	1.134	2.5081
5.0221	3.3192	0.74453	4.3577	1.134	2.5081
5.022	3.321	0.74451	4.3604	1.127	2.5081
5.022	3.321	0.74451	4.3604	1.127	2.5081
5.022	3.321	0.74451	4.3604	1.127	2.5081
5.022	3.323	0.74449	4.3633	1.1209	2.5081
5.022	3.323	0.74449	4.3633	1.1209	2.5081
5.022	3.3251	0.74448	4.3667	1.1145	2.5081
5.022	3.3251	0.74448	4.3667	1.1145	2.5081
5.022	3.3251	0.74448	4.3667	1.1145	2.5081
5.022	3.3272	0.74446	4.37	1.1092	2.5081
5.022	3.3272	0.74446	4.37	1.1092	2.5081
5.022	3.3293	0.74444	4.3737	1.1034	2.5081
5.022	3.3293	0.74444	4.3737	1.1034	2.5081
5.022	3.3293	0.74444	4.3737	1.1034	2.5081
5.022	3.3313	0.74438	4.3774	1.098	2.5081
5.022	3.3313	0.74438	4.3774	1.098	2.5081
5.022	3.3331	0.7443	4.3809	1.0932	2.5081
5.022	3.3331	0.7443	4.3809	1.0932	2.5081
5.022	3.3331	0.7443	4.3809	1.0932	2.5081
5.022	3.335	0.74423	4.3845	1.0885	2.5081
5.022	3.335	0.74423	4.3845	1.0885	2.5081
5.022	3.3368	0.74416	4.3883	1.0844	2.5081
5.022	3.3368	0.74416	4.3883	1.0844	2.5081
5.022	3.3368	0.74416	4.3883	1.0844	2.5081
5.022	3.3387	0.74409	4.3921	1.0801	2.5081
5.022	3.3387	0.74409	4.3921	1.0801	2.5081
5.022	3.3405	0.74402	4.3957	1.0764	2.5081
5.022	3.3405	0.74402	4.3957	1.0764	2.5081
5.022	3.3405	0.74402	4.3957	1.0764	2.5081
5.022	3.3423	0.74396	4.3993	1.0725	2.5081
5.022	3.3423	0.74396	4.3993	1.0725	2.5081
5.022	3.3441	0.7439	4.4025	1.0689	2.5081
5.022	3.3441	0.7439	4.4025	1.0689	2.5081
5.022	3.3441	0.7439	4.4025	1.0689	2.5081
5.022	3.3458	0.74387	4.4058	1.0655	2.5081
5.022	3.3458	0.74387	4.4058	1.0655	2.5081
5.022	3.3475	0.74385	4.409	1.0623	2.5081
5.022	3.3475	0.74385	4.409	1.0623	2.5081
5.022	3.3475	0.74385	4.409	1.0623	2.5081
5.022	3.3492	0.74383	4.4119	1.0592	2.5081
5.022	3.3492	0.74383	4.4119	1.0592	2.5081
5.022	3.3507	0.74381	4.4149	1.0566	2.5081
5.022	3.3507	0.74381	4.4149	1.0566	2.5081
5.022	3.3507	0.74381	4.4149	1.0566	2.5081
5.022	3.3523	0.74379	4.4175	1.0538	2.5081
5.022	3.3523	0.74379	4.4175	1.0538	2.5081
5.022	3.3538	0.74378	4.4202	1.0512	2.5081
5.022	3.3538	0.74378	4.4202	1.0512	2.5081
5.022	3.3538	0.74378	4.4202	1.0512	2.5081
5.022	3.3553	0.74378	4.4227	1.0489	2.5081
5.022	3.3553	0.74378	4.4227	1.0489	2.5081
5.022	3.3567	0.74377	4.4248	1.0464	2.5081
5.022	3.3567	0.74377	4.4248	1.0464	2.5081
5.022	3.3567	0.74377	4.4248	1.0464	2.5081
5.022	3.3582	0.74377	4.4271	1.0442	2.5081
5.022	3.3582	0.74377	4.4271	1.0442	2.5081
5.022	3.3596	0.74377	4.429	1.0421	2.5081
5.022	3.3596	0.74377	4.429	1.0421	2.5081
5.022	3.3596	0.74377	4.429	1.0421	2.5081
5.022	3.361	0.74377	4.4311	1.0402	2.5081
5.022	3.361	0.74377	4.4311	1.0402	2.5081
5.022	3.3624	0.74377	4.433	1.0383	2.5081
5.022	3.3624	0.74377	4.433	1.0383	2.5081
5.022	3.3624	0.74377	4.433	1.0383	2.5081
5.022	3.3637	0.74377	4.4346	1.0367	2.5081
5.022	3.3637	0.74377	4.4346	1.0367	2.5081
5.022	3.3651	0.74377	4.4361	1.035	2.5081
5.022	3.3651	0.74377	4.4361	1.035	2.5081
5.022	3.3651	0.74377	4.4361	1.035	2.5081
5.022	3.3665	0.74377	4.4377	1.0335	2.5081
5.022	3.3665	0.74377	4.4377	1.0335	2.5081
5.022	3.3678	0.74377	4.439	1.0322	2.5081
5.022	3.3678	0.74377	4.439	1.0322	2.5081
5.022	3.3678	0.74377	4.439	1.0322	2.5081
5.022	3.3692	0.74377	4.4405	1.0309	2.5081
5.022	3.3692	0.74377	4.4405	1.0309	2.5081
5.022	3.3706	0.74377	4.4419	1.0296	2.5081
5.022	3.3706	0.74377	4.4419	1.0296	2.5081
5.022	3.3706	0.74377	4.4419	1.0296	2.5081
5.022	3.3719	0.74377	4.4431	1.0284	2.5081
5.022	3.3719	0.74377	4.4431	1.0284	2.5081
5.0219	3.3733	0.74377	4.4444	1.0272	2.5081
5.0219	3.3733	0.74377	4.4444	1.0272	2.5081
5.0219	3.3733	0.74377	4.4444	1.0272	2.5081
5.0219	3.3746	0.74377	4.4456	1.0259	2.5081
5.0219	3.3746	0.74377	4.4456	1.0259	2.5081
5.0219	3.3759	0.74377	4.4467	1.0248	2.5081
5.0219	3.3759	0.74377	4.4467	1.0248	2.5081
5.0219	3.3759	0.74377	4.4467	1.0248	2.5081
5.0219	3.3775	0.74377	4.4477	1.0237	2.5081
5.0219	3.3775	0.74377	4.4477	1.0237	2.5081
5.0219	3.3789	0.74377	4.4487	1.0227	2.5081
5.0219	3.3789	0.74377	4.4487	1.0227	2.5081
5.0219	3.3789	0.74377	4.4487	1.0227	2.5081
5.0219	3.3804	0.74377	4.4495	1.0216	2.5081
5.0219	3.3804	0.74377	4.4495	1.0216	2.5081
5.0219	3.382	0.74377	4.4503	1.0203	2.5081
5.0219	3.382	0.74377	4.4503	1.0203	2.5081
5.0219	3.382	0.74377	4.4503	1.0203	2.5081
5.0219	3.3837	0.74377	4.4511	1.019	2.5081
5.0219	3.3837	0.74377	4.4511	1.019	2.5081
5.0219	3.3855	0.74377	4.4518	1.0176	2.5081
5.0219	3.3855	0.74377	4.4518	1.0176	2.5081
5.0219	3.3855	0.74377	4.4518	1.0176	2.5081
5.0219	3.3871	0.74377	4.4524	1.0163	2.5081
5.0219	3.3871	0.74377	4.4524	1.0163	2.5081
5.0219	3.3888	0.74377	4.4531	1.0145	2.5081
5.0219	3.3888	0.74377	4.4531	1.0145	2.5081
5.0219	3.3888	0.74377	4.4531	1.0145	2.5081
5.0218	3.3906	0.74377	4.4536	1.0126	2.5081
5.0218	3.3906	0.74377	4.4536	1.0126	2.5081
5.0218	3.3925	0.74377	4.4542	1.0107	2.5081
5.0218	3.3925	0.74377	4.4542	1.0107	2.5081
5.0218	3.3925	0.74377	4.4542	1.0107	2.5081
5.0217	3.3944	0.74377	4.4547	1.0085	2.5081
5.0217	3.3944	0.74377	4.4547	1.0085	2.5081
5.0216	3.3963	0.74377	4.4552	1.0063	2.5081
5.0216	3.3963	0.74377	4.4552	1.0063	2.5081
5.0216	3.3963	0.74377	4.4552	1.0063	2.5081
5.0216	3.3983	0.74377	4.4558	1.0039	2.5081
5.0216	3.3983	0.74377	4.4558	1.0039	2.5081
5.0215	3.4004	0.74377	4.4563	1.0016	2.5081
5.0215	3.4004	0.74377	4.4563	1.0016	2.5081
5.0215	3.4004	0.74377	4.4563	1.0016	2.5081
5.0215	3.4024	0.74377	4.4568	0.99899	2.5081
5.0215	3.4024	0.74377	4.4568	0.99899	2.5081
5.0214	3.4046	0.74377	4.4571	0.99623	2.5081
5.0214	3.4046	0.74377	4.4571	0.99623	2.5081
5.0214	3.4046	0.74377	4.4571	0.99623	2.5081
5.0213	3.4069	0.74378	4.4575	0.99311	2.5081
5.0213	3.4069	0.74378	4.4575	0.99311	2.5081
5.0212	3.4093	0.74378	4.4579	0.99011	2.5081
5.0212	3.4093	0.74378	4.4579	0.99011	2.5081
5.0212	3.4093	0.74378	4.4579	0.99011	2.5081
5.0212	3.4117	0.74378	4.4582	0.98673	2.5081
5.0212	3.4117	0.74378	4.4582	0.98673	2.5081
5.0211	3.4139	0.74378	4.4584	0.98361	2.5081
5.0211	3.4139	0.74378	4.4584	0.98361	2.5081
5.0211	3.4139	0.74378	4.4584	0.98361	2.5081
5.021	3.4165	0.74379	4.4587	0.98005	2.5081
5.021	3.4165	0.74379	4.4587	0.98005	2.5081
5.021	3.4192	0.74379	4.4589	0.97689	2.5081
5.021	3.4192	0.74379	4.4589	0.97689	2.5081
5.021	3.4192	0.74379	4.4589	0.97689	2.5081
5.0209	3.4216	0.7438	4.4591	0.97346	2.5081
5.0209	3.4216	0.7438	4.4591	0.97346	2.5081
5.0209	3.4245	0.74383	4.4593	0.96988	2.5081
5.0209	3.4245	0.74383	4.4593	0.96988	2.5081
5.0209	3.4245	0.74383	4.4593	0.96988	2.5081
5.0208	3.4275	0.74389	4.4594	0.96643	2.5081
5.0208	3.4275	0.74389	4.4594	0.96643	2.5081
5.0208	3.4305	0.74398	4.4595	0.96236	2.5081
5.0208	3.4305	0.74398	4.4595	0.96236	2.5081
5.0208	3.4305	0.74398	4.4595	0.96236	2.5081
5.0207	3.4335	0.7441	4.4597	0.95867	2.5081
5.0207	3.4335	0.7441	4.4597	0.95867	2.5081
5.0207	3.4364	0.74433	4.4599	0.9545	2.5081
5.0207	3.4364	0.74433	4.4599	0.9545	2.5081
5.0207	3.4364	0.74433	4.4599	0.9545	2.5081
5.0206	3.4396	0.7447	4.4601	0.95082	2.5081
5.0206	3.4396	0.7447	4.4601	0.95082	2.5081
5.0205	3.4429	0.74527	4.4602	0.94693	2.5081
5.0205	3.4429	0.74527	4.4602	0.94693	2.5081
5.0205	3.4429	0.74527	4.4602	0.94693	2.5081
5.0205	3.446	0.74589	4.4604	0.94359	2.5081
5.0205	3.446	0.74589	4.4604	0.94359	2.5081
5.0204	3.4495	0.74674	4.4606	0.93993	2.5081
5.0204	3.4495	0.74674	4.4606	0.93993	2.5081
5.0204	3.4495	0.74674	4.4606	0.93993	2.5081
5.0204	3.453	0.74775	4.4607	0.93673	2.5081
5.0204	3.453	0.74775	4.4607	0.93673	2.5081
5.0203	3.4562	0.7488	4.4609	0.93341	2.5081
5.0203	3.4562	0.7488	4.4609	0.93341	2.5081
5.0203	3.4562	0.7488	4.4609	0.93341	2.5081
5.0203	3.4598	0.7501	4.461	0.93009	2.5081
5.0203	3.4598	0.7501	4.461	0.93009	2.5081
5.0202	3.4634	0.75158	4.4611	0.92716	2.5081
5.0202	3.4634	0.75158	4.4611	0.92716	2.5081
5.0202	3.4634	0.75158	4.4611	0.92716	2.5081
5.0201	3.467	0.75319	4.4611	0.92451	2.5082
5.0201	3.467	0.75319	4.4611	0.92451	2.5082
5.02	3.4703	0.75477	4.4612	0.92213	2.5082
5.02	3.4703	0.75477	4.4612	0.92213	2.5082
5.02	3.4703	0.75477	4.4612	0.92213	2.5082
5.0197	3.4739	0.75659	4.4613	0.91973	2.5084
5.0197	3.4739	0.75659	4.4613	0.91973	2.5084
5.0194	3.4777	0.75839	4.4614	0.91737	2.5087
5.0194	3.4777	0.75839	4.4614	0.91737	2.5087
5.0194	3.4777	0.75839	4.4614	0.91737	2.5087
5.0191	3.4815	0.76062	4.4614	0.91535	2.5091
5.0191	3.4815	0.76062	4.4614	0.91535	2.5091
5.0188	3.4848	0.76266	4.4615	0.91332	2.5096
5.0188	3.4848	0.76266	4.4615	0.91332	2.5096
5.0188	3.4848	0.76266	4.4615	0.91332	2.5096
5.0183	3.4886	0.76502	4.4615	0.91127	2.5104
5.0183	3.4886	0.76502	4.4615	0.91127	2.5104
5.0178	3.4924	0.76756	4.4616	0.90954	2.5112
5.0178	3.4924	0.76756	4.4616	0.90954	2.5112
5.0178	3.4924	0.76756	4.4616	0.90954	2.5112
5.0172	3.4962	0.76979	4.4617	0.9077	2.5121
5.0172	3.4962	0.76979	4.4617	0.9077	2.5121
5.0164	3.5	0.77241	4.4617	0.90601	2.513
5.0164	3.5	0.77241	4.4617	0.90601	2.513
5.0164	3.5	0.77241	4.4617	0.90601	2.513
5.0154	3.5034	0.77492	4.4618	0.90449	2.5139
5.0154	3.5034	0.77492	4.4618	0.90449	2.5139
5.0143	3.5072	0.77755	4.4618	0.90288	2.515
5.0143	3.5072	0.77755	4.4618	0.90288	2.515
5.0143	3.5072	0.77755	4.4618	0.90288	2.515
5.0132	3.511	0.77989	4.4618	0.90136	2.5161
5.0132	3.511	0.77989	4.4618	0.90136	2.5161
5.012	3.5145	0.78251	4.4619	0.9	2.5171
5.012	3.5145	0.78251	4.4619	0.9	2.5171
5.012	3.5145	0.78251	4.4619	0.9	2.5171
5.0103	3.5183	0.78501	4.4619	0.89858	2.518
5.0103	3.5183	0.78501	4.4619	0.89858	2.518
5.0086	3.5221	0.78725	4.462	0.89724	2.5188
5.0086	3.5221	0.78725	4.462	0.89724	2.5188
5.0086	3.5221	0.78725	4.462	0.89724	2.5188
5.0067	3.5259	0.78957	4.462	0.89608	2.5197
5.0067	3.5259	0.78957	4.462	0.89608	2.5197
5.0048	3.5297	0.79191	4.4621	0.89495	2.5205
5.0048	3.5297	0.79191	4.4621	0.89495	2.5205
5.0048	3.5297	0.79191	4.4621	0.89495	2.5205
5.0026	3.5331	0.79398	4.4622	0.89399	2.5213
5.0026	3.5331	0.79398	4.4622	0.89399	2.5213
5.0006	3.5369	0.796	4.4622	0.89312	2.5219
5.0006	3.5369	0.796	4.4622	0.89312	2.5219
5.0006	3.5369	0.796	4.4622	0.89312	2.5219
4.9981	3.5406	0.79799	4.4623	0.89219	2.5226
4.9981	3.5406	0.79799	4.4623	0.89219	2.5226
4.9957	3.5444	0.80018	4.4623	0.89138	2.5231
4.9957	3.5444	0.80018	4.4623	0.89138	2.5231
4.9957	3.5444	0.80018	4.4623	0.89138	2.5231
4.9931	3.5477	0.80217	4.4623	0.89055	2.5237
4.9931	3.5477	0.80217	4.4623	0.89055	2.5237
4.9903	3.5514	0.80398	4.4624	0.88974	2.5243
4.9903	3.5514	0.80398	4.4624	0.88974	2.5243
4.9903	3.5514	0.80398	4.4624	0.88974	2.5243
4.9873	3.5551	0.80588	4.4624	0.88906	2.5248
4.9873	3.5551	0.80588	4.4624	0.88906	2.5248
4.9845	3.5588	0.80772	4.4624	0.88827	2.5253
4.9845	3.5588	0.80772	4.4624	0.88827	2.5253
4.9845	3.5588	0.80772	4.4624	0.88827	2.5253
4.9814	3.5621	0.80935	4.4624	0.88753	2.5257
4.9814	3.5621	0.80935	4.4624	0.88753	2.5257
4.9781	3.5657	0.81096	4.4624	0.88687	2.5262
4.9781	3.5657	0.81096	4.4624	0.88687	2.5262
4.9781	3.5657	0.81096	4.4624	0.88687	2.5262
4.9751	3.5694	0.81264	4.4624	0.88621	2.5264
4.9751	3.5694	0.81264	4.4624	0.88621	2.5264
4.9715	3.573	0.81426	4.4624	0.88558	2.5267
4.9715	3.573	0.81426	4.4624	0.88558	2.5267
4.9715	3.573	0.81426	4.4624	0.88558	2.5267
4.9682	3.5767	0.81574	4.4624	0.88493	2.527
4.9682	3.5767	0.81574	4.4624	0.88493	2.527
4.9644	3.5799	0.81744	4.4624	0.88435	2.5273
4.9644	3.5799	0.81744	4.4624	0.88435	2.5273
4.9644	3.5799	0.81744	4.4624	0.88435	2.5273
4.9611	3.5835	0.81893	4.4624	0.88373	2.5274
4.9611	3.5835	0.81893	4.4624	0.88373	2.5274
4.9576	3.587	0.82067	4.4624	0.8832	2.5275
4.9576	3.587	0.82067	4.4624	0.8832	2.5275
4.9576	3.587	0.82067	4.4624	0.8832	2.5275
4.9543	3.5905	0.82224	4.4624	0.88263	2.5277
4.9543	3.5905	0.82224	4.4624	0.88263	2.5277
4.951	3.594	0.82403	4.4624	0.88211	2.5279
4.951	3.594	0.82403	4.4624	0.88211	2.5279
4.951	3.594	0.82403	4.4624	0.88211	2.5279
4.9476	3.5975	0.82562	4.4624	0.8817	2.5282
4.9476	3.5975	0.82562	4.4624	0.8817	2.5282
4.9442	3.6007	0.8274	4.4624	0.88125	2.5284
4.9442	3.6007	0.8274	4.4624	0.88125	2.5284
4.9442	3.6007	0.8274	4.4624	0.88125	2.5284
4.941	3.6042	0.8292	4.4624	0.88088	2.5285
4.941	3.6042	0.8292	4.4624	0.88088	2.5285
4.938	3.6077	0.8311	4.4624	0.88048	2.5287
4.938	3.6077	0.8311	4.4624	0.88048	2.5287
4.938	3.6077	0.8311	4.4624	0.88048	2.5287
4.9349	3.6112	0.833	4.4624	0.88005	2.5288
4.9349	3.6112	0.833	4.4624	0.88005	2.5288
4.9317	3.6148	0.83476	4.4624	0.87972	2.529
4.9317	3.6148	0.83476	4.4624	0.87972	2.529
4.9317	3.6148	0.83476	4.4624	0.87972	2.529
4.929	3.6179	0.83686	4.4624	0.87933	2.5292
4.929	3.6179	0.83686	4.4624	0.87933	2.5292
4.9259	3.6215	0.83902	4.4624	0.87891	2.5294
4.9259	3.6215	0.83902	4.4624	0.87891	2.5294
4.9259	3.6215	0.83902	4.4624	0.87891	2.5294
4.9231	3.625	0.84122	4.4624	0.87858	2.5295
4.9231	3.625	0.84122	4.4624	0.87858	2.5295
4.9204	3.628	0.84369	4.4624	0.87833	2.5296
4.9204	3.628	0.84369	4.4624	0.87833	2.5296
4.9204	3.628	0.84369	4.4624	0.87833	2.5296
4.9176	3.6314	0.84627	4.4624	0.87798	2.5297
4.9176	3.6314	0.84627	4.4624	0.87798	2.5297
4.9149	3.6347	0.8487	4.4624	0.87768	2.5297
4.9149	3.6347	0.8487	4.4624	0.87768	2.5297
4.9149	3.6347	0.8487	4.4624	0.87768	2.5297
4.9123	3.6381	0.8515	4.4624	0.87745	2.5298
4.9123	3.6381	0.8515	4.4624	0.87745	2.5298
4.9099	3.6415	0.85428	4.4624	0.87723	2.5298
4.9099	3.6415	0.85428	4.4624	0.87723	2.5298
4.9099	3.6415	0.85428	4.4624	0.87723	2.5298
4.9077	3.6448	0.85714	4.4624	0.87698	2.5298
4.9077	3.6448	0.85714	4.4624	0.87698	2.5298
4.9055	3.6478	0.86047	4.4624	0.87664	2.5299
4.9055	3.6478	0.86047	4.4624	0.87664	2.5299
4.9055	3.6478	0.86047	4.4624	0.87664	2.5299
4.9032	3.6511	0.86344	4.4624	0.87639	2.5299
4.9032	3.6511	0.86344	4.4624	0.87639	2.5299
4.9012	3.6543	0.86703	4.4624	0.87621	2.5299
4.9012	3.6543	0.86703	4.4624	0.87621	2.5299
4.9012	3.6543	0.86703	4.4624	0.87621	2.5299
4.8991	3.6576	0.87028	4.4624	0.87602	2.53
4.8991	3.6576	0.87028	4.4624	0.87602	2.53
4.8971	3.6609	0.87351	4.4624	0.87578	2.53
4.8971	3.6609	0.87351	4.4624	0.87578	2.53
4.8971	3.6609	0.87351	4.4624	0.87578	2.53
4.8954	3.6637	0.87714	4.4624	0.87551	2.5301
4.8954	3.6637	0.87714	4.4624	0.87551	2.5301
4.8936	3.6669	0.88074	4.4624	0.87528	2.5302
4.8936	3.6669	0.88074	4.4624	0.87528	2.5302
4.8921	3.6697	0.88353	4.4624	0.87528	2.5302
4.8921	3.6697	0.88353	4.4624	0.87516	2.5302
4.8921	3.6697	0.88353	4.4624	0.87516	2.5302
4.8903	3.6731	0.88736	4.4624	0.87499	2.5303
4.8903	3.6731	0.88736	4.4624	0.87499	2.5303
4.8889	3.6759	0.8905	4.4624	0.87499	2.5303
4.8889	3.6759	0.8905	4.4624	0.87482	2.5304
4.8889	3.6759	0.8905	4.4624	0.87482	2.5304
4.8872	3.6789	0.89402	4.4624	0.87457	2.5304
4.8872	3.6789	0.89402	4.4624	0.87457	2.5304
4.8859	3.6816	0.89676	4.4624	0.87457	2.5304
4.8859	3.6816	0.89676	4.4624	0.87437	2.5305
4.8859	3.6816	0.89676	4.4624	0.87437	2.5305
4.8845	3.6849	0.90027	4.4624	0.87422	2.5305
4.8845	3.6849	0.90027	4.4624	0.87422	2.5305
4.8832	3.6875	0.90303	4.4625	0.87422	2.5305
4.8832	3.6875	0.90303	4.4625	0.8741	2.5306
4.8832	3.6875	0.90303	4.4625	0.8741	2.5306
4.8818	3.6906	0.90609	4.4625	0.87394	2.5306
4.8818	3.6906	0.90609	4.4625	0.87394	2.5306
4.8818	3.6906	0.90609	4.4625	0.87394	2.5306
4.8806	3.6931	0.90869	4.4625	0.87376	2.5306
4.8806	3.6931	0.90869	4.4625	0.87376	2.5306
4.8797	3.6957	0.91156	4.4625	0.87353	2.5306
4.8797	3.6957	0.91156	4.4625	0.87353	2.5306
4.8787	3.6981	0.91371	4.4625	0.87353	2.5306
4.8787	3.6981	0.91371	4.4625	0.87335	2.5306
4.8787	3.6981	0.91371	4.4625	0.87335	2.5306
4.8776	3.7012	0.91661	4.4625	0.87314	2.5307
4.8776	3.7012	0.91661	4.4625	0.87314	2.5307
4.8767	3.7032	0.91884	4.4625	0.87314	2.5307
4.8767	3.7032	0.91884	4.4625	0.873	2.5307
4.8767	3.7032	0.91884	4.4625	0.873	2.5307
4.8759	3.7061	0.92124	4.4625	0.87284	2.5307
4.8759	3.7061	0.92124	4.4625	0.87284	2.5307
4.8752	3.7083	0.92323	4.4625	0.87284	2.5307
4.8752	3.7083	0.92323	4.4625	0.8727	2.5307
4.8752	3.7083	0.92323	4.4625	0.8727	2.5307
4.8745	3.711	0.92558	4.4625	0.8725	2.5307
4.8745	3.711	0.92558	4.4625	0.8725	2.5307
4.8745	3.711	0.92558	4.4625	0.8725	2.5307
4.8738	3.7134	0.92743	4.4625	0.87228	2.5307
4.8738	3.7134	0.92743	4.4625	0.87228	2.5307
4.8732	3.7158	0.92932	4.4626	0.87197	2.5307
4.8732	3.7158	0.92932	4.4626	0.87197	2.5307
4.8732	3.7158	0.92932	4.4626	0.87197	2.5307
4.8727	3.718	0.93125	4.4626	0.8717	2.5307
4.8727	3.718	0.93125	4.4626	0.8717	2.5307
4.8721	3.7205	0.93295	4.4626	0.87153	2.5307
4.8721	3.7205	0.93295	4.4626	0.87153	2.5307
4.8721	3.7205	0.93295	4.4626	0.87153	2.5307
4.8716	3.7228	0.93447	4.4626	0.8714	2.5307
4.8716	3.7228	0.93447	4.4626	0.8714	2.5307
4.8711	3.725	0.93604	4.4626	0.87125	2.5307
4.8711	3.725	0.93604	4.4626	0.87125	2.5307
4.8711	3.725	0.93604	4.4626	0.87125	2.5307
4.8706	3.7272	0.93739	4.4626	0.87109	2.5307
4.8706	3.7272	0.93739	4.4626	0.87109	2.5307
4.87	3.7293	0.93869	4.4627	0.87096	2.5307
4.87	3.7293	0.93869	4.4627	0.87096	2.5307
4.87	3.7293	0.93869	4.4627	0.87096	2.5307
4.8695	3.7315	0.93995	4.4627	0.87086	2.5308
4.8695	3.7315	0.93995	4.4627	0.87086	2.5308
4.869	3.7337	0.94108	4.4627	0.87078	2.5308
4.869	3.7337	0.94108	4.4627	0.87078	2.5308
4.869	3.7337	0.94108	4.4627	0.87078	2.5308
4.8685	3.736	0.9422	4.4627	0.87071	2.5308
4.8685	3.736	0.9422	4.4627	0.87071	2.5308
4.868	3.7383	0.94329	4.4628	0.87065	2.5308
4.868	3.7383	0.94329	4.4628	0.87065	2.5308
4.868	3.7383	0.94329	4.4628	0.87065	2.5308
4.8675	3.7404	0.94425	4.4628	0.87061	2.5308
4.8675	3.7404	0.94425	4.4628	0.87061	2.5308
4.8671	3.7427	0.94523	4.4628	0.87056	2.5308
4.8671	3.7427	0.94523	4.4628	0.87056	2.5308
4.8671	3.7427	0.94523	4.4628	0.87056	2.5308
4.8666	3.7451	0.94616	4.4629	0.8705	2.5309
4.8666	3.7451	0.94616	4.4629	0.8705	2.5309
4.8663	3.7472	0.94696	4.4629	0.87045	2.5309
4.8663	3.7472	0.94696	4.4629	0.87045	2.5309
4.8663	3.7472	0.94696	4.4629	0.87045	2.5309
4.866	3.7495	0.9478	4.4629	0.87041	2.5309
4.866	3.7495	0.9478	4.4629	0.87041	2.5309
4.8656	3.7519	0.94866	4.463	0.87035	2.5309
4.8656	3.7519	0.94866	4.463	0.87035	2.5309
4.8656	3.7519	0.94866	4.463	0.87035	2.5309
4.8654	3.7544	0.94942	4.463	0.87026	2.5309
4.8654	3.7544	0.94942	4.463	0.87026	2.5309
4.8652	3.757	0.95014	4.463	0.87019	2.5309
4.8652	3.757	0.95014	4.463	0.87019	2.5309
4.8652	3.757	0.95014	4.463	0.87019	2.5309
4.865	3.7594	0.95087	4.463	0.87012	2.5309
4.865	3.7594	0.95087	4.463	0.87012	2.5309
4.8647	3.7622	0.95161	4.463	0.87002	2.5309
4.8647	3.7622	0.95161	4.463	0.87002	2.5309
4.8647	3.7622	0.95161	4.463	0.87002	2.5309
4.8645	3.765	0.95229	4.4631	0.86989	2.5309
4.8645	3.765	0.95229	4.4631	0.86989	2.5309
4.8643	3.7678	0.95286	4.4631	0.86973	2.5309
4.8643	3.7678	0.95286	4.4631	0.86973	2.5309
4.8643	3.7678	0.95286	4.4631	0.86973	2.5309
4.8641	3.7708	0.95347	4.4631	0.86959	2.5309
4.8641	3.7708	0.95347	4.4631	0.86959	2.5309
4.864	3.7735	0.95399	4.4632	0.86947	2.5309
4.864	3.7735	0.95399	4.4632	0.86947	2.5309
4.864	3.7735	0.95399	4.4632	0.86947	2.5309
4.8638	3.7765	0.95447	4.4632	0.86938	2.5309
4.8638	3.7765	0.95447	4.4632	0.86938	2.5309
4.8637	3.7797	0.95507	4.4632	0.86926	2.5309
4.8637	3.7797	0.95507	4.4632	0.86926	2.5309
4.8637	3.7797	0.95507	4.4632	0.86926	2.5309
4.8636	3.7829	0.95557	4.4633	0.86912	2.5309
4.8636	3.7829	0.95557	4.4633	0.86912	2.5309
4.8635	3.7857	0.95611	4.4633	0.86884	2.531
4.8635	3.7857	0.95611	4.4633	0.86884	2.531
4.8635	3.7857	0.95611	4.4633	0.86884	2.531
4.8634	3.7889	0.95654	4.4633	0.86843	2.531
4.8634	3.7889	0.95654	4.4633	0.86843	2.531
4.8633	3.7921	0.95706	4.4633	0.86801	2.531
4.8633	3.7921	0.95706	4.4633	0.86801	2.531
4.8633	3.7921	0.95706	4.4633	0.86801	2.531
4.8631	3.7953	0.95747	4.4633	0.86768	2.531
4.8631	3.7953	0.95747	4.4633	0.86768	2.531
4.8628	3.7987	0.95791	4.4633	0.86726	2.531
4.8628	3.7987	0.95791	4.4633	0.86726	2.531
4.8628	3.7987	0.95791	4.4633	0.86726	2.531
4.8627	3.8017	0.95826	4.4633	0.86687	2.531
4.8627	3.8017	0.95826	4.4633	0.86687	2.531
4.8625	3.805	0.95864	4.4633	0.86659	2.531
4.8625	3.805	0.95864	4.4633	0.86659	2.531
4.8625	3.805	0.95864	4.4633	0.86659	2.531
4.8624	3.8082	0.959	4.4633	0.8663	2.531
4.8624	3.8082	0.959	4.4633	0.8663	2.531
4.8622	3.811	0.95932	4.4633	0.86592	2.531
4.8622	3.811	0.95932	4.4633	0.86592	2.531
4.8622	3.811	0.95932	4.4633	0.86592	2.531
4.8621	3.8142	0.95963	4.4633	0.86561	2.531
4.8621	3.8142	0.95963	4.4633	0.86561	2.531
4.862	3.8173	0.95988	4.4633	0.86533	2.531
4.862	3.8173	0.95988	4.4633	0.86533	2.531
4.862	3.8173	0.95988	4.4633	0.86533	2.531
4.8619	3.8204	0.96015	4.4634	0.86497	2.5311
4.8619	3.8204	0.96015	4.4634	0.86497	2.5311
4.8618	3.8235	0.96046	4.4634	0.86462	2.5311
4.8618	3.8235	0.96046	4.4634	0.86462	2.5311
4.8618	3.8235	0.96046	4.4634	0.86462	2.5311
4.8618	3.8264	0.96075	4.4634	0.86427	2.5311
4.8618	3.8264	0.96075	4.4634	0.86427	2.5311
4.8617	3.8291	0.96101	4.4634	0.86391	2.5311
4.8617	3.8291	0.96101	4.4634	0.86391	2.5311
4.8617	3.8291	0.96101	4.4634	0.86391	2.5311
4.8617	3.8319	0.96124	4.4634	0.8635	2.5311
4.8617	3.8319	0.96124	4.4634	0.8635	2.5311
4.8617	3.8347	0.96149	4.4634	0.8632	2.5311
4.8617	3.8347	0.96149	4.4634	0.8632	2.5311
4.8617	3.8347	0.96149	4.4634	0.8632	2.5311
4.8617	3.8375	0.96169	4.4634	0.86299	2.5311
4.8617	3.8375	0.96169	4.4634	0.86299	2.5311
4.8617	3.84	0.96185	4.4634	0.86271	2.5311
4.8617	3.84	0.96185	4.4634	0.86271	2.5311
4.8617	3.84	0.96185	4.4634	0.86271	2.5311
4.8617	3.8427	0.96203	4.4634	0.86241	2.5311
4.8617	3.8427	0.96203	4.4634	0.86241	2.5311
4.8617	3.8452	0.96221	4.4634	0.86214	2.5311
4.8617	3.8452	0.96221	4.4634	0.86214	2.5311
4.8617	3.8475	0.96238	4.4634	0.86214	2.5311
4.8617	3.8475	0.96238	4.4634	0.86195	2.5311
4.8617	3.8475	0.96238	4.4634	0.86195	2.5311
4.8617	3.8501	0.96256	4.4634	0.86167	2.5311
4.8617	3.8501	0.96256	4.4634	0.86167	2.5311
4.8617	3.8501	0.96256	4.4634	0.86167	2.5311
4.8617	3.8524	0.9627	4.4634	0.86141	2.5311
4.8617	3.8524	0.9627	4.4634	0.86141	2.5311
4.8617	3.8546	0.96284	4.4634	0.86126	2.5311
4.8617	3.8546	0.96284	4.4634	0.86126	2.5311
4.8617	3.8564	0.96298	4.4634	0.86126	2.5311
4.8617	3.8564	0.96298	4.4634	0.86114	2.5311
4.8617	3.8564	0.96298	4.4634	0.86114	2.5311
4.8617	3.8589	0.96323	4.4634	0.86103	2.5311
4.8617	3.8589	0.96323	4.4634	0.86103	2.5311
4.8617	3.8606	0.96343	4.4634	0.86103	2.5311
4.8617	3.8606	0.96343	4.4634	0.86095	2.5312
4.8617	3.8606	0.96343	4.4634	0.86095	2.5312
4.8616	3.8626	0.96362	4.4634	0.86083	2.5312
4.8616	3.8626	0.96362	4.4634	0.86083	2.5312
4.8616	3.8642	0.96378	4.4634	0.86083	2.5312
4.8616	3.8642	0.96378	4.4634	0.86074	2.5312
4.8616	3.8642	0.96378	4.4634	0.86074	2.5312
4.8616	3.8661	0.96401	4.4634	0.86057	2.5312
4.8616	3.8661	0.96401	4.4634	0.86057	2.5312
4.8615	3.8677	0.9643	4.4634	0.86057	2.5312
4.8615	3.8677	0.9643	4.4634	0.86039	2.5312
4.8615	3.8677	0.9643	4.4634	0.86039	2.5312
4.8615	3.8694	0.96469	4.4634	0.8602	2.5312
4.8615	3.8694	0.96469	4.4634	0.8602	2.5312
4.8615	3.8694	0.96469	4.4634	0.8602	2.5312
4.8615	3.871	0.96511	4.4634	0.86005	2.5312
4.8615	3.871	0.96511	4.4634	0.86005	2.5312
4.8615	3.8725	0.96569	4.4634	0.85993	2.5312
4.8615	3.8725	0.96569	4.4634	0.85993	2.5312
4.8615	3.8739	0.96627	4.4634	0.85993	2.5312
4.8615	3.8739	0.96627	4.4634	0.85982	2.5312
4.8615	3.8739	0.96627	4.4634	0.85982	2.5312
4.8615	3.8756	0.96731	4.4634	0.85971	2.5312
4.8615	3.8756	0.96731	4.4634	0.85971	2.5312
4.8615	3.8756	0.96731	4.4634	0.85971	2.5312
4.8615	3.8769	0.96827	4.4634	0.85961	2.5312
4.8615	3.8769	0.96827	4.4634	0.85961	2.5312
4.8614	3.8783	0.96934	4.4634	0.85951	2.5312
4.8614	3.8783	0.96934	4.4634	0.85951	2.5312
4.8614	3.8783	0.96934	4.4634	0.85951	2.5312
4.8614	3.8794	0.97064	4.4634	0.85939	2.5312
4.8614	3.8794	0.97064	4.4634	0.85939	2.5312
4.8614	3.8807	0.97201	4.4634	0.85925	2.5312
4.8614	3.8807	0.97201	4.4634	0.85925	2.5312
4.8614	3.8807	0.97201	4.4634	0.85925	2.5312
4.8613	3.8819	0.97355	4.4634	0.85906	2.5312
4.8613	3.8819	0.97355	4.4634	0.85906	2.5312
4.8612	3.8831	0.9753	4.4634	0.85887	2.5312
4.8612	3.8831	0.9753	4.4634	0.85887	2.5312
4.8612	3.8831	0.9753	4.4634	0.85887	2.5312
4.8612	3.8841	0.97722	4.4634	0.85874	2.5312
4.8612	3.8841	0.97722	4.4634	0.85874	2.5312
4.8611	3.8853	0.97898	4.4634	0.85867	2.5312
4.8611	3.8853	0.97898	4.4634	0.85867	2.5312
4.8611	3.8853	0.97898	4.4634	0.85867	2.5312
4.8611	3.8864	0.98108	4.4634	0.8586	2.5312
4.8611	3.8864	0.98108	4.4634	0.8586	2.5312
4.861	3.8876	0.98327	4.4634	0.85854	2.5312
4.861	3.8876	0.98327	4.4634	0.85854	2.5312
4.861	3.8876	0.98327	4.4634	0.85854	2.5312
4.861	3.8888	0.98545	4.4634	0.85847	2.5312
4.861	3.8888	0.98545	4.4634	0.85847	2.5312
4.8609	3.8899	0.98746	4.4634	0.85842	2.5312
4.8609	3.8899	0.98746	4.4634	0.85842	2.5312
4.8609	3.8899	0.98746	4.4634	0.85842	2.5312
4.8609	3.891	0.9897	4.4634	0.85838	2.5312
4.8609	3.891	0.9897	4.4634	0.85838	2.5312
4.8609	3.8921	0.99195	4.4634	0.85834	2.5312
4.8609	3.8921	0.99195	4.4634	0.85834	2.5312
4.8609	3.8921	0.99195	4.4634	0.85834	2.5312
4.8608	3.8932	0.99423	4.4634	0.8583	2.5312
4.8608	3.8932	0.99423	4.4634	0.8583	2.5312
4.8608	3.8941	0.99633	4.4634	0.85828	2.5312
4.8608	3.8941	0.99633	4.4634	0.85828	2.5312
4.8608	3.8941	0.99633	4.4634	0.85828	2.5312
4.8607	3.8952	0.9986	4.4634	0.85825	2.5312
4.8607	3.8952	0.9986	4.4634	0.85825	2.5312
4.8607	3.8963	1.0007	4.4634	0.85823	2.5312
4.8607	3.8963	1.0007	4.4634	0.85823	2.5312
4.8607	3.8963	1.0007	4.4634	0.85823	2.5312
4.8606	3.8973	1.003	4.4634	0.8582	2.5312
4.8606	3.8973	1.003	4.4634	0.8582	2.5312
4.8606	3.8982	1.0049	4.4634	0.85817	2.5312
4.8606	3.8982	1.0049	4.4634	0.85817	2.5312
4.8606	3.8982	1.0049	4.4634	0.85817	2.5312
4.8606	3.8991	1.0069	4.4634	0.85814	2.5312
4.8606	3.8991	1.0069	4.4634	0.85814	2.5312
4.8606	3.9	1.0089	4.4634	0.85811	2.5312
4.8606	3.9	1.0089	4.4634	0.85811	2.5312
4.8606	3.9	1.0089	4.4634	0.85811	2.5312
4.8606	3.9008	1.0107	4.4634	0.85808	2.5312
4.8606	3.9008	1.0107	4.4634	0.85808	2.5312
4.8606	3.9017	1.0126	4.4634	0.85804	2.5312
4.8606	3.9017	1.0126	4.4634	0.85804	2.5312
4.8606	3.9017	1.0126	4.4634	0.85804	2.5312
4.8606	3.9025	1.0143	4.4634	0.85801	2.5312
4.8606	3.9025	1.0143	4.4634	0.85801	2.5312
4.8606	3.9034	1.0159	4.4634	0.85797	2.5312
4.8606	3.9034	1.0159	4.4634	0.85797	2.5312
4.8606	3.9034	1.0159	4.4634	0.85797	2.5312
4.8606	3.9042	1.0174	4.4634	0.85793	2.5312
4.8606	3.9042	1.0174	4.4634	0.85793	2.5312
4.8606	3.9049	1.0188	4.4634	0.85789	2.5312
4.8606	3.9049	1.0188	4.4634	0.85789	2.5312
4.8606	3.9049	1.0188	4.4634	0.85789	2.5312
4.8606	3.9057	1.0202	4.4634	0.85787	2.5312
4.8606	3.9057	1.0202	4.4634	0.85787	2.5312
4.8606	3.9065	1.0216	4.4634	0.85787	2.5312
4.8606	3.9065	1.0216	4.4634	0.85787	2.5312
4.8606	3.9065	1.0216	4.4634	0.85787	2.5312
4.8606	3.9073	1.0227	4.4634	0.85786	2.5312
4.8606	3.9073	1.0227	4.4634	0.85786	2.5312
4.8606	3.908	1.0238	4.4634	0.85785	2.5312
4.8606	3.908	1.0238	4.4634	0.85785	2.5312
4.8606	3.908	1.0238	4.4634	0.85785	2.5312
4.8606	3.9086	1.0249	4.4634	0.85785	2.5312
4.8606	3.9086	1.0249	4.4634	0.85785	2.5312
4.8606	3.9092	1.026	4.4634	0.85785	2.5312
4.8606	3.9092	1.026	4.4634	0.85785	2.5312
4.8606	3.9092	1.026	4.4634	0.85785	2.5312
4.8606	3.9099	1.0269	4.4635	0.85785	2.5312
4.8606	3.9099	1.0269	4.4635	0.85785	2.5312
4.8606	3.9105	1.0278	4.4635	0.85785	2.5312
4.8606	3.9105	1.0278	4.4635	0.85785	2.5312
4.8606	3.9105	1.0278	4.4635	0.85785	2.5312
4.8606	3.911	1.0286	4.4635	0.85785	2.5312
4.8606	3.911	1.0286	4.4635	0.85785	2.5312
4.8605	3.9115	1.0295	4.4635	0.85785	2.5312
4.8605	3.9115	1.0295	4.4635	0.85785	2.5312
4.8605	3.9115	1.0295	4.4635	0.85785	2.5312
4.8605	3.9121	1.0302	4.4635	0.85785	2.5312
4.8605	3.9121	1.0302	4.4635	0.85785	2.5312
4.8605	3.9127	1.0309	4.4635	0.85785	2.5312
4.8605	3.9127	1.0309	4.4635	0.85785	2.5312
4.8605	3.9127	1.0309	4.4635	0.85785	2.5312
4.8605	3.9131	1.0315	4.4636	0.85785	2.5312
4.8605	3.9131	1.0315	4.4636	0.85785	2.5312
4.8605	3.9136	1.0322	4.4636	0.85785	2.5312
4.8605	3.9136	1.0322	4.4636	0.85785	2.5312
4.8605	3.9136	1.0322	4.4636	0.85785	2.5312
4.8605	3.914	1.0329	4.4636	0.85785	2.5312
4.8605	3.914	1.0329	4.4636	0.85785	2.5312
4.8605	3.9145	1.0334	4.4636	0.85785	2.5312
4.8605	3.9145	1.0334	4.4636	0.85785	2.5312
4.8605	3.9145	1.0334	4.4636	0.85785	2.5312
4.8605	3.9149	1.034	4.4637	0.85785	2.5312
4.8605	3.9149	1.034	4.4637	0.85785	2.5312
4.8605	3.9153	1.0345	4.4637	0.85785	2.5312
4.8605	3.9153	1.0345	4.4637	0.85785	2.5312
4.8605	3.9153	1.0345	4.4637	0.85785	2.5312
4.8604	3.9156	1.035	4.4637	0.85785	2.5312
4.8604	3.9156	1.035	4.4637	0.85785	2.5312
4.8604	3.916	1.0353	4.4638	0.85785	2.5312
4.8604	3.916	1.0353	4.4638	0.85785	2.5312
4.8604	3.916	1.0353	4.4638	0.85785	2.5312
4.8604	3.9163	1.0358	4.4638	0.85785	2.5312
4.8604	3.9163	1.0358	4.4638	0.85785	2.5312
4.8604	3.9166	1.0361	4.4638	0.85785	2.5312
4.8604	3.9166	1.0361	4.4638	0.85785	2.5312
4.8604	3.9166	1.0361	4.4638	0.85785	2.5312
4.8604	3.9169	1.0364	4.4639	0.85785	2.5312
4.8604	3.9169	1.0364	4.4639	0.85785	2.5312
4.8604	3.9171	1.0365	4.4639	0.85785	2.5312
4.8604	3.9171	1.0365	4.4639	0.85785	2.5312
4.8604	3.9171	1.0365	4.4639	0.85785	2.5312
4.8604	3.9173	1.0366	4.4639	0.85785	2.5312
4.8604	3.9173	1.0366	4.4639	0.85785	2.5312
4.8604	3.9175	1.0367	4.4639	0.85785	2.5312
4.8604	3.9175	1.0367	4.4639	0.85785	2.5312
4.8604	3.9175	1.0367	4.4639	0.85785	2.5312
4.8604	3.9177	1.0367	4.4639	0.85785	2.5312
4.8604	3.9177	1.0367	4.4639	0.85785	2.5312
4.8604	3.9178	1.0366	4.4639	0.85784	2.5312
4.8604	3.9178	1.0366	4.4639	0.85784	2.5312
4.8604	3.9178	1.0366	4.4639	0.85784	2.5312
4.8604	3.918	1.0366	4.464	0.85784	2.5312
4.8604	3.918	1.0366	4.464	0.85784	2.5312
4.8604	3.9182	1.0366	4.464	0.85784	2.5312
4.8604	3.9182	1.0366	4.464	0.85784	2.5312
4.8604	3.9182	1.0366	4.464	0.85784	2.5312
4.8604	3.9184	1.0365	4.464	0.85784	2.5312
4.8604	3.9184	1.0365	4.464	0.85784	2.5312
4.8604	3.9185	1.0364	4.464	0.85784	2.5312
4.8604	3.9185	1.0364	4.464	0.85784	2.5312
4.8604	3.9185	1.0364	4.464	0.85784	2.5312
4.8604	3.9187	1.0362	4.4641	0.85784	2.5312
4.8604	3.9187	1.0362	4.4641	0.85784	2.5312
4.8604	3.9189	1.036	4.4641	0.85784	2.5312
4.8604	3.9189	1.036	4.4641	0.85784	2.5312
4.8604	3.9189	1.036	4.4641	0.85784	2.5312
4.8604	3.9192	1.0355	4.4642	0.85784	2.5312
4.8604	3.9192	1.0355	4.4642	0.85784	2.5312
4.8604	3.9194	1.035	4.4642	0.85784	2.5312
4.8604	3.9194	1.035	4.4642	0.85784	2.5312
4.8604	3.9194	1.035	4.4642	0.85784	2.5312
4.8604	3.9195	1.0343	4.4643	0.85784	2.5312
4.8604	3.9195	1.0343	4.4643	0.85784	2.5312
4.8604	3.9196	1.0336	4.4643	0.85784	2.5312
4.8604	3.9196	1.0336	4.4643	0.85784	2.5312
4.8604	3.9196	1.0336	4.4643	0.85784	2.5312
4.8604	3.9198	1.0328	4.4643	0.85784	2.5312
4.8604	3.9198	1.0328	4.4643	0.85784	2.5312
4.8604	3.92	1.0319	4.4643	0.85784	2.5312
4.8604	3.92	1.0319	4.4643	0.85784	2.5312
4.8604	3.92	1.0319	4.4643	0.85784	2.5312
4.8604	3.9201	1.031	4.4643	0.85783	2.5312
4.8604	3.9201	1.031	4.4643	0.85783	2.5312
4.8604	3.9202	1.0299	4.4643	0.85783	2.5312
4.8604	3.9202	1.0299	4.4643	0.85783	2.5312
4.8604	3.9202	1.0299	4.4643	0.85783	2.5312
4.8604	3.9204	1.0289	4.4644	0.85783	2.5312
4.8604	3.9204	1.0289	4.4644	0.85783	2.5312
4.8604	3.9206	1.0278	4.4644	0.85783	2.5312
4.8604	3.9206	1.0278	4.4644	0.85783	2.5312
4.8604	3.9206	1.0278	4.4644	0.85783	2.5312
4.8604	3.9209	1.0268	4.4644	0.85782	2.5312
4.8604	3.9209	1.0268	4.4644	0.85782	2.5312
4.8604	3.9212	1.0257	4.4644	0.85782	2.5312
4.8604	3.9212	1.0257	4.4644	0.85782	2.5312
4.8604	3.9212	1.0257	4.4644	0.85782	2.5312
4.8604	3.9215	1.0247	4.4644	0.85782	2.5312
4.8604	3.9215	1.0247	4.4644	0.85782	2.5312
4.8603	3.922	1.0238	4.4644	0.8578	2.5312
4.8603	3.922	1.0238	4.4644	0.8578	2.5312
4.8603	3.922	1.0238	4.4644	0.8578	2.5312
4.8603	3.9224	1.0229	4.4644	0.85779	2.5312
4.8603	3.9224	1.0229	4.4644	0.85779	2.5312
4.8603	3.9229	1.022	4.4644	0.85778	2.5312
4.8603	3.9229	1.022	4.4644	0.85778	2.5312
4.8603	3.9229	1.022	4.4644	0.85778	2.5312
4.8603	3.9234	1.0212	4.4644	0.85777	2.5312
4.8603	3.9234	1.0212	4.4644	0.85777	2.5312
4.8603	3.924	1.0205	4.4644	0.85776	2.5312
4.8603	3.924	1.0205	4.4644	0.85776	2.5312
4.8603	3.924	1.0205	4.4644	0.85776	2.5312
4.8603	3.9247	1.0197	4.4644	0.85775	2.5312
4.8603	3.9247	1.0197	4.4644	0.85775	2.5312
4.8603	3.9254	1.0191	4.4644	0.85775	2.5312
4.8603	3.9254	1.0191	4.4644	0.85775	2.5312
4.8603	3.9254	1.0191	4.4644	0.85775	2.5312
4.8603	3.9262	1.0185	4.4644	0.85775	2.5312
4.8603	3.9262	1.0185	4.4644	0.85775	2.5312
4.8603	3.927	1.0179	4.4644	0.85774	2.5312
4.8603	3.927	1.0179	4.4644	0.85774	2.5312
4.8603	3.927	1.0179	4.4644	0.85774	2.5312
4.8603	3.9277	1.0173	4.4644	0.85774	2.5312
4.8603	3.9277	1.0173	4.4644	0.85774	2.5312
4.8603	3.9286	1.0167	4.4644	0.85773	2.5312
4.8603	3.9286	1.0167	4.4644	0.85773	2.5312
4.8603	3.9286	1.0167	4.4644	0.85773	2.5312
4.8603	3.9295	1.0161	4.4644	0.85772	2.5312
4.8603	3.9295	1.0161	4.4644	0.85772	2.5312
4.8603	3.9304	1.0156	4.4644	0.85772	2.5312
4.8603	3.9304	1.0156	4.4644	0.85772	2.5312
4.8603	3.9304	1.0156	4.4644	0.85772	2.5312
4.8603	3.9314	1.015	4.4644	0.85771	2.5312
4.8603	3.9314	1.015	4.4644	0.85771	2.5312
4.8603	3.9325	1.0145	4.4644	0.8577	2.5312
4.8603	3.9325	1.0145	4.4644	0.8577	2.5312
4.8603	3.9325	1.0145	4.4644	0.8577	2.5312
4.8603	3.9334	1.014	4.4644	0.85769	2.5312
4.8603	3.9334	1.014	4.4644	0.85769	2.5312
4.8603	3.9346	1.0135	4.4644	0.85767	2.5312
4.8603	3.9346	1.0135	4.4644	0.85767	2.5312
4.8603	3.9346	1.0135	4.4644	0.85767	2.5312
4.8603	3.9358	1.0131	4.4644	0.85765	2.5312
4.8603	3.9358	1.0131	4.4644	0.85765	2.5312
4.8603	3.9369	1.0126	4.4644	0.85763	2.5312
4.8603	3.9369	1.0126	4.4644	0.85763	2.5312
4.8603	3.9369	1.0126	4.4644	0.85763	2.5312
4.8603	3.9382	1.0122	4.4644	0.85758	2.5312
4.8603	3.9382	1.0122	4.4644	0.85758	2.5312
4.8603	3.9395	1.0119	4.4644	0.85754	2.5312
4.8603	3.9395	1.0119	4.4644	0.85754	2.5312
4.8603	3.9395	1.0119	4.4644	0.85754	2.5312
4.8603	3.9409	1.0115	4.4644	0.85751	2.5312
4.8603	3.9409	1.0115	4.4644	0.85751	2.5312
4.8603	3.9422	1.0111	4.4644	0.85749	2.5312
4.8603	3.9422	1.0111	4.4644	0.85749	2.5312
4.8603	3.9422	1.0111	4.4644	0.85749	2.5312
4.8603	3.9436	1.0108	4.4644	0.85747	2.5312
4.8603	3.9436	1.0108	4.4644	0.85747	2.5312
4.8603	3.9453	1.0105	4.4644	0.85745	2.5312
4.8603	3.9453	1.0105	4.4644	0.85745	2.5312
4.8603	3.9453	1.0105	4.4644	0.85745	2.5312
4.8603	3.947	1.0103	4.4644	0.85744	2.5312
4.8603	3.947	1.0103	4.4644	0.85744	2.5312
4.8603	3.9486	1.0102	4.4644	0.85743	2.5312
4.8603	3.9486	1.0102	4.4644	0.85743	2.5312
4.8603	3.9486	1.0102	4.4644	0.85743	2.5312
4.8603	3.9505	1.01	4.4644	0.85742	2.5312
4.8603	3.9505	1.01	4.4644	0.85742	2.5312
4.8603	3.9525	1.0098	4.4644	0.85741	2.5312
4.8603	3.9525	1.0098	4.4644	0.85741	2.5312
4.8603	3.9525	1.0098	4.4644	0.85741	2.5312
4.8603	3.9546	1.0097	4.4644	0.85741	2.5312
4.8603	3.9546	1.0097	4.4644	0.85741	2.5312
4.8603	3.9565	1.0095	4.4644	0.85741	2.5312
4.8603	3.9565	1.0095	4.4644	0.85741	2.5312
4.8603	3.9565	1.0095	4.4644	0.85741	2.5312
4.8603	3.9584	1.0095	4.4644	0.85741	2.5312
4.8603	3.9584	1.0095	4.4644	0.85741	2.5312
4.8604	3.9603	1.0095	4.4644	0.85741	2.5312
4.8604	3.9603	1.0095	4.4644	0.85741	2.5312
4.8604	3.9603	1.0095	4.4644	0.85741	2.5312
4.8604	3.962	1.0095	4.4644	0.85742	2.5312
4.8604	3.962	1.0095	4.4644	0.85742	2.5312
4.8604	3.9637	1.0096	4.4644	0.85744	2.5313
4.8604	3.9637	1.0096	4.4644	0.85744	2.5313
4.8604	3.9637	1.0096	4.4644	0.85744	2.5313
4.8604	3.9652	1.0096	4.4644	0.85748	2.5313
4.8604	3.9652	1.0096	4.4644	0.85748	2.5313
4.8604	3.9668	1.0098	4.4644	0.85753	2.5313
4.8604	3.9668	1.0098	4.4644	0.85753	2.5313
4.8604	3.9681	1.0101	4.4644	0.85753	2.5313
4.8604	3.9681	1.0101	4.4644	0.85761	2.5313
4.8604	3.9681	1.0101	4.4644	0.85761	2.5313
4.8604	3.9695	1.0107	4.4644	0.85778	2.5313
4.8604	3.9695	1.0107	4.4644	0.85778	2.5313
4.8604	3.9695	1.0107	4.4644	0.85778	2.5313
4.8604	3.9709	1.0115	4.4644	0.85798	2.5313
4.8604	3.9709	1.0115	4.4644	0.85798	2.5313
4.8604	3.9722	1.0125	4.4644	0.85827	2.5313
4.8604	3.9722	1.0125	4.4644	0.85827	2.5313
4.8604	3.9722	1.0125	4.4644	0.85827	2.5313
4.8604	3.9735	1.0138	4.4644	0.85868	2.5313
4.8604	3.9735	1.0138	4.4644	0.85868	2.5313
4.8604	3.9747	1.0152	4.4644	0.85939	2.5313
4.8604	3.9747	1.0152	4.4644	0.85939	2.5313
4.8604	3.9747	1.0152	4.4644	0.85939	2.5313
4.8604	3.976	1.0166	4.4644	0.86035	2.5313
4.8604	3.976	1.0166	4.4644	0.86035	2.5313
4.8604	3.977	1.0182	4.4644	0.86168	2.5313
4.8604	3.977	1.0182	4.4644	0.86168	2.5313
4.8604	3.977	1.0182	4.4644	0.86168	2.5313
4.8604	3.9782	1.0198	4.4644	0.86309	2.5313
4.8604	3.9782	1.0198	4.4644	0.86309	2.5313
4.8604	3.9792	1.0214	4.4644	0.865	2.5313
4.8604	3.9792	1.0214	4.4644	0.865	2.5313
4.8604	3.9792	1.0214	4.4644	0.865	2.5313
4.8604	3.9803	1.0229	4.4644	0.86728	2.5313
4.8604	3.9803	1.0229	4.4644	0.86728	2.5313
4.8604	3.9811	1.0245	4.4644	0.86951	2.5313
4.8604	3.9811	1.0245	4.4644	0.86951	2.5313
4.8604	3.9811	1.0245	4.4644	0.86951	2.5313
4.8604	3.982	1.0262	4.4644	0.87226	2.5313
4.8604	3.982	1.0262	4.4644	0.87226	2.5313
4.8604	3.9829	1.0279	4.4645	0.87524	2.5313
4.8604	3.9829	1.0279	4.4645	0.87524	2.5313
4.8604	3.9829	1.0279	4.4645	0.87524	2.5313
4.8604	3.9838	1.0295	4.4645	0.87861	2.5313
4.8604	3.9838	1.0295	4.4645	0.87861	2.5313
4.8604	3.9847	1.0312	4.4645	0.88204	2.5313
4.8604	3.9847	1.0312	4.4645	0.88204	2.5313
4.8604	3.9847	1.0312	4.4645	0.88204	2.5313
4.8604	3.9857	1.0327	4.4645	0.88583	2.5313
4.8604	3.9857	1.0327	4.4645	0.88583	2.5313
4.8604	3.9866	1.0344	4.4645	0.88971	2.5313
4.8604	3.9866	1.0344	4.4645	0.88971	2.5313
4.8604	3.9866	1.0344	4.4645	0.88971	2.5313
4.8604	3.9875	1.036	4.4645	0.89439	2.5313
4.8604	3.9875	1.036	4.4645	0.89439	2.5313
4.8604	3.9883	1.0374	4.4645	0.89889	2.5313
4.8604	3.9883	1.0374	4.4645	0.89889	2.5313
4.8604	3.9883	1.0374	4.4645	0.89889	2.5313
4.8604	3.9893	1.0389	4.4645	0.90366	2.5313
4.8604	3.9893	1.0389	4.4645	0.90366	2.5313
4.8604	3.9902	1.0404	4.4645	0.90915	2.5313
4.8604	3.9902	1.0404	4.4645	0.90915	2.5313
4.8604	3.9902	1.0404	4.4645	0.90915	2.5313
4.8604	3.991	1.0419	4.4645	0.9151	2.5313
4.8604	3.991	1.0419	4.4645	0.9151	2.5313
4.8604	3.992	1.0434	4.4645	0.92051	2.5313
4.8604	3.992	1.0434	4.4645	0.92051	2.5313
4.8604	3.992	1.0434	4.4645	0.92051	2.5313
4.8604	3.993	1.0447	4.4645	0.927	2.5313
4.8604	3.993	1.0447	4.4645	0.927	2.5313
4.8604	3.9939	1.0461	4.4645	0.93297	2.5313
4.8604	3.9939	1.0461	4.4645	0.93297	2.5313
4.8604	3.9939	1.0461	4.4645	0.93297	2.5313
4.8604	3.9948	1.0473	4.4645	0.93951	2.5313
4.8604	3.9948	1.0473	4.4645	0.93951	2.5313
4.8604	3.9957	1.0485	4.4645	0.94554	2.5313
4.8604	3.9957	1.0485	4.4645	0.94554	2.5313
4.8604	3.9957	1.0485	4.4645	0.94554	2.5313
4.8604	3.9965	1.0495	4.4645	0.95201	2.5313
4.8604	3.9965	1.0495	4.4645	0.95201	2.5313
4.8604	3.9971	1.0506	4.4645	0.95863	2.5313
4.8604	3.9971	1.0506	4.4645	0.95863	2.5313
4.8604	3.9971	1.0506	4.4645	0.95863	2.5313
4.8604	3.9976	1.0516	4.4645	0.96441	2.5313
4.8604	3.9976	1.0516	4.4645	0.96441	2.5313
4.8604	3.9981	1.0526	4.4645	0.96992	2.5313
4.8604	3.9981	1.0526	4.4645	0.96992	2.5313
4.8604	3.9981	1.0526	4.4645	0.96992	2.5313
4.8604	3.9986	1.0534	4.4645	0.97584	2.5313
4.8604	3.9986	1.0534	4.4645	0.97584	2.5313
4.8604	3.999	1.0543	4.4645	0.98086	2.5313
4.8604	3.999	1.0543	4.4645	0.98086	2.5313
4.8604	3.999	1.0543	4.4645	0.98086	2.5313
4.8604	3.9994	1.055	4.4645	0.98624	2.5313
4.8604	3.9994	1.055	4.4645	0.98624	2.5313
4.8604	3.9998	1.0558	4.4645	0.99061	2.5313
4.8604	3.9998	1.0558	4.4645	0.99061	2.5313
4.8604	3.9998	1.0558	4.4645	0.99061	2.5313
4.8604	4.0002	1.0565	4.4645	0.99547	2.5313
4.8604	4.0002	1.0565	4.4645	0.99547	2.5313
4.8605	4.0005	1.0572	4.4645	0.99947	2.5313
4.8605	4.0005	1.0572	4.4645	0.99947	2.5313
4.8605	4.0005	1.0572	4.4645	0.99947	2.5313
4.8605	4.0008	1.0578	4.4645	1.0039	2.5313
4.8605	4.0008	1.0578	4.4645	1.0039	2.5313
4.8605	4.001	1.0585	4.4645	1.0076	2.5313
4.8605	4.001	1.0585	4.4645	1.0076	2.5313
4.8605	4.001	1.0585	4.4645	1.0076	2.5313
4.8605	4.0013	1.059	4.4645	1.0115	2.5313
4.8605	4.0013	1.059	4.4645	1.0115	2.5313
4.8605	4.0015	1.0596	4.4645	1.0147	2.5313
4.8605	4.0015	1.0596	4.4645	1.0147	2.5313
4.8605	4.0015	1.0596	4.4645	1.0147	2.5313
4.8605	4.0017	1.06	4.4645	1.0183	2.5313
4.8605	4.0017	1.06	4.4645	1.0183	2.5313
4.8605	4.002	1.0605	4.4645	1.0213	2.5313
4.8605	4.002	1.0605	4.4645	1.0213	2.5313
4.8605	4.002	1.0605	4.4645	1.0213	2.5313
4.8605	4.0022	1.0609	4.4645	1.0242	2.5313
4.8605	4.0022	1.0609	4.4645	1.0242	2.5313
4.8605	4.0024	1.0614	4.4645	1.027	2.5313
4.8605	4.0024	1.0614	4.4645	1.027	2.5313
4.8605	4.0024	1.0614	4.4645	1.027	2.5313
4.8605	4.0027	1.0617	4.4645	1.0296	2.5313
4.8605	4.0027	1.0617	4.4645	1.0296	2.5313
4.8605	4.0028	1.0621	4.4645	1.0322	2.5313
4.8605	4.0028	1.0621	4.4645	1.0322	2.5313
4.8605	4.0028	1.0621	4.4645	1.0322	2.5313
4.8605	4.003	1.0625	4.4645	1.0345	2.5313
4.8605	4.003	1.0625	4.4645	1.0345	2.5313
4.8605	4.0031	1.0628	4.4645	1.0368	2.5313
4.8605	4.0031	1.0628	4.4645	1.0368	2.5313
4.8605	4.0031	1.0628	4.4645	1.0368	2.5313
4.8605	4.0033	1.0631	4.4645	1.039	2.5313
4.8605	4.0033	1.0631	4.4645	1.039	2.5313
4.8605	4.0035	1.0634	4.4645	1.0409	2.5313
4.8605	4.0035	1.0634	4.4645	1.0409	2.5313
4.8605	4.0035	1.0634	4.4645	1.0409	2.5313
4.8605	4.0036	1.0637	4.4645	1.0429	2.5313
4.8605	4.0036	1.0637	4.4645	1.0429	2.5313
4.8605	4.0037	1.0639	4.4645	1.0445	2.5313
4.8605	4.0037	1.0639	4.4645	1.0445	2.5313
4.8605	4.0037	1.0639	4.4645	1.0445	2.5313
4.8605	4.0039	1.0641	4.4645	1.0462	2.5313
4.8605	4.0039	1.0641	4.4645	1.0462	2.5313
4.8605	4.004	1.0644	4.4645	1.0479	2.5313
4.8605	4.004	1.0644	4.4645	1.0479	2.5313
4.8605	4.004	1.0644	4.4645	1.0479	2.5313
4.8605	4.0042	1.0646	4.4645	1.0493	2.5313
4.8605	4.0042	1.0646	4.4645	1.0493	2.5313
4.8605	4.0043	1.0648	4.4645	1.0508	2.5313
4.8605	4.0043	1.0648	4.4645	1.0508	2.5313
4.8605	4.0043	1.0648	4.4645	1.0508	2.5313
4.8605	4.0044	1.0651	4.4645	1.0521	2.5313
4.8605	4.0044	1.0651	4.4645	1.0521	2.5313
4.8605	4.0046	1.0652	4.4645	1.0534	2.5313
4.8605	4.0046	1.0652	4.4645	1.0534	2.5313
4.8605	4.0046	1.0652	4.4645	1.0534	2.5313
4.8605	4.0047	1.0654	4.4645	1.0547	2.5313
4.8605	4.0047	1.0654	4.4645	1.0547	2.5313
4.8605	4.0048	1.0655	4.4645	1.0557	2.5313
4.8605	4.0048	1.0655	4.4645	1.0557	2.5313
4.8605	4.0048	1.0655	4.4645	1.0557	2.5313
4.8605	4.005	1.0656	4.4645	1.0569	2.5313
4.8605	4.005	1.0656	4.4645	1.0569	2.5313
4.8605	4.005	1.0657	4.4645	1.0578	2.5313
4.8605	4.005	1.0657	4.4645	1.0578	2.5313
4.8605	4.005	1.0657	4.4645	1.0578	2.5313
4.8605	4.0051	1.0659	4.4645	1.0589	2.5313
4.8605	4.0051	1.0659	4.4645	1.0589	2.5313
4.8605	4.0051	1.066	4.4645	1.0598	2.5313
4.8605	4.0051	1.066	4.4645	1.0598	2.5313
4.8605	4.0051	1.066	4.4645	1.0598	2.5313
4.8605	4.0052	1.0662	4.4645	1.0606	2.5313
4.8605	4.0052	1.0662	4.4645	1.0606	2.5313
4.8605	4.0052	1.0664	4.4645	1.0615	2.5313
4.8605	4.0052	1.0664	4.4645	1.0615	2.5313
4.8605	4.0052	1.0664	4.4645	1.0615	2.5313
4.8605	4.0052	1.0665	4.4645	1.0622	2.5313
4.8605	4.0052	1.0665	4.4645	1.0622	2.5313
4.8605	4.0052	1.0666	4.4645	1.0629	2.5313
4.8605	4.0052	1.0666	4.4645	1.0629	2.5313
4.8605	4.0052	1.0666	4.4645	1.0629	2.5313
4.8605	4.0053	1.0667	4.4645	1.0636	2.5313
4.8605	4.0053	1.0667	4.4645	1.0636	2.5313
4.8605	4.0053	1.0669	4.4645	1.0643	2.5313
4.8605	4.0053	1.0669	4.4645	1.0643	2.5313
4.8605	4.0053	1.0669	4.4645	1.0643	2.5313
4.8605	4.0053	1.067	4.4645	1.0649	2.5313
4.8605	4.0053	1.067	4.4645	1.0649	2.5313
4.8605	4.0053	1.0671	4.4645	1.0654	2.5313
4.8605	4.0053	1.0671	4.4645	1.0654	2.5313
4.8605	4.0053	1.0671	4.4645	1.0654	2.5313
4.8605	4.0053	1.0672	4.4645	1.066	2.5313
4.8605	4.0053	1.0672	4.4645	1.066	2.5313
4.8605	4.0053	1.0673	4.4645	1.0665	2.5313
4.8605	4.0053	1.0673	4.4645	1.0665	2.5313
4.8605	4.0053	1.0673	4.4645	1.0665	2.5313
4.8605	4.0053	1.0674	4.4645	1.067	2.5313
4.8605	4.0053	1.0674	4.4645	1.067	2.5313
4.8605	4.0053	1.0674	4.4645	1.0675	2.5313
4.8605	4.0053	1.0674	4.4645	1.0675	2.5313
4.8605	4.0053	1.0674	4.4645	1.0675	2.5313
4.8605	4.0054	1.0675	4.4645	1.0678	2.5313
4.8605	4.0054	1.0675	4.4645	1.0678	2.5313
4.8605	4.0054	1.0675	4.4645	1.0683	2.5313
4.8605	4.0054	1.0675	4.4645	1.0683	2.5313
4.8605	4.0054	1.0675	4.4645	1.0683	2.5313
4.8605	4.0054	1.0675	4.4645	1.0686	2.5313
4.8605	4.0054	1.0675	4.4645	1.0686	2.5313
4.8605	4.0054	1.0676	4.4645	1.0689	2.5313
4.8605	4.0054	1.0676	4.4645	1.0689	2.5313
4.8605	4.0054	1.0676	4.4645	1.0689	2.5313
4.8605	4.0054	1.0676	4.4645	1.0693	2.5313
4.8605	4.0054	1.0676	4.4645	1.0693	2.5313
4.8605	4.0054	1.0676	4.4645	1.0696	2.5313
4.8605	4.0054	1.0676	4.4645	1.0696	2.5313
4.8605	4.0054	1.0676	4.4645	1.0696	2.5313
4.8605	4.0055	1.0677	4.4645	1.0699	2.5313
4.8605	4.0055	1.0677	4.4645	1.0699	2.5313
4.8605	4.0055	1.0677	4.4645	1.0702	2.5313
4.8605	4.0055	1.0677	4.4645	1.0702	2.5313
4.8605	4.0055	1.0677	4.4645	1.0702	2.5313
4.8605	4.0055	1.0677	4.4645	1.0705	2.5313
4.8605	4.0055	1.0677	4.4645	1.0705	2.5313
4.8605	4.0055	1.0678	4.4645	1.0708	2.5313
4.8605	4.0055	1.0678	4.4645	1.0708	2.5313
4.8605	4.0055	1.0678	4.4645	1.0708	2.5313
4.8605	4.0056	1.0679	4.4645	1.0709	2.5313
4.8605	4.0056	1.0679	4.4645	1.0709	2.5313
4.8605	4.0056	1.0679	4.4645	1.0711	2.5313
4.8605	4.0056	1.0679	4.4645	1.0711	2.5313
4.8605	4.0056	1.0679	4.4645	1.0711	2.5313
4.8605	4.0057	1.068	4.4645	1.0714	2.5313
4.8605	4.0057	1.068	4.4645	1.0714	2.5313
4.8605	4.0057	1.0681	4.4645	1.0716	2.5313
4.8605	4.0057	1.0681	4.4645	1.0716	2.5313
4.8605	4.0057	1.0681	4.4645	1.0716	2.5313
4.8605	4.0057	1.0681	4.4645	1.0718	2.5313
4.8605	4.0057	1.0681	4.4645	1.0718	2.5313
4.8605	4.0058	1.0681	4.4645	1.072	2.5313
4.8605	4.0058	1.0681	4.4645	1.072	2.5313
4.8605	4.0058	1.0681	4.4645	1.072	2.5313
4.8605	4.0058	1.0682	4.4645	1.0721	2.5313
4.8605	4.0058	1.0682	4.4645	1.0721	2.5313
4.8605	4.0058	1.0682	4.4645	1.0723	2.5313
4.8605	4.0058	1.0682	4.4645	1.0723	2.5313
4.8605	4.0058	1.0682	4.4645	1.0723	2.5313
4.8605	4.0058	1.0682	4.4645	1.0724	2.5313
4.8605	4.0058	1.0682	4.4645	1.0724	2.5313
4.8605	4.0058	1.0682	4.4645	1.0726	2.5313
4.8605	4.0058	1.0682	4.4645	1.0726	2.5313
4.8605	4.0058	1.0682	4.4645	1.0726	2.5313
4.8605	4.0058	1.0682	4.4645	1.0728	2.5313
4.8605	4.0058	1.0682	4.4645	1.0728	2.5313
4.8605	4.0058	1.0683	4.4645	1.073	2.5313
4.8605	4.0058	1.0683	4.4645	1.073	2.5313
4.8605	4.0058	1.0683	4.4645	1.073	2.5313
4.8605	4.0059	1.0683	4.4645	1.0731	2.5313
4.8605	4.0059	1.0683	4.4645	1.0731	2.5313
4.8605	4.0059	1.0683	4.4645	1.0732	2.5313
4.8605	4.0059	1.0683	4.4645	1.0732	2.5313
4.8605	4.0059	1.0683	4.4645	1.0732	2.5313
4.8605	4.0059	1.0683	4.4645	1.0732	2.5313
4.8605	4.0059	1.0683	4.4645	1.0732	2.5313
4.8605	4.0059	1.0683	4.4645	1.0733	2.5313
4.8605	4.0059	1.0683	4.4645	1.0733	2.5313
4.8605	4.0059	1.0683	4.4645	1.0733	2.5313
4.8605	4.0059	1.0683	4.4645	1.0734	2.5313
4.8605	4.0059	1.0683	4.4645	1.0734	2.5313
4.8605	4.0059	1.0683	4.4645	1.0735	2.5313
4.8605	4.0059	1.0683	4.4645	1.0735	2.5313
4.8605	4.0059	1.0683	4.4645	1.0735	2.5313
4.8605	4.0059	1.0683	4.4645	1.0735	2.5313
4.8605	4.0059	1.0683	4.4645	1.0735	2.5313
4.8605	4.0059	1.0683	4.4645	1.0736	2.5313
4.8605	4.0059	1.0683	4.4645	1.0736	2.5313
4.8605	4.0059	1.0683	4.4645	1.0736	2.5313
4.8605	4.0059	1.0683	4.4645	1.0737	2.5313
4.8605	4.0059	1.0683	4.4645	1.0737	2.5313
4.8605	4.0059	1.0683	4.4645	1.0738	2.5313
4.8605	4.0059	1.0683	4.4645	1.0738	2.5313
4.8605	4.0059	1.0683	4.4645	1.0738	2.5313
4.8605	4.0059	1.0683	4.4645	1.074	2.5313
4.8605	4.0059	1.0683	4.4645	1.074	2.5313
4.8605	4.0059	1.0683	4.4645	1.0741	2.5313
4.8605	4.0059	1.0683	4.4645	1.0741	2.5313
4.8605	4.0059	1.0683	4.4645	1.0741	2.5313
4.8605	4.0059	1.0683	4.4645	1.0742	2.5313
4.8605	4.0059	1.0683	4.4645	1.0742	2.5313
4.8605	4.0059	1.0683	4.4645	1.0742	2.5313
4.8605	4.0059	1.0683	4.4645	1.0742	2.5313
4.8605	4.0059	1.0683	4.4645	1.0742	2.5313
4.8605	4.0059	1.0683	4.4645	1.0743	2.5313
4.8605	4.0059	1.0683	4.4645	1.0743	2.5313
4.8605	4.0059	1.0683	4.4645	1.0743	2.5313
4.8605	4.0059	1.0683	4.4645	1.0743	2.5313
4.8605	4.0059	1.0683	4.4645	1.0743	2.5313
4.8605	4.0059	1.0683	4.4645	1.0744	2.5313
4.8605	4.0059	1.0683	4.4645	1.0744	2.5313
4.8605	4.0059	1.0683	4.4645	1.0744	2.5313
4.8605	4.0059	1.0683	4.4645	1.0744	2.5313
4.8605	4.0059	1.0683	4.4645	1.0744	2.5313
4.8605	4.0059	1.0683	4.4645	1.0745	2.5313
4.8605	4.0059	1.0683	4.4645	1.0745	2.5313
4.8605	4.0059	1.0683	4.4645	1.0745	2.5313
4.8605	4.0059	1.0683	4.4645	1.0745	2.5313
4.8605	4.0059	1.0683	4.4645	1.0745	2.5313
4.8605	4.0059	1.0683	4.4645	1.0745	2.5313
4.8605	4.0059	1.0683	4.4645	1.0745	2.5313
4.8605	4.0059	1.0683	4.4645	1.0745	2.5313
4.8605	4.0059	1.0683	4.4645	1.0746	2.5313
4.8605	4.0059	1.0683	4.4645	1.0746	2.5313
4.8605	4.0059	1.0683	4.4645	1.0746	2.5313
4.8605	4.0059	1.0683	4.4645	1.0746	2.5313
4.8605	4.0059	1.0683	4.4645	1.0746	2.5313
4.8605	4.0059	1.0683	4.4645	1.0747	2.5313
4.8605	4.0059	1.0683	4.4645	1.0747	2.5313
4.8605	4.0059	1.0683	4.4645	1.0747	2.5313
4.8605	4.0059	1.0683	4.4645	1.0747	2.5313
4.8605	4.0059	1.0683	4.4645	1.0747	2.5313
4.8605	4.0059	1.0683	4.4645	1.0747	2.5313
4.8605	4.0059	1.0683	4.4645	1.0747	2.5313
4.8605	4.0059	1.0683	4.4645	1.0747	2.5313
4.8605	4.0059	1.0683	4.4645	1.0748	2.5313
4.8605	4.0059	1.0683	4.4645	1.0748	2.5313
4.8605	4.0059	1.0683	4.4645	1.0748	2.5313
4.8605	4.0059	1.0683	4.4645	1.0748	2.5313
4.8605	4.0059	1.0683	4.4645	1.0748	2.5313
4.8605	4.0059	1.0683	4.4645	1.0749	2.5313
4.8605	4.0059	1.0683	4.4645	1.0749	2.5313
4.8605	4.0059	1.0683	4.4645	1.0749	2.5313
4.8605	4.0059	1.0683	4.4645	1.0749	2.5313
4.8605	4.0059	1.0683	4.4645	1.0749	2.5313
4.8605	4.0059	1.0683	4.4645	1.075	2.5313
4.8605	4.0059	1.0683	4.4645	1.075	2.5313
4.8605	4.0059	1.0683	4.4645	1.075	2.5313
4.8605	4.0059	1.0683	4.4645	1.075	2.5313
4.8605	4.0059	1.0683	4.4645	1.075	2.5313
4.8605	4.0059	1.0683	4.4645	1.0751	2.5313
4.8605	4.0059	1.0683	4.4645	1.0751	2.5313
4.8605	4.0059	1.0683	4.4645	1.0751	2.5313
4.8605	4.0059	1.0683	4.4645	1.0751	2.5313
4.8605	4.0059	1.0683	4.4645	1.0751	2.5313
4.8605	4.0059	1.0683	4.4645	1.0752	2.5313
4.8605	4.0059	1.0683	4.4645	1.0752	2.5313
4.8605	4.0059	1.0683	4.4645	1.0752	2.5313
4.8605	4.0059	1.0683	4.4645	1.0752	2.5313
4.8605	4.0059	1.0683	4.4645	1.0752	2.5313
4.8605	4.0059	1.0683	4.4645	1.0752	2.5313
4.8605	4.0059	1.0683	4.4645	1.0752	2.5313
4.8605	4.0059	1.0684	4.4645	1.0752	2.5313
4.8605	4.0059	1.0684	4.4645	1.0752	2.5313
4.8605	4.0059	1.0684	4.4645	1.0752	2.5313
4.8605	4.0059	1.0684	4.4645	1.0752	2.5313
4.8605	4.0059	1.0684	4.4645	1.0752	2.5313
4.8605	4.0059	1.0684	4.4645	1.0753	2.5313
4.8605	4.0059	1.0684	4.4645	1.0753	2.5313
4.8605	4.0059	1.0684	4.4645	1.0753	2.5313
4.8605	4.0059	1.0684	4.4645	1.0753	2.5313
4.8605	4.0059	1.0684	4.4645	1.0753	2.5313
4.8605	4.0059	1.0684	4.4645	1.0753	2.5313
4.8605	4.0059	1.0684	4.4645	1.0753	2.5313
4.8605	4.0059	1.0684	4.4645	1.0753	2.5313
4.8605	4.0059	1.0684	4.4645	1.0753	2.5313
4.8605	4.0059	1.0684	4.4645	1.0753	2.5313
4.8605	4.0059	1.0684	4.4645	1.0753	2.5313
4.8605	4.0059	1.0684	4.4645	1.0753	2.5313
4.8605	4.0059	1.0684	4.4645	1.0753	2.5313
4.8605	4.0059	1.0684	4.4645	1.0753	2.5313
4.8605	4.0059	1.0684	4.4645	1.0753	2.5313
4.8605	4.0059	1.0684	4.4645	1.0753	2.5313
4.8605	4.0059	1.0684	4.4645	1.0753	2.5313
4.8605	4.0059	1.0684	4.4645	1.0753	2.5313
4.8605	4.0059	1.0684	4.4645	1.0753	2.5313
4.8605	4.0059	1.0684	4.4645	1.0753	2.5313
4.8605	4.0059	1.0684	4.4645	1.0753	2.5313
4.8605	4.0059	1.0684	4.4645	1.0753	2.5313
4.8605	4.0059	1.0684	4.4645	1.0753	2.5313
4.8605	4.0059	1.0684	4.4645	1.0753	2.5313
4.8605	4.0059	1.0684	4.4645	1.0753	2.5313
4.8605	4.0059	1.0684	4.4645	1.0753	2.5313
4.8605	4.0059	1.0684	4.4645	1.0753	2.5313
4.8605	4.0059	1.0684	4.4645	1.0753	2.5313
4.8605	4.0059	1.0684	4.4645	1.0753	2.5313
4.8605	4.0059	1.0684	4.4645	1.0753	2.5313
4.8605	4.0059	1.0684	4.4645	1.0754	2.5313
4.8605	4.0059	1.0684	4.4645	1.0754	2.5313
4.8605	4.0059	1.0684	4.4645	1.0754	2.5313
4.8605	4.0059	1.0684	4.4645	1.0754	2.5313
4.8605	4.0059	1.0684	4.4645	1.0754	2.5313
4.8605	4.0059	1.0684	4.4645	1.0754	2.5313
4.8605	4.0059	1.0684	4.4645	1.0754	2.5313
4.8605	4.0059	1.0684	4.4645	1.0754	2.5313
4.8605	4.0059	1.0684	4.4645	1.0754	2.5313
4.8605	4.0059	1.0684	4.4645	1.0754	2.5313
4.8605	4.0059	1.0684	4.4645	1.0754	2.5313
4.8605	4.0059	1.0684	4.4645	1.0754	2.5313
4.8605	4.0059	1.0684	4.4645	1.0754	2.5313
4.8605	4.0059	1.0684	4.4645	1.0754	2.5313
4.8605	4.0059	1.0684	4.4645	1.0754	2.5313
4.8605	4.0059	1.0684	4.4645	1.0754	2.5313
4.8605	4.0059	1.0684	4.4645	1.0754	2.5313
4.8605	4.0059	1.0684	4.4645	1.0754	2.5313
4.8605	4.0059	1.0684	4.4645	1.0754	2.5313
4.8605	4.0059	1.0684	4.4645	1.0754	2.5313
4.8605	4.0059	1.0684	4.4645	1.0754	2.5313
4.8605	4.0059	1.0684	4.4645	1.0754	2.5313
4.8605	4.0059	1.0684	4.4645	1.0754	2.5313
4.8605	4.0059	1.0684	4.4645	1.0754	2.5313
4.8605	4.0059	1.0684	4.4645	1.0754	2.5313
4.8605	4.0059	1.0684	4.4645	1.0754	2.5313
4.8605	4.0059	1.0684	4.4645	1.0754	2.5313
4.8605	4.0059	1.0684	4.4645	1.0754	2.5313
4.8605	4.0059	1.0684	4.4645	1.0754	2.5313
4.8605	4.0059	1.0684	4.4645	1.0754	2.5313
4.8605	4.0059	1.0684	4.4645	1.0754	2.5313
4.8605	4.0059	1.0684	4.4645	1.0754	2.5313
4.8605	4.0059	1.0684	4.4645	1.0754	2.5313
4.8605	4.0059	1.0684	4.4645	1.0754	2.5313
4.8605	4.0059	1.0684	4.4645	1.0754	2.5313
4.8605	4.0059	1.0684	4.4645	1.0754	2.5313
4.8605	4.0059	1.0684	4.4645	1.0754	2.5313
4.8605	4.0059	1.0684	4.4645	1.0754	2.5313
4.8605	4.0059	1.0684	4.4645	1.0754	2.5313
