7.1048	3.1734	4.7412	1.7307	-0.50321	4.9912
7.1048	3.1734	4.7412	1.7307	-0.50321	4.9912
7.1048	3.1734	4.7412	1.7307	-0.50321	4.9912
7.1048	3.1734	4.7412	1.7307	-0.50321	4.9912
7.1048	3.1734	4.7412	1.7307	-0.50321	4.9912
7.1048	3.1734	4.7412	1.7307	-0.50321	4.9912
7.1048	3.1734	4.7412	1.7307	-0.50321	4.9912
7.1048	3.1734	4.7412	1.7307	-0.50321	4.9912
7.1048	3.1734	4.7412	1.7307	-0.50321	4.9912
7.1048	3.1734	4.7412	1.7307	-0.50321	4.9912
7.1048	3.1734	4.7412	1.7307	-0.50321	4.9912
7.1048	3.1734	4.7412	1.7307	-0.50321	4.9912
7.1048	3.1734	4.7412	1.7307	-0.50321	4.9912
7.1048	3.1734	4.7412	1.7307	-0.50321	4.9912
7.1048	3.1734	4.7412	1.7307	-0.50321	4.9912
7.1048	3.1734	4.7412	1.7307	-0.50321	4.9912
7.1048	3.1734	4.7412	1.7307	-0.50321	4.9912
7.1048	3.1734	4.7412	1.7307	-0.50321	4.9912
7.1048	3.1734	4.7412	1.7307	-0.50321	4.9912
7.1048	3.1734	4.7412	1.7307	-0.50321	4.9912
7.1048	3.1734	4.7412	1.7307	-0.50321	4.9912
7.1048	3.1734	4.7412	1.7307	-0.50321	4.9912
7.1048	3.1734	4.7412	1.7307	-0.50321	4.9912
7.1048	3.1734	4.7412	1.7307	-0.50321	4.9912
7.1048	3.1734	4.7412	1.7307	-0.50321	4.9912
7.1048	3.1734	4.7412	1.7307	-0.50321	4.9912
7.1048	3.1734	4.7412	1.7307	-0.50321	4.9912
7.1048	3.1734	4.7412	1.7307	-0.50321	4.9912
7.1048	3.1734	4.7412	1.7307	-0.50321	4.9912
7.1048	3.1734	4.7412	1.7307	-0.50321	4.9912
7.1048	3.1734	4.7412	1.7307	-0.50321	4.9912
7.1048	3.1734	4.7412	1.7307	-0.50321	4.9912
7.1048	3.1734	4.7412	1.7307	-0.50321	4.9912
7.1048	3.1734	4.7412	1.7307	-0.50321	4.9912
7.1048	3.1734	4.7412	1.7307	-0.50321	4.9912
7.1048	3.1734	4.7412	1.7307	-0.50321	4.9912
7.1048	3.1734	4.7412	1.7307	-0.50321	4.9912
7.1048	3.1734	4.7412	1.7307	-0.50321	4.9912
7.1048	3.1734	4.7412	1.7307	-0.50321	4.9912
7.1048	3.1734	4.7412	1.7307	-0.50321	4.9912
7.1048	3.1734	4.7412	1.7307	-0.50321	4.9912
7.1048	3.1734	4.7412	1.7307	-0.50321	4.9912
7.1048	3.1734	4.7412	1.7307	-0.50321	4.9912
7.1048	3.1734	4.7412	1.7307	-0.50321	4.9912
7.1048	3.1734	4.7412	1.7307	-0.50321	4.9912
7.1048	3.1734	4.7412	1.7307	-0.50321	4.9912
7.1048	3.1734	4.7412	1.7307	-0.50321	4.9912
7.1048	3.1734	4.7412	1.7307	-0.50321	4.9912
7.1048	3.1734	4.7412	1.7307	-0.50321	4.9912
7.1048	3.1734	4.7412	1.7307	-0.50321	4.9912
7.1048	3.1734	4.7412	1.7307	-0.50321	4.9912
7.1048	3.1734	4.7412	1.7307	-0.50321	4.9912
7.1048	3.1734	4.7412	1.7307	-0.50321	4.9912
7.1048	3.1734	4.7412	1.7307	-0.50321	4.9912
7.1048	3.1734	4.7412	1.7307	-0.50321	4.9912
7.1048	3.1734	4.7412	1.7307	-0.50321	4.9912
7.1048	3.1734	4.7412	1.7307	-0.50321	4.9912
7.1048	3.1734	4.7412	1.7307	-0.50321	4.9912
7.1048	3.1734	4.7412	1.7307	-0.50321	4.9912
7.1048	3.1734	4.7412	1.7307	-0.50321	4.9912
7.1048	3.1734	4.7412	1.7307	-0.50321	4.9912
7.1048	3.1734	4.7412	1.7307	-0.50321	4.9912
7.1048	3.1734	4.7412	1.7307	-0.50321	4.9912
7.1048	3.1734	4.7412	1.7307	-0.50321	4.9912
7.1048	3.1734	4.7412	1.7307	-0.50321	4.9912
7.1048	3.1734	4.7412	1.7307	-0.50321	4.9912
7.1048	3.1734	4.7412	1.7307	-0.50321	4.9912
7.1048	3.1734	4.7412	1.7307	-0.50321	4.9912
7.1048	3.1734	4.7412	1.7307	-0.50321	4.9912
7.1048	3.1734	4.7412	1.7307	-0.50321	4.9912
7.1048	3.1734	4.7412	1.7307	-0.50321	4.9912
7.1048	3.1734	4.7412	1.7307	-0.50321	4.9912
7.1048	3.1734	4.7412	1.7307	-0.50321	4.9912
7.1048	3.1734	4.7412	1.7307	-0.50321	4.9912
7.1048	3.1734	4.7412	1.7307	-0.50321	4.9912
7.1048	3.1734	4.7412	1.7307	-0.50321	4.9912
7.1048	3.1734	4.7412	1.7307	-0.50321	4.9912
7.1048	3.1734	4.7412	1.7307	-0.50321	4.9912
7.1048	3.1734	4.7412	1.7307	-0.50321	4.9912
7.1048	3.1734	4.7412	1.7307	-0.50321	4.9912
7.1048	3.1734	4.7412	1.7307	-0.50321	4.9912
7.1048	3.1734	4.7412	1.7307	-0.50321	4.9912
7.1048	3.1734	4.7412	1.7307	-0.50321	4.9912
7.1048	3.1734	4.7412	1.7307	-0.50321	4.9912
7.1048	3.1734	4.7412	1.7307	-0.50321	4.9912
7.1048	3.1734	4.7412	1.7307	-0.50321	4.9912
7.1048	3.1734	4.7412	1.7307	-0.50321	4.9912
7.1048	3.1734	4.7412	1.7307	-0.50321	4.9912
7.1048	3.1734	4.7412	1.7307	-0.50321	4.9912
7.1048	3.1734	4.7412	1.7307	-0.50321	4.9912
7.1048	3.1734	4.7412	1.7307	-0.50321	4.9912
7.1048	3.1734	4.7412	1.7307	-0.50321	4.9912
7.1048	3.1734	4.7412	1.7307	-0.50321	4.9912
7.1048	3.1734	4.7412	1.7307	-0.50321	4.9912
7.1048	3.1734	4.7412	1.7307	-0.50321	4.9912
7.1048	3.1734	4.7412	1.7307	-0.50321	4.9912
7.1048	3.1734	4.7412	1.7307	-0.50321	4.9912
7.1048	3.1734	4.7412	1.7307	-0.50321	4.9912
7.1048	3.1734	4.7412	1.7307	-0.50321	4.9912
7.1048	3.1734	4.7412	1.7307	-0.50321	4.9912
7.1048	3.1734	4.7412	1.7307	-0.50321	4.9912
7.1048	3.1734	4.7412	1.7307	-0.50321	4.9912
7.1048	3.1734	4.7412	1.7307	-0.50321	4.9912
7.1048	3.1734	4.7412	1.7307	-0.50321	4.9912
7.1048	3.1734	4.7412	1.7307	-0.50321	4.9912
7.1048	3.1734	4.7412	1.7307	-0.50321	4.9912
7.1048	3.1734	4.7412	1.7307	-0.50321	4.9912
7.1048	3.1734	4.7412	1.7307	-0.50321	4.9912
7.1048	3.1734	4.7412	1.7307	-0.50321	4.9912
7.1048	3.1734	4.7412	1.7307	-0.50321	4.9912
7.1048	3.1734	4.7412	1.7307	-0.50321	4.9912
7.1048	3.1734	4.7412	1.7307	-0.50321	4.9912
7.1048	3.1734	4.7412	1.7307	-0.50321	4.9912
7.1048	3.1734	4.7412	1.7307	-0.50321	4.9912
7.1048	3.1734	4.7412	1.7307	-0.50321	4.9912
7.1048	3.1734	4.7412	1.7307	-0.50321	4.9912
7.1048	3.1734	4.7412	1.7307	-0.50321	4.9912
7.1048	3.1734	4.7412	1.7307	-0.50321	4.9912
7.1048	3.1734	4.7412	1.7307	-0.50321	4.9912
7.1048	3.1734	4.7412	1.7307	-0.50321	4.9912
7.1048	3.1734	4.7412	1.7307	-0.50321	4.9912
7.1048	3.1734	4.7412	1.7307	-0.50321	4.9912
7.1048	3.1734	4.7412	1.7307	-0.50321	4.9912
7.1048	3.1734	4.7412	1.7307	-0.50321	4.9912
7.1048	3.1734	4.7412	1.7307	-0.50321	4.9912
7.1048	3.1734	4.7412	1.7307	-0.50321	4.9912
7.1048	3.1734	4.7412	1.7307	-0.50321	4.9912
7.1048	3.1734	4.7412	1.7307	-0.50321	4.9912
7.1048	3.1734	4.7412	1.7307	-0.50321	4.9912
7.1048	3.1734	4.7412	1.7307	-0.50321	4.9912
7.1048	3.1734	4.7412	1.7307	-0.50321	4.9912
7.1048	3.1734	4.7412	1.7307	-0.50322	4.9912
7.1048	3.1734	4.7412	1.7307	-0.50322	4.9912
7.1048	3.1734	4.7412	1.7307	-0.50322	4.9912
7.1048	3.1734	4.7412	1.7307	-0.50322	4.9912
7.1048	3.1734	4.7412	1.7307	-0.50322	4.9912
7.1048	3.1734	4.7412	1.7307	-0.50322	4.9912
7.1048	3.1734	4.7412	1.7307	-0.50322	4.9912
7.1048	3.1734	4.7412	1.7307	-0.50322	4.9912
7.1048	3.1734	4.7412	1.7307	-0.50322	4.9912
7.1048	3.1734	4.7412	1.7307	-0.50322	4.9912
7.1048	3.1734	4.7412	1.7307	-0.50322	4.9912
7.1048	3.1734	4.7412	1.7307	-0.50322	4.9912
7.1048	3.1734	4.7412	1.7307	-0.50322	4.9912
7.1048	3.1734	4.7412	1.7307	-0.50322	4.9912
7.1048	3.1734	4.7412	1.7307	-0.50322	4.9912
7.1048	3.1734	4.7412	1.7307	-0.50322	4.9912
7.1048	3.1734	4.7412	1.7307	-0.50322	4.9912
7.1048	3.1734	4.7412	1.7307	-0.50322	4.9912
7.1048	3.1734	4.7412	1.7307	-0.50322	4.9912
7.1048	3.1734	4.7412	1.7307	-0.50322	4.9912
7.1048	3.1734	4.7412	1.7307	-0.50322	4.9912
7.1048	3.1734	4.7412	1.7307	-0.50322	4.9912
7.1048	3.1734	4.7412	1.7307	-0.50322	4.9912
7.1048	3.1734	4.7412	1.7307	-0.50322	4.9912
7.1048	3.1734	4.7412	1.7307	-0.50322	4.9912
7.1048	3.1734	4.7412	1.7307	-0.50322	4.9912
7.1048	3.1734	4.7412	1.7307	-0.50322	4.9912
7.1048	3.1734	4.7412	1.7307	-0.50322	4.9912
7.1048	3.1734	4.7412	1.7307	-0.50322	4.9912
7.1048	3.1734	4.7412	1.7307	-0.50322	4.9912
7.1048	3.1734	4.7412	1.7307	-0.50322	4.9912
7.1048	3.1734	4.7412	1.7307	-0.50322	4.9912
7.1048	3.1734	4.7412	1.7307	-0.50322	4.9912
7.1048	3.1734	4.7412	1.7307	-0.50322	4.9912
7.1048	3.1734	4.7412	1.7307	-0.50322	4.9912
7.1048	3.1734	4.7412	1.7307	-0.50322	4.9912
7.1048	3.1734	4.7412	1.7307	-0.50322	4.9912
7.1048	3.1734	4.7412	1.7307	-0.50322	4.9912
7.1048	3.1734	4.7412	1.7307	-0.50322	4.9912
7.1048	3.1734	4.7412	1.7307	-0.50322	4.9912
7.1048	3.1734	4.7412	1.7307	-0.50322	4.9912
7.1048	3.1734	4.7412	1.7307	-0.50322	4.9912
7.1048	3.1734	4.7412	1.7307	-0.50322	4.9912
7.1048	3.1734	4.7412	1.7307	-0.50322	4.9912
7.1048	3.1734	4.7412	1.7307	-0.50322	4.9912
7.1048	3.1734	4.7412	1.7307	-0.50322	4.9912
7.1048	3.1734	4.7412	1.7307	-0.50322	4.9912
7.1048	3.1734	4.7412	1.7307	-0.50322	4.9912
7.1048	3.1734	4.7412	1.7307	-0.50322	4.9912
7.1048	3.1734	4.7412	1.7307	-0.50322	4.9912
7.1048	3.1734	4.7412	1.7307	-0.50322	4.9912
7.1048	3.1734	4.7412	1.7307	-0.50322	4.9912
7.1048	3.1734	4.7412	1.7307	-0.50322	4.9912
7.1048	3.1734	4.7412	1.7307	-0.50322	4.9912
7.1048	3.1734	4.7412	1.7307	-0.50322	4.9912
7.1048	3.1734	4.7412	1.7307	-0.50322	4.9912
7.1048	3.1734	4.7412	1.7307	-0.50322	4.9912
7.1048	3.1734	4.7412	1.7307	-0.50322	4.9912
7.1048	3.1734	4.7412	1.7307	-0.50322	4.9912
7.1048	3.1734	4.7412	1.7307	-0.50322	4.9912
7.1048	3.1734	4.7412	1.7307	-0.50322	4.9912
7.1048	3.1734	4.7412	1.7307	-0.50322	4.9912
7.1048	3.1734	4.7412	1.7307	-0.50322	4.9912
7.1048	3.1734	4.7412	1.7307	-0.50322	4.9912
7.1048	3.1734	4.7412	1.7307	-0.50322	4.9912
7.1048	3.1734	4.7412	1.7307	-0.50322	4.9912
7.1048	3.1734	4.7412	1.7307	-0.50322	4.9912
7.1048	3.1734	4.7412	1.7307	-0.50322	4.9912
7.1048	3.1734	4.7412	1.7307	-0.50322	4.9912
7.1048	3.1734	4.7412	1.7307	-0.50322	4.9912
7.1048	3.1734	4.7412	1.7307	-0.50322	4.9912
7.1048	3.1734	4.7412	1.7307	-0.50322	4.9912
7.1048	3.1734	4.7412	1.7307	-0.50322	4.9912
7.1048	3.1734	4.7412	1.7307	-0.50322	4.9912
7.1048	3.1734	4.7412	1.7307	-0.50322	4.9912
7.1048	3.1734	4.7412	1.7307	-0.50322	4.9912
7.1048	3.1734	4.7412	1.7307	-0.50322	4.9912
7.1048	3.1734	4.7412	1.7307	-0.50322	4.9912
7.1048	3.1734	4.7412	1.7307	-0.50322	4.9912
7.1048	3.1734	4.7412	1.7307	-0.50322	4.9912
7.1048	3.1734	4.7412	1.7307	-0.50322	4.9912
7.1048	3.1734	4.7412	1.7307	-0.50322	4.9912
7.1048	3.1734	4.7412	1.7307	-0.50322	4.9912
7.1048	3.1734	4.7412	1.7307	-0.50322	4.9912
7.1048	3.1734	4.7412	1.7307	-0.50322	4.9912
7.1048	3.1734	4.7412	1.7307	-0.50322	4.9912
7.1048	3.1734	4.7412	1.7307	-0.50322	4.9912
7.1048	3.1734	4.7412	1.7307	-0.50322	4.9912
7.1048	3.1734	4.7412	1.7307	-0.50322	4.9912
7.1048	3.1734	4.7412	1.7307	-0.50322	4.9912
7.1048	3.1734	4.7412	1.7307	-0.50322	4.9912
7.1048	3.1734	4.7412	1.7307	-0.50322	4.9912
7.1048	3.1734	4.7412	1.7307	-0.50322	4.9912
7.1048	3.1734	4.7412	1.7307	-0.50322	4.9912
7.1048	3.1734	4.7412	1.7307	-0.50322	4.9912
7.1048	3.1734	4.7412	1.7307	-0.50322	4.9912
7.1048	3.1734	4.7412	1.7307	-0.50322	4.9912
7.1048	3.1734	4.7412	1.7307	-0.50322	4.9912
7.1048	3.1734	4.7412	1.7307	-0.50322	4.9912
7.1048	3.1734	4.7412	1.7307	-0.50322	4.9912
7.1048	3.1734	4.7412	1.7307	-0.50322	4.9912
7.1048	3.1734	4.7412	1.7307	-0.50322	4.9912
7.1048	3.1734	4.7412	1.7307	-0.50322	4.9912
7.1048	3.1734	4.7412	1.7307	-0.50322	4.9912
7.1048	3.1734	4.7412	1.7307	-0.50322	4.9912
7.1048	3.1734	4.7412	1.7307	-0.50322	4.9912
7.1048	3.1734	4.7412	1.7307	-0.50322	4.9912
7.1048	3.1734	4.7412	1.7307	-0.50322	4.9912
7.1048	3.1734	4.7412	1.7307	-0.50322	4.9912
7.1048	3.1734	4.7412	1.7307	-0.50322	4.9912
7.1048	3.1734	4.7412	1.7307	-0.50322	4.9912
7.1048	3.1734	4.7412	1.7307	-0.50322	4.9912
7.1048	3.1734	4.7412	1.7307	-0.50322	4.9912
7.1048	3.1734	4.7412	1.7307	-0.50322	4.9912
7.1048	3.1734	4.7412	1.7307	-0.50322	4.9912
7.1048	3.1734	4.7412	1.7307	-0.50322	4.9912
7.1048	3.1734	4.7412	1.7307	-0.50322	4.9912
7.1048	3.1734	4.7412	1.7307	-0.50322	4.9912
7.1048	3.1734	4.7412	1.7307	-0.50322	4.9912
7.1048	3.1734	4.7412	1.7307	-0.50322	4.9912
7.1048	3.1734	4.7412	1.7307	-0.50322	4.9912
7.1048	3.1734	4.7412	1.7307	-0.50322	4.9912
7.1048	3.1734	4.7411	1.7307	-0.50322	4.9912
7.1048	3.1734	4.7411	1.7307	-0.50322	4.9912
7.1048	3.1734	4.7411	1.7307	-0.50322	4.9912
7.1048	3.1734	4.7411	1.7307	-0.50322	4.9912
7.1048	3.1734	4.7411	1.7307	-0.50322	4.9912
7.1048	3.1734	4.7411	1.7307	-0.50322	4.9912
7.1048	3.1734	4.7411	1.7307	-0.50322	4.9912
7.1048	3.1734	4.7411	1.7307	-0.50322	4.9912
7.1048	3.1734	4.7411	1.7307	-0.50322	4.9912
7.1048	3.1734	4.7411	1.7307	-0.50322	4.9912
7.1048	3.1734	4.7411	1.7307	-0.50322	4.9912
7.1048	3.1734	4.7411	1.7307	-0.50322	4.9912
7.1048	3.1734	4.7411	1.7307	-0.50322	4.9912
7.1048	3.1734	4.7411	1.7307	-0.50322	4.9912
7.1048	3.1734	4.7411	1.7307	-0.50322	4.9912
7.1047	3.1734	4.7411	1.7307	-0.50322	4.9912
7.1047	3.1734	4.7411	1.7307	-0.50322	4.9912
7.1047	3.1734	4.7411	1.7307	-0.50322	4.9912
7.1047	3.1734	4.7411	1.7307	-0.50322	4.9912
7.1047	3.1734	4.7411	1.7307	-0.50322	4.9912
7.1047	3.1734	4.7411	1.7307	-0.50322	4.9912
7.1047	3.1734	4.7411	1.7307	-0.50322	4.9912
7.1047	3.1734	4.7411	1.7307	-0.50322	4.9912
7.1047	3.1734	4.741	1.7307	-0.50322	4.9912
7.1047	3.1734	4.741	1.7307	-0.50322	4.9912
7.1047	3.1734	4.7408	1.7307	-0.50322	4.9912
7.1047	3.1734	4.7408	1.7307	-0.50322	4.9912
7.1047	3.1734	4.7408	1.7307	-0.50322	4.9912
7.1047	3.1734	4.7405	1.7307	-0.50322	4.9912
7.1047	3.1734	4.7405	1.7307	-0.50322	4.9912
7.1047	3.1734	4.7403	1.7307	-0.50322	4.9912
7.1047	3.1734	4.7403	1.7307	-0.50322	4.9912
7.1047	3.1734	4.7403	1.7307	-0.50322	4.9912
7.1047	3.1734	4.7402	1.7307	-0.50322	4.9912
7.1047	3.1734	4.7402	1.7307	-0.50322	4.9912
7.1047	3.1734	4.7401	1.7307	-0.50323	4.9912
7.1047	3.1734	4.7401	1.7307	-0.50323	4.9912
7.1047	3.1734	4.7401	1.7307	-0.50323	4.9912
7.1047	3.1734	4.7401	1.7307	-0.50324	4.9912
7.1047	3.1734	4.7401	1.7307	-0.50324	4.9912
7.1047	3.1734	4.7401	1.7307	-0.50325	4.9912
7.1047	3.1734	4.7401	1.7307	-0.50325	4.9912
7.1047	3.1734	4.7401	1.7307	-0.50325	4.9912
7.1047	3.1734	4.7401	1.7307	-0.50325	4.9912
7.1047	3.1734	4.7401	1.7307	-0.50325	4.9912
7.1047	3.1734	4.7401	1.7307	-0.50326	4.9912
7.1047	3.1734	4.7401	1.7307	-0.50326	4.9912
7.1047	3.1734	4.7401	1.7307	-0.50326	4.9912
7.1047	3.1734	4.7401	1.7307	-0.50326	4.9912
7.1047	3.1734	4.7401	1.7307	-0.50326	4.9912
7.1047	3.1734	4.7401	1.7307	-0.50326	4.9912
7.1047	3.1734	4.7401	1.7307	-0.50326	4.9912
7.1047	3.1734	4.7401	1.7307	-0.50326	4.9912
7.1047	3.1734	4.7402	1.7307	-0.50327	4.9912
7.1047	3.1734	4.7402	1.7307	-0.50327	4.9912
7.1047	3.1734	4.7402	1.7307	-0.50328	4.9912
7.1047	3.1734	4.7402	1.7307	-0.50328	4.9912
7.1047	3.1734	4.7402	1.7307	-0.50328	4.9912
7.1047	3.1734	4.7403	1.7307	-0.50328	4.9912
7.1047	3.1734	4.7403	1.7307	-0.50328	4.9912
7.1047	3.1734	4.7406	1.7307	-0.50329	4.9912
7.1047	3.1734	4.7406	1.7307	-0.50329	4.9912
7.1047	3.1734	4.7406	1.7307	-0.50329	4.9912
7.1048	3.1734	4.7412	1.7307	-0.5033	4.9912
7.1048	3.1734	4.7412	1.7307	-0.5033	4.9912
7.1049	3.1735	4.742	1.7307	-0.50332	4.9912
7.1049	3.1735	4.742	1.7307	-0.50332	4.9912
7.1049	3.1735	4.742	1.7307	-0.50332	4.9912
7.1049	3.1735	4.7432	1.7307	-0.50339	4.9912
7.1049	3.1735	4.7432	1.7307	-0.50339	4.9912
7.105	3.1735	4.7447	1.7307	-0.50354	4.9912
7.105	3.1735	4.7447	1.7307	-0.50354	4.9912
7.105	3.1735	4.7447	1.7307	-0.50354	4.9912
7.1052	3.1736	4.7466	1.7307	-0.50371	4.9912
7.1052	3.1736	4.7466	1.7307	-0.50371	4.9912
7.1053	3.1736	4.7486	1.7307	-0.50387	4.9912
7.1053	3.1736	4.7486	1.7307	-0.50387	4.9912
7.1053	3.1736	4.7486	1.7307	-0.50387	4.9912
7.1056	3.1736	4.7512	1.7307	-0.50398	4.9912
7.1056	3.1736	4.7512	1.7307	-0.50398	4.9912
7.1059	3.1736	4.7541	1.7307	-0.50404	4.9912
7.1059	3.1736	4.7541	1.7307	-0.50404	4.9912
7.1059	3.1736	4.7541	1.7307	-0.50404	4.9912
7.1063	3.1736	4.7572	1.7307	-0.50408	4.9912
7.1063	3.1736	4.7572	1.7307	-0.50408	4.9912
7.107	3.1736	4.7602	1.7307	-0.50411	4.9912
7.107	3.1736	4.7602	1.7307	-0.50411	4.9912
7.107	3.1736	4.7602	1.7307	-0.50411	4.9912
7.108	3.1736	4.7638	1.7307	-0.50412	4.9912
7.108	3.1736	4.7638	1.7307	-0.50412	4.9912
7.1091	3.1736	4.7675	1.7307	-0.50412	4.9912
7.1091	3.1736	4.7675	1.7307	-0.50412	4.9912
7.1091	3.1736	4.7675	1.7307	-0.50412	4.9912
7.1103	3.1736	4.7716	1.7307	-0.50412	4.9912
7.1103	3.1736	4.7716	1.7307	-0.50412	4.9912
7.1118	3.1736	4.7759	1.7307	-0.50412	4.9912
7.1118	3.1736	4.7759	1.7307	-0.50412	4.9912
7.1118	3.1736	4.7759	1.7307	-0.50412	4.9912
7.1134	3.1737	4.7804	1.7307	-0.50413	4.9912
7.1134	3.1737	4.7804	1.7307	-0.50413	4.9912
7.1153	3.1737	4.7848	1.7307	-0.50413	4.9912
7.1153	3.1737	4.7848	1.7307	-0.50413	4.9912
7.1153	3.1737	4.7848	1.7307	-0.50413	4.9912
7.117	3.1737	4.7898	1.7307	-0.50414	4.9912
7.117	3.1737	4.7898	1.7307	-0.50414	4.9912
7.119	3.1738	4.7952	1.7307	-0.50416	4.9912
7.119	3.1738	4.7952	1.7307	-0.50416	4.9912
7.119	3.1738	4.7952	1.7307	-0.50416	4.9912
7.1212	3.1738	4.8002	1.7307	-0.50418	4.9912
7.1212	3.1738	4.8002	1.7307	-0.50418	4.9912
7.1235	3.1738	4.8059	1.7307	-0.50418	4.9912
7.1235	3.1738	4.8059	1.7307	-0.50418	4.9912
7.1235	3.1738	4.8059	1.7307	-0.50418	4.9912
7.126	3.1738	4.8115	1.7307	-0.50419	4.9912
7.126	3.1738	4.8115	1.7307	-0.50419	4.9912
7.1284	3.1738	4.817	1.7308	-0.5042	4.9912
7.1284	3.1738	4.817	1.7308	-0.5042	4.9912
7.1284	3.1738	4.817	1.7308	-0.5042	4.9912
7.1313	3.1738	4.8222	1.7309	-0.50421	4.9912
7.1313	3.1738	4.8222	1.7309	-0.50421	4.9912
7.1344	3.1739	4.8282	1.7312	-0.50421	4.9912
7.1344	3.1739	4.8282	1.7312	-0.50421	4.9912
7.1344	3.1739	4.8282	1.7312	-0.50421	4.9912
7.1377	3.1739	4.8334	1.7319	-0.50421	4.9912
7.1377	3.1739	4.8334	1.7319	-0.50421	4.9912
7.1411	3.174	4.8395	1.733	-0.50421	4.9912
7.1411	3.174	4.8395	1.733	-0.50421	4.9912
7.1411	3.174	4.8395	1.733	-0.50421	4.9912
7.1445	3.1741	4.8455	1.7345	-0.50421	4.9912
7.1445	3.1741	4.8455	1.7345	-0.50421	4.9912
7.1481	3.1741	4.8515	1.7363	-0.50421	4.9913
7.1481	3.1741	4.8515	1.7363	-0.50421	4.9913
7.1481	3.1741	4.8515	1.7363	-0.50421	4.9913
7.1524	3.1742	4.8566	1.7389	-0.50421	4.9913
7.1524	3.1742	4.8566	1.7389	-0.50421	4.9913
7.1564	3.1742	4.8622	1.7414	-0.50422	4.9913
7.1564	3.1742	4.8622	1.7414	-0.50422	4.9913
7.1564	3.1742	4.8622	1.7414	-0.50422	4.9913
7.1608	3.1742	4.8678	1.7444	-0.50421	4.9913
7.1608	3.1742	4.8678	1.7444	-0.50421	4.9913
7.1653	3.1742	4.8726	1.7472	-0.50422	4.9913
7.1653	3.1742	4.8726	1.7472	-0.50422	4.9913
7.1653	3.1742	4.8726	1.7472	-0.50422	4.9913
7.1693	3.1743	4.8778	1.7503	-0.50422	4.9913
7.1693	3.1743	4.8778	1.7503	-0.50422	4.9913
7.174	3.1743	4.8828	1.7537	-0.50422	4.9913
7.174	3.1743	4.8828	1.7537	-0.50422	4.9913
7.174	3.1743	4.8828	1.7537	-0.50422	4.9913
7.1786	3.1743	4.8871	1.7575	-0.50423	4.9913
7.1786	3.1743	4.8871	1.7575	-0.50423	4.9913
7.1827	3.1743	4.8919	1.7612	-0.50424	4.9913
7.1827	3.1743	4.8919	1.7612	-0.50424	4.9913
7.1827	3.1743	4.8919	1.7612	-0.50424	4.9913
7.1874	3.1743	4.8965	1.7656	-0.50424	4.9913
7.1874	3.1743	4.8965	1.7656	-0.50424	4.9913
7.1921	3.1744	4.9004	1.7702	-0.50424	4.9913
7.1921	3.1744	4.9004	1.7702	-0.50424	4.9913
7.1921	3.1744	4.9004	1.7702	-0.50424	4.9913
7.1966	3.1744	4.9044	1.7746	-0.50424	4.9913
7.1966	3.1744	4.9044	1.7746	-0.50424	4.9913
7.2015	3.1744	4.9085	1.7793	-0.50424	4.9913
7.2015	3.1744	4.9085	1.7793	-0.50424	4.9913
7.2015	3.1744	4.9085	1.7793	-0.50424	4.9913
7.2063	3.1744	4.9119	1.7844	-0.50424	4.9913
7.2063	3.1744	4.9119	1.7844	-0.50424	4.9913
7.2117	3.1744	4.9155	1.7894	-0.50424	4.9913
7.2117	3.1744	4.9155	1.7894	-0.50424	4.9913
7.2117	3.1744	4.9155	1.7894	-0.50424	4.9913
7.2166	3.1744	4.9189	1.7957	-0.50424	4.9913
7.2166	3.1744	4.9189	1.7957	-0.50424	4.9913
7.2221	3.1744	4.9222	1.8011	-0.50424	4.9913
7.2221	3.1744	4.9222	1.8011	-0.50424	4.9913
7.2221	3.1744	4.9222	1.8011	-0.50424	4.9913
7.2271	3.1744	4.925	1.8071	-0.50424	4.9913
7.2271	3.1744	4.925	1.8071	-0.50424	4.9913
7.233	3.1744	4.928	1.8135	-0.50424	4.9913
7.233	3.1744	4.928	1.8135	-0.50424	4.9913
7.233	3.1744	4.928	1.8135	-0.50424	4.9913
7.2379	3.1744	4.9306	1.8198	-0.50424	4.9913
7.2379	3.1744	4.9306	1.8198	-0.50424	4.9913
7.2433	3.1744	4.9333	1.8266	-0.50424	4.9913
7.2433	3.1744	4.9333	1.8266	-0.50424	4.9913
7.2433	3.1744	4.9333	1.8266	-0.50424	4.9913
7.2488	3.1745	4.9359	1.8329	-0.50424	4.9913
7.2488	3.1745	4.9359	1.8329	-0.50424	4.9913
7.2543	3.1745	4.938	1.8396	-0.50424	4.9913
7.2543	3.1745	4.938	1.8396	-0.50424	4.9913
7.2543	3.1745	4.938	1.8396	-0.50424	4.9913
7.2589	3.1745	4.9403	1.8465	-0.50425	4.9913
7.2589	3.1745	4.9403	1.8465	-0.50425	4.9913
7.2641	3.1745	4.9426	1.8538	-0.50425	4.9912
7.2641	3.1745	4.9426	1.8538	-0.50425	4.9912
7.2641	3.1745	4.9426	1.8538	-0.50425	4.9912
7.2693	3.1746	4.9447	1.8606	-0.50426	4.9913
7.2693	3.1746	4.9447	1.8606	-0.50426	4.9913
7.2745	3.1747	4.9466	1.868	-0.50426	4.9913
7.2745	3.1747	4.9466	1.868	-0.50426	4.9913
7.2745	3.1747	4.9466	1.868	-0.50426	4.9913
7.2792	3.1748	4.9484	1.875	-0.50426	4.9913
7.2792	3.1748	4.9484	1.875	-0.50426	4.9913
7.2845	3.1749	4.9502	1.8829	-0.50426	4.9912
7.2845	3.1749	4.9502	1.8829	-0.50426	4.9912
7.2845	3.1749	4.9502	1.8829	-0.50426	4.9912
7.29	3.1751	4.9519	1.8912	-0.50426	4.9912
7.29	3.1751	4.9519	1.8912	-0.50426	4.9912
7.2952	3.1752	4.9533	1.8986	-0.50426	4.9912
7.2952	3.1752	4.9533	1.8986	-0.50426	4.9912
7.2952	3.1752	4.9533	1.8986	-0.50426	4.9912
7.301	3.1753	4.9547	1.907	-0.50426	4.9912
7.301	3.1753	4.9547	1.907	-0.50426	4.9912
7.3066	3.1753	4.9561	1.9147	-0.50426	4.9912
7.3066	3.1753	4.9561	1.9147	-0.50426	4.9912
7.3066	3.1753	4.9561	1.9147	-0.50426	4.9912
7.312	3.1755	4.9573	1.9229	-0.50426	4.9912
7.312	3.1755	4.9573	1.9229	-0.50426	4.9912
7.3176	3.1756	4.9585	1.9316	-0.50426	4.9912
7.3176	3.1756	4.9585	1.9316	-0.50426	4.9912
7.3176	3.1756	4.9585	1.9316	-0.50426	4.9912
7.3228	3.1757	4.9595	1.9393	-0.50426	4.9912
7.3228	3.1757	4.9595	1.9393	-0.50426	4.9912
7.3285	3.1759	4.9605	1.9478	-0.50427	4.9912
7.3285	3.1759	4.9605	1.9478	-0.50427	4.9912
7.3285	3.1759	4.9605	1.9478	-0.50427	4.9912
7.3342	3.1761	4.9613	1.9552	-0.50427	4.9912
7.3342	3.1761	4.9613	1.9552	-0.50427	4.9912
7.3394	3.1761	4.9621	1.9637	-0.50428	4.9912
7.3394	3.1761	4.9621	1.9637	-0.50428	4.9912
7.3394	3.1761	4.9621	1.9637	-0.50428	4.9912
7.3452	3.1762	4.9627	1.9719	-0.50428	4.9912
7.3452	3.1762	4.9627	1.9719	-0.50428	4.9912
7.3508	3.1762	4.9632	1.9795	-0.5043	4.9912
7.3508	3.1762	4.9632	1.9795	-0.5043	4.9912
7.3508	3.1762	4.9632	1.9795	-0.5043	4.9912
7.3561	3.1763	4.9636	1.988	-0.5043	4.9912
7.3561	3.1763	4.9636	1.988	-0.5043	4.9912
7.3618	3.1765	4.9638	1.9956	-0.50431	4.9912
7.3618	3.1765	4.9638	1.9956	-0.50431	4.9912
7.3618	3.1765	4.9638	1.9956	-0.50431	4.9912
7.3678	3.1767	4.9639	2.0034	-0.50431	4.9912
7.3678	3.1767	4.9639	2.0034	-0.50431	4.9912
7.3731	3.1769	4.964	2.0114	-0.50431	4.9912
7.3731	3.1769	4.964	2.0114	-0.50431	4.9912
7.3731	3.1769	4.964	2.0114	-0.50431	4.9912
7.379	3.1771	4.964	2.0185	-0.50431	4.9912
7.379	3.1771	4.964	2.0185	-0.50431	4.9912
7.3844	3.1773	4.9639	2.0264	-0.50431	4.9912
7.3844	3.1773	4.9639	2.0264	-0.50431	4.9912
7.3844	3.1773	4.9639	2.0264	-0.50431	4.9912
7.3904	3.1776	4.9639	2.0336	-0.50432	4.9912
7.3904	3.1776	4.9639	2.0336	-0.50432	4.9912
7.3968	3.1779	4.9637	2.0409	-0.50432	4.9912
7.3968	3.1779	4.9637	2.0409	-0.50432	4.9912
7.3968	3.1779	4.9637	2.0409	-0.50432	4.9912
7.4028	3.1782	4.9633	2.0478	-0.50432	4.9912
7.4028	3.1782	4.9633	2.0478	-0.50432	4.9912
7.4085	3.1786	4.9626	2.0557	-0.50432	4.9912
7.4085	3.1786	4.9626	2.0557	-0.50432	4.9912
7.4085	3.1786	4.9626	2.0557	-0.50432	4.9912
7.4145	3.179	4.9618	2.0632	-0.50432	4.9912
7.4145	3.179	4.9618	2.0632	-0.50432	4.9912
7.4203	3.1793	4.9606	2.0699	-0.50432	4.9912
7.4203	3.1793	4.9606	2.0699	-0.50432	4.9912
7.4203	3.1793	4.9606	2.0699	-0.50432	4.9912
7.4263	3.1797	4.9592	2.0771	-0.50432	4.9912
7.4263	3.1797	4.9592	2.0771	-0.50432	4.9912
7.4321	3.1801	4.9574	2.0844	-0.50433	4.9912
7.4321	3.1801	4.9574	2.0844	-0.50433	4.9912
7.4321	3.1801	4.9574	2.0844	-0.50433	4.9912
7.4382	3.1805	4.9557	2.0905	-0.50433	4.9912
7.4382	3.1805	4.9557	2.0905	-0.50433	4.9912
7.444	3.181	4.9533	2.0967	-0.50434	4.9912
7.444	3.181	4.9533	2.0967	-0.50434	4.9912
7.444	3.181	4.9533	2.0967	-0.50434	4.9912
7.4494	3.1815	4.9506	2.1027	-0.50434	4.9912
7.4494	3.1815	4.9506	2.1027	-0.50434	4.9912
7.4556	3.182	4.948	2.109	-0.50434	4.9912
7.4556	3.182	4.948	2.109	-0.50434	4.9912
7.4556	3.182	4.948	2.109	-0.50434	4.9912
7.4616	3.1824	4.945	2.1148	-0.50434	4.9912
7.4616	3.1824	4.945	2.1148	-0.50434	4.9912
7.4669	3.1828	4.9419	2.1207	-0.50435	4.9912
7.4669	3.1828	4.9419	2.1207	-0.50435	4.9912
7.4669	3.1828	4.9419	2.1207	-0.50435	4.9912
7.4732	3.1833	4.9389	2.126	-0.50435	4.9912
7.4732	3.1833	4.9389	2.126	-0.50435	4.9912
7.4788	3.1837	4.9353	2.1319	-0.50435	4.9912
7.4788	3.1837	4.9353	2.1319	-0.50435	4.9912
7.4788	3.1837	4.9353	2.1319	-0.50435	4.9912
7.4847	3.1841	4.9313	2.1374	-0.50435	4.9912
7.4847	3.1841	4.9313	2.1374	-0.50435	4.9912
7.4906	3.1845	4.9274	2.143	-0.50435	4.9912
7.4906	3.1845	4.9274	2.143	-0.50435	4.9912
7.4906	3.1845	4.9274	2.143	-0.50435	4.9912
7.4963	3.1849	4.923	2.148	-0.50435	4.9912
7.4963	3.1849	4.923	2.148	-0.50435	4.9912
7.5018	3.1854	4.9189	2.1525	-0.50435	4.9912
7.5018	3.1854	4.9189	2.1525	-0.50435	4.9912
7.5018	3.1854	4.9189	2.1525	-0.50435	4.9912
7.5077	3.1857	4.9144	2.1575	-0.50435	4.9912
7.5077	3.1857	4.9144	2.1575	-0.50435	4.9912
7.5129	3.1861	4.9098	2.1624	-0.50435	4.9912
7.5129	3.1861	4.9098	2.1624	-0.50435	4.9912
7.5129	3.1861	4.9098	2.1624	-0.50435	4.9912
7.5189	3.1864	4.9046	2.1672	-0.50435	4.9912
7.5189	3.1864	4.9046	2.1672	-0.50435	4.9912
7.524	3.1867	4.8997	2.1715	-0.50436	4.9912
7.524	3.1867	4.8997	2.1715	-0.50436	4.9912
7.524	3.1867	4.8997	2.1715	-0.50436	4.9912
7.53	3.1869	4.8945	2.1756	-0.50436	4.9912
7.53	3.1869	4.8945	2.1756	-0.50436	4.9912
7.5352	3.1871	4.8892	2.1797	-0.50437	4.9912
7.5352	3.1871	4.8892	2.1797	-0.50437	4.9912
7.5352	3.1871	4.8892	2.1797	-0.50437	4.9912
7.541	3.1874	4.8839	2.1834	-0.50437	4.9912
7.541	3.1874	4.8839	2.1834	-0.50437	4.9912
7.5469	3.1877	4.8787	2.1876	-0.50437	4.9912
7.5469	3.1877	4.8787	2.1876	-0.50437	4.9912
7.5469	3.1877	4.8787	2.1876	-0.50437	4.9912
7.5524	3.1879	4.8727	2.1911	-0.50437	4.9912
7.5524	3.1879	4.8727	2.1911	-0.50437	4.9912
7.5584	3.1882	4.8678	2.195	-0.50437	4.9912
7.5584	3.1882	4.8678	2.195	-0.50437	4.9912
7.5584	3.1882	4.8678	2.195	-0.50437	4.9912
7.5645	3.1884	4.862	2.1983	-0.50437	4.9912
7.5645	3.1884	4.862	2.1983	-0.50437	4.9912
7.5699	3.1886	4.8563	2.2015	-0.50438	4.9912
7.5699	3.1886	4.8563	2.2015	-0.50438	4.9912
7.5699	3.1886	4.8563	2.2015	-0.50438	4.9912
7.5766	3.1887	4.8512	2.2047	-0.50438	4.9912
7.5766	3.1887	4.8512	2.2047	-0.50438	4.9912
7.5821	3.1889	4.8455	2.2073	-0.50437	4.9912
7.5821	3.1889	4.8455	2.2073	-0.50437	4.9912
7.5821	3.1889	4.8455	2.2073	-0.50437	4.9912
7.5885	3.189	4.8402	2.2103	-0.50438	4.9912
7.5885	3.189	4.8402	2.2103	-0.50438	4.9912
7.5943	3.1891	4.8343	2.2134	-0.50438	4.9912
7.5943	3.1891	4.8343	2.2134	-0.50438	4.9912
7.5943	3.1891	4.8343	2.2134	-0.50438	4.9912
7.6007	3.1892	4.8283	2.216	-0.50438	4.9912
7.6007	3.1892	4.8283	2.216	-0.50438	4.9912
7.6067	3.1892	4.8223	2.2187	-0.50438	4.9912
7.6067	3.1892	4.8223	2.2187	-0.50438	4.9912
7.6067	3.1892	4.8223	2.2187	-0.50438	4.9912
7.6131	3.1893	4.8168	2.2215	-0.50438	4.9912
7.6131	3.1893	4.8168	2.2215	-0.50438	4.9912
7.6197	3.1893	4.8108	2.2242	-0.50438	4.9912
7.6197	3.1893	4.8108	2.2242	-0.50438	4.9912
7.6197	3.1893	4.8108	2.2242	-0.50438	4.9912
7.6256	3.1894	4.8052	2.227	-0.50438	4.9912
7.6256	3.1894	4.8052	2.227	-0.50438	4.9912
7.632	3.1894	4.7993	2.229	-0.50438	4.9912
7.632	3.1894	4.7993	2.229	-0.50438	4.9912
7.632	3.1894	4.7993	2.229	-0.50438	4.9912
7.6383	3.1894	4.794	2.2314	-0.50438	4.9912
7.6383	3.1894	4.794	2.2314	-0.50438	4.9912
7.6443	3.1895	4.7882	2.2338	-0.50438	4.9912
7.6443	3.1895	4.7882	2.2338	-0.50438	4.9912
7.6443	3.1895	4.7882	2.2338	-0.50438	4.9912
7.6508	3.1896	4.7829	2.236	-0.50438	4.9912
7.6508	3.1896	4.7829	2.236	-0.50438	4.9912
7.6567	3.1896	4.7773	2.2386	-0.50438	4.9912
7.6567	3.1896	4.7773	2.2386	-0.50438	4.9912
7.6567	3.1896	4.7773	2.2386	-0.50438	4.9912
7.663	3.1897	4.7717	2.2412	-0.50438	4.9912
7.663	3.1897	4.7717	2.2412	-0.50438	4.9912
7.6696	3.1898	4.7666	2.2435	-0.50438	4.9912
7.6696	3.1898	4.7666	2.2435	-0.50438	4.9912
7.6696	3.1898	4.7666	2.2435	-0.50438	4.9912
7.676	3.1899	4.761	2.2461	-0.50438	4.9912
7.676	3.1899	4.761	2.2461	-0.50438	4.9912
7.6819	3.1899	4.7557	2.2487	-0.50438	4.9912
7.6819	3.1899	4.7557	2.2487	-0.50438	4.9912
7.6819	3.1899	4.7557	2.2487	-0.50438	4.9912
7.6883	3.1899	4.751	2.251	-0.50438	4.9912
7.6883	3.1899	4.751	2.251	-0.50438	4.9912
7.6946	3.19	4.746	2.2534	-0.50438	4.9912
7.6946	3.19	4.746	2.2534	-0.50438	4.9912
7.6946	3.19	4.746	2.2534	-0.50438	4.9912
7.7014	3.19	4.741	2.2557	-0.50438	4.9912
7.7014	3.19	4.741	2.2557	-0.50438	4.9912
7.7072	3.1901	4.7359	2.2578	-0.50438	4.9912
7.7072	3.1901	4.7359	2.2578	-0.50438	4.9912
7.7072	3.1901	4.7359	2.2578	-0.50438	4.9912
7.7136	3.1901	4.7314	2.2595	-0.50438	4.9912
7.7136	3.1901	4.7314	2.2595	-0.50438	4.9912
7.7195	3.1901	4.7272	2.2615	-0.50438	4.9912
7.7195	3.1901	4.7272	2.2615	-0.50438	4.9912
7.7195	3.1901	4.7272	2.2615	-0.50438	4.9912
7.7259	3.1901	4.7226	2.2632	-0.50438	4.9912
7.7259	3.1901	4.7226	2.2632	-0.50438	4.9912
7.7322	3.1901	4.7177	2.2653	-0.50438	4.9912
7.7322	3.1901	4.7177	2.2653	-0.50438	4.9912
7.7322	3.1901	4.7177	2.2653	-0.50438	4.9912
7.7387	3.1901	4.7132	2.2673	-0.50438	4.9912
7.7387	3.1901	4.7132	2.2673	-0.50438	4.9912
7.7453	3.1901	4.7094	2.269	-0.50438	4.9912
7.7453	3.1901	4.7094	2.269	-0.50438	4.9912
7.7453	3.1901	4.7094	2.269	-0.50438	4.9912
7.7511	3.1901	4.7051	2.2706	-0.50438	4.9912
7.7511	3.1901	4.7051	2.2706	-0.50438	4.9912
7.7577	3.1902	4.7007	2.2723	-0.50438	4.9912
7.7577	3.1902	4.7007	2.2723	-0.50438	4.9912
7.7577	3.1902	4.7007	2.2723	-0.50438	4.9912
7.7635	3.1902	4.6964	2.2741	-0.50438	4.9912
7.7635	3.1902	4.6964	2.2741	-0.50438	4.9912
7.7699	3.1902	4.692	2.2755	-0.50438	4.9912
7.7699	3.1902	4.692	2.2755	-0.50438	4.9912
7.7699	3.1902	4.692	2.2755	-0.50438	4.9912
7.7764	3.1902	4.6883	2.2772	-0.50438	4.9912
7.7764	3.1902	4.6883	2.2772	-0.50438	4.9912
7.7824	3.1902	4.6843	2.2786	-0.50438	4.9912
7.7824	3.1902	4.6843	2.2786	-0.50438	4.9912
7.7824	3.1902	4.6843	2.2786	-0.50438	4.9912
7.7889	3.1902	4.6802	2.2802	-0.50438	4.9912
7.7889	3.1902	4.6802	2.2802	-0.50438	4.9912
7.7955	3.1902	4.6762	2.2815	-0.50438	4.9912
7.7955	3.1902	4.6762	2.2815	-0.50438	4.9912
7.7955	3.1902	4.6762	2.2815	-0.50438	4.9912
7.8011	3.1903	4.672	2.2828	-0.50438	4.9912
7.8011	3.1903	4.672	2.2828	-0.50438	4.9912
7.808	3.1903	4.6684	2.2837	-0.50438	4.9912
7.808	3.1903	4.6684	2.2837	-0.50438	4.9912
7.808	3.1903	4.6684	2.2837	-0.50438	4.9912
7.8145	3.1903	4.6647	2.2846	-0.50438	4.9912
7.8145	3.1903	4.6647	2.2846	-0.50438	4.9912
7.8205	3.1903	4.661	2.2855	-0.50438	4.9912
7.8205	3.1903	4.661	2.2855	-0.50438	4.9912
7.8205	3.1903	4.661	2.2855	-0.50438	4.9912
7.8262	3.1903	4.6573	2.2865	-0.50438	4.9912
7.8262	3.1903	4.6573	2.2865	-0.50438	4.9912
7.833	3.1903	4.6539	2.2874	-0.50438	4.9912
7.833	3.1903	4.6539	2.2874	-0.50438	4.9912
7.833	3.1903	4.6539	2.2874	-0.50438	4.9912
7.8388	3.1903	4.6501	2.2883	-0.50438	4.9912
7.8388	3.1903	4.6501	2.2883	-0.50438	4.9912
7.8455	3.1903	4.6464	2.2891	-0.50438	4.9912
7.8455	3.1903	4.6464	2.2891	-0.50438	4.9912
7.8455	3.1903	4.6464	2.2891	-0.50438	4.9912
7.8515	3.1903	4.6429	2.2899	-0.50438	4.9912
7.8515	3.1903	4.6429	2.2899	-0.50438	4.9912
7.8581	3.1903	4.6397	2.2906	-0.50438	4.9912
7.8581	3.1903	4.6397	2.2906	-0.50438	4.9912
7.8581	3.1903	4.6397	2.2906	-0.50438	4.9912
7.8641	3.1903	4.6361	2.2914	-0.50438	4.9912
7.8641	3.1903	4.6361	2.2914	-0.50438	4.9912
7.8708	3.1903	4.6325	2.2922	-0.50438	4.9912
7.8708	3.1903	4.6325	2.2922	-0.50438	4.9912
7.8708	3.1903	4.6325	2.2922	-0.50438	4.9912
7.8766	3.1903	4.6289	2.2932	-0.50438	4.9912
7.8766	3.1903	4.6289	2.2932	-0.50438	4.9912
7.8832	3.1903	4.6254	2.2941	-0.50438	4.9912
7.8832	3.1903	4.6254	2.2941	-0.50438	4.9912
7.8832	3.1903	4.6254	2.2941	-0.50438	4.9912
7.889	3.1903	4.6223	2.295	-0.50438	4.9912
7.889	3.1903	4.6223	2.295	-0.50438	4.9912
7.8959	3.1903	4.6189	2.2957	-0.50438	4.9912
7.8959	3.1903	4.6189	2.2957	-0.50438	4.9912
7.8959	3.1903	4.6189	2.2957	-0.50438	4.9912
7.9017	3.1903	4.6157	2.2966	-0.50438	4.9912
7.9017	3.1903	4.6157	2.2966	-0.50438	4.9912
7.9082	3.1903	4.6123	2.2973	-0.50438	4.9912
7.9082	3.1903	4.6123	2.2973	-0.50438	4.9912
7.9082	3.1903	4.6123	2.2973	-0.50438	4.9912
7.9148	3.1903	4.609	2.298	-0.50438	4.9912
7.9148	3.1903	4.609	2.298	-0.50438	4.9912
7.9206	3.1903	4.606	2.2988	-0.50438	4.9912
7.9206	3.1903	4.606	2.2988	-0.50438	4.9912
7.9206	3.1903	4.606	2.2988	-0.50438	4.9912
7.9271	3.1903	4.6026	2.2994	-0.50438	4.9912
7.9271	3.1903	4.6026	2.2994	-0.50438	4.9912
7.9336	3.1902	4.5993	2.3003	-0.50438	4.9912
7.9336	3.1902	4.5993	2.3003	-0.50438	4.9912
7.9336	3.1902	4.5993	2.3003	-0.50438	4.9912
7.9395	3.1902	4.5959	2.3011	-0.50438	4.9912
7.9395	3.1902	4.5959	2.3011	-0.50438	4.9912
7.946	3.1901	4.5926	2.3019	-0.50438	4.9912
7.946	3.1901	4.5926	2.3019	-0.50438	4.9912
7.946	3.1901	4.5926	2.3019	-0.50438	4.9912
7.9523	3.1901	4.5892	2.3028	-0.50438	4.9912
7.9523	3.1901	4.5892	2.3028	-0.50438	4.9912
7.959	3.19	4.5858	2.3036	-0.50438	4.9912
7.959	3.19	4.5858	2.3036	-0.50438	4.9912
7.959	3.19	4.5858	2.3036	-0.50438	4.9912
7.9649	3.1899	4.5827	2.3045	-0.50438	4.9912
7.9649	3.1899	4.5827	2.3045	-0.50438	4.9912
7.9714	3.1899	4.5793	2.3053	-0.50438	4.9912
7.9714	3.1899	4.5793	2.3053	-0.50438	4.9912
7.9714	3.1899	4.5793	2.3053	-0.50438	4.9912
7.9774	3.1898	4.576	2.3062	-0.50438	4.9912
7.9774	3.1898	4.576	2.3062	-0.50438	4.9912
7.9839	3.1898	4.5729	2.307	-0.50438	4.9912
7.9839	3.1898	4.5729	2.307	-0.50438	4.9912
7.9839	3.1898	4.5729	2.307	-0.50438	4.9912
7.9898	3.1897	4.5698	2.3077	-0.50438	4.9912
7.9898	3.1897	4.5698	2.3077	-0.50438	4.9912
7.9965	3.1897	4.5668	2.3084	-0.50438	4.9912
7.9965	3.1897	4.5668	2.3084	-0.50438	4.9912
7.9965	3.1897	4.5668	2.3084	-0.50438	4.9912
8.0024	3.1896	4.5636	2.309	-0.50438	4.9912
8.0024	3.1896	4.5636	2.309	-0.50438	4.9912
8.0088	3.1895	4.5607	2.3094	-0.50438	4.9912
8.0088	3.1895	4.5607	2.3094	-0.50438	4.9912
8.0088	3.1895	4.5607	2.3094	-0.50438	4.9912
8.0147	3.1894	4.5575	2.3099	-0.50438	4.9912
8.0147	3.1894	4.5575	2.3099	-0.50438	4.9912
8.0211	3.1892	4.5545	2.3103	-0.50438	4.9912
8.0211	3.1892	4.5545	2.3103	-0.50438	4.9912
8.0211	3.1892	4.5545	2.3103	-0.50438	4.9912
8.0276	3.189	4.5517	2.3105	-0.50438	4.9912
8.0276	3.189	4.5517	2.3105	-0.50438	4.9912
8.0335	3.1888	4.5491	2.3108	-0.50438	4.9912
8.0335	3.1888	4.5491	2.3108	-0.50438	4.9912
8.0335	3.1888	4.5491	2.3108	-0.50438	4.9912
8.0402	3.1886	4.5462	2.3111	-0.50438	4.9912
8.0402	3.1886	4.5462	2.3111	-0.50438	4.9912
8.0465	3.1884	4.5435	2.3114	-0.50438	4.9912
8.0465	3.1884	4.5435	2.3114	-0.50438	4.9912
8.0465	3.1884	4.5435	2.3114	-0.50438	4.9912
8.0524	3.1882	4.5409	2.3116	-0.50438	4.9912
8.0524	3.1882	4.5409	2.3116	-0.50438	4.9912
8.059	3.188	4.5384	2.3118	-0.50438	4.9912
8.059	3.188	4.5384	2.3118	-0.50438	4.9912
8.059	3.188	4.5384	2.3118	-0.50438	4.9912
8.0647	3.1879	4.5357	2.312	-0.50438	4.9912
8.0647	3.1879	4.5357	2.312	-0.50438	4.9912
8.0715	3.1877	4.5334	2.3122	-0.50438	4.9912
8.0715	3.1877	4.5334	2.3122	-0.50438	4.9912
8.0715	3.1877	4.5334	2.3122	-0.50438	4.9912
8.0773	3.1873	4.5312	2.3125	-0.50438	4.9912
8.0773	3.1873	4.5312	2.3125	-0.50438	4.9912
8.0834	3.1869	4.529	2.3127	-0.50438	4.9912
8.0834	3.1869	4.529	2.3127	-0.50438	4.9912
8.0834	3.1869	4.529	2.3127	-0.50438	4.9912
8.0897	3.1864	4.5271	2.3129	-0.50438	4.9912
8.0897	3.1864	4.5271	2.3129	-0.50438	4.9912
8.0965	3.1857	4.5251	2.313	-0.50438	4.9912
8.0965	3.1857	4.5251	2.313	-0.50438	4.9912
8.0965	3.1857	4.5251	2.313	-0.50438	4.9912
8.1025	3.185	4.5231	2.3132	-0.50438	4.9912
8.1025	3.185	4.5231	2.3132	-0.50438	4.9912
8.1092	3.1842	4.5214	2.3135	-0.50438	4.9912
8.1092	3.1842	4.5214	2.3135	-0.50438	4.9912
8.1092	3.1842	4.5214	2.3135	-0.50438	4.9912
8.115	3.1833	4.5196	2.3136	-0.50438	4.9912
8.115	3.1833	4.5196	2.3136	-0.50438	4.9912
8.1216	3.1823	4.5179	2.3138	-0.50438	4.9912
8.1216	3.1823	4.5179	2.3138	-0.50438	4.9912
8.1216	3.1823	4.5179	2.3138	-0.50438	4.9912
8.1276	3.181	4.5164	2.3139	-0.50438	4.9912
8.1276	3.181	4.5164	2.3139	-0.50438	4.9912
8.1341	3.1797	4.5148	2.3141	-0.50438	4.9912
8.1341	3.1797	4.5148	2.3141	-0.50438	4.9912
8.1341	3.1797	4.5148	2.3141	-0.50438	4.9912
8.14	3.1782	4.5133	2.3142	-0.50438	4.9912
8.14	3.1782	4.5133	2.3142	-0.50438	4.9912
8.1467	3.1765	4.5119	2.3143	-0.50438	4.9912
8.1467	3.1765	4.5119	2.3143	-0.50438	4.9912
8.1467	3.1765	4.5119	2.3143	-0.50438	4.9912
8.1526	3.1747	4.5106	2.3145	-0.50438	4.9912
8.1526	3.1747	4.5106	2.3145	-0.50438	4.9912
8.1594	3.173	4.5097	2.3146	-0.50438	4.9912
8.1594	3.173	4.5097	2.3146	-0.50438	4.9912
8.1594	3.173	4.5097	2.3146	-0.50438	4.9912
8.1654	3.1708	4.5086	2.3148	-0.50438	4.9912
8.1654	3.1708	4.5086	2.3148	-0.50438	4.9912
8.1716	3.1685	4.5075	2.3149	-0.50438	4.9912
8.1716	3.1685	4.5075	2.3149	-0.50438	4.9912
8.1716	3.1685	4.5075	2.3149	-0.50438	4.9912
8.1781	3.1662	4.5065	2.315	-0.50438	4.9912
8.1781	3.1662	4.5065	2.315	-0.50438	4.9912
8.1846	3.1637	4.5056	2.3151	-0.50438	4.9912
8.1846	3.1637	4.5056	2.3151	-0.50438	4.9912
8.1846	3.1637	4.5056	2.3151	-0.50438	4.9912
8.1907	3.1611	4.5046	2.3152	-0.50438	4.9912
8.1907	3.1611	4.5046	2.3152	-0.50438	4.9912
8.1974	3.1584	4.5039	2.3154	-0.50438	4.9912
8.1974	3.1584	4.5039	2.3154	-0.50438	4.9912
8.1974	3.1584	4.5039	2.3154	-0.50438	4.9912
8.2041	3.1556	4.503	2.3155	-0.50438	4.9912
8.2041	3.1556	4.503	2.3155	-0.50438	4.9912
8.2101	3.1528	4.5023	2.3156	-0.50438	4.9912
8.2101	3.1528	4.5023	2.3156	-0.50438	4.9912
8.2101	3.1528	4.5023	2.3156	-0.50438	4.9912
8.2167	3.1501	4.5015	2.3158	-0.50438	4.9912
8.2167	3.1501	4.5015	2.3158	-0.50438	4.9912
8.2234	3.1471	4.5009	2.316	-0.50438	4.9912
8.2234	3.1471	4.5009	2.316	-0.50438	4.9912
8.2234	3.1471	4.5009	2.316	-0.50438	4.9912
8.2293	3.1441	4.5003	2.3161	-0.50438	4.9912
8.2293	3.1441	4.5003	2.3161	-0.50438	4.9912
8.2358	3.1412	4.4997	2.3163	-0.50438	4.9912
8.2358	3.1412	4.4997	2.3163	-0.50438	4.9912
8.2358	3.1412	4.4997	2.3163	-0.50438	4.9912
8.2424	3.1383	4.4992	2.3163	-0.50438	4.9912
8.2424	3.1383	4.4992	2.3163	-0.50438	4.9912
8.2489	3.1354	4.4987	2.3164	-0.50438	4.9912
8.2489	3.1354	4.4987	2.3164	-0.50438	4.9912
8.2489	3.1354	4.4987	2.3164	-0.50438	4.9912
8.2547	3.1325	4.4983	2.3165	-0.50438	4.9912
8.2547	3.1325	4.4983	2.3165	-0.50438	4.9912
8.2611	3.1297	4.4978	2.3166	-0.50438	4.9912
8.2611	3.1297	4.4978	2.3166	-0.50438	4.9912
8.2611	3.1297	4.4978	2.3166	-0.50438	4.9912
8.2677	3.1272	4.4974	2.3167	-0.50438	4.9912
8.2677	3.1272	4.4974	2.3167	-0.50438	4.9912
8.2743	3.1244	4.497	2.3167	-0.50438	4.9912
8.2743	3.1244	4.497	2.3167	-0.50438	4.9912
8.2743	3.1244	4.497	2.3167	-0.50438	4.9912
8.28	3.1217	4.4966	2.3168	-0.50438	4.9912
8.28	3.1217	4.4966	2.3168	-0.50438	4.9912
8.2866	3.1191	4.4962	2.3169	-0.50438	4.9912
8.2866	3.1191	4.4962	2.3169	-0.50438	4.9912
8.2866	3.1191	4.4962	2.3169	-0.50438	4.9912
8.2931	3.1169	4.4958	2.317	-0.50438	4.9912
8.2931	3.1169	4.4958	2.317	-0.50438	4.9912
8.2988	3.1145	4.4953	2.317	-0.50438	4.9912
8.2988	3.1145	4.4953	2.317	-0.50438	4.9912
8.2988	3.1145	4.4953	2.317	-0.50438	4.9912
8.3052	3.112	4.495	2.3171	-0.50438	4.9912
8.3052	3.112	4.495	2.3171	-0.50438	4.9912
8.3117	3.1097	4.4946	2.3171	-0.50438	4.9912
8.3117	3.1097	4.4946	2.3171	-0.50438	4.9912
8.3117	3.1097	4.4946	2.3171	-0.50438	4.9912
8.3181	3.1076	4.4943	2.3172	-0.50438	4.9912
8.3181	3.1076	4.4943	2.3172	-0.50438	4.9912
8.3238	3.1055	4.4939	2.3172	-0.50438	4.9912
8.3238	3.1055	4.4939	2.3172	-0.50438	4.9912
8.3238	3.1055	4.4939	2.3172	-0.50438	4.9912
8.3302	3.1037	4.4936	2.3172	-0.50438	4.9912
8.3302	3.1037	4.4936	2.3172	-0.50438	4.9912
8.3367	3.1018	4.4934	2.3172	-0.50438	4.9912
8.3367	3.1018	4.4934	2.3172	-0.50438	4.9912
8.3367	3.1018	4.4934	2.3172	-0.50438	4.9912
8.3426	3.0999	4.4931	2.3172	-0.50438	4.9912
8.3426	3.0999	4.4931	2.3172	-0.50438	4.9912
8.349	3.0982	4.4928	2.3172	-0.50438	4.9912
8.349	3.0982	4.4928	2.3172	-0.50438	4.9912
8.349	3.0982	4.4928	2.3172	-0.50438	4.9912
8.3554	3.0965	4.4926	2.3172	-0.50438	4.9912
8.3554	3.0965	4.4926	2.3172	-0.50438	4.9912
8.3612	3.0949	4.4924	2.3173	-0.50438	4.9912
8.3612	3.0949	4.4924	2.3173	-0.50438	4.9912
8.3612	3.0949	4.4924	2.3173	-0.50438	4.9912
8.3678	3.0935	4.4921	2.3173	-0.50438	4.9912
8.3678	3.0935	4.4921	2.3173	-0.50438	4.9912
8.3741	3.092	4.4919	2.3173	-0.50438	4.9912
8.3741	3.092	4.4919	2.3173	-0.50438	4.9912
8.3741	3.092	4.4919	2.3173	-0.50438	4.9912
8.3801	3.0906	4.4917	2.3173	-0.50438	4.9912
8.3801	3.0906	4.4917	2.3173	-0.50438	4.9912
8.3866	3.0894	4.4915	2.3173	-0.50438	4.9912
8.3866	3.0894	4.4915	2.3173	-0.50438	4.9912
8.3866	3.0894	4.4915	2.3173	-0.50438	4.9912
8.3926	3.0881	4.4913	2.3173	-0.50438	4.9912
8.3926	3.0881	4.4913	2.3173	-0.50438	4.9912
8.3989	3.0869	4.4911	2.3173	-0.50438	4.9912
8.3989	3.0869	4.4911	2.3173	-0.50438	4.9912
8.3989	3.0869	4.4911	2.3173	-0.50438	4.9912
8.4054	3.0858	4.491	2.3173	-0.50438	4.9912
8.4054	3.0858	4.491	2.3173	-0.50438	4.9912
8.4113	3.0848	4.4909	2.3173	-0.50438	4.9912
8.4113	3.0848	4.4909	2.3173	-0.50438	4.9912
8.4113	3.0848	4.4909	2.3173	-0.50438	4.9912
8.4176	3.0839	4.4908	2.3173	-0.50438	4.9912
8.4176	3.0839	4.4908	2.3173	-0.50438	4.9912
8.424	3.0828	4.4907	2.3173	-0.50438	4.9912
8.424	3.0828	4.4907	2.3173	-0.50438	4.9912
8.424	3.0828	4.4907	2.3173	-0.50438	4.9912
8.4299	3.0819	4.4907	2.3173	-0.50438	4.9912
8.4299	3.0819	4.4907	2.3173	-0.50438	4.9912
8.4365	3.0811	4.4907	2.3173	-0.50438	4.9912
8.4365	3.0811	4.4907	2.3173	-0.50438	4.9912
8.4365	3.0811	4.4907	2.3173	-0.50438	4.9912
8.4421	3.0802	4.4907	2.3173	-0.50438	4.9912
8.4421	3.0802	4.4907	2.3173	-0.50438	4.9912
8.4487	3.0794	4.4907	2.3173	-0.50438	4.9912
8.4487	3.0794	4.4907	2.3173	-0.50438	4.9912
8.4487	3.0794	4.4907	2.3173	-0.50438	4.9912
8.4547	3.0785	4.4907	2.3173	-0.50438	4.9912
8.4547	3.0785	4.4907	2.3173	-0.50438	4.9912
8.461	3.0777	4.4907	2.3173	-0.50438	4.9912
8.461	3.0777	4.4907	2.3173	-0.50438	4.9912
8.461	3.0777	4.4907	2.3173	-0.50438	4.9912
8.4673	3.0769	4.4907	2.3173	-0.50438	4.9912
8.4673	3.0769	4.4907	2.3173	-0.50438	4.9912
8.4732	3.076	4.4907	2.3173	-0.50438	4.9912
8.4732	3.076	4.4907	2.3173	-0.50438	4.9912
8.4732	3.076	4.4907	2.3173	-0.50438	4.9912
8.4797	3.0752	4.4907	2.3173	-0.50438	4.9912
8.4797	3.0752	4.4907	2.3173	-0.50438	4.9912
8.4863	3.0743	4.4906	2.3173	-0.50438	4.9912
8.4863	3.0743	4.4906	2.3173	-0.50438	4.9912
8.4863	3.0743	4.4906	2.3173	-0.50438	4.9912
8.492	3.0733	4.4906	2.3173	-0.50438	4.9912
8.492	3.0733	4.4906	2.3173	-0.50438	4.9912
8.4986	3.0722	4.4906	2.3173	-0.50438	4.9912
8.4986	3.0722	4.4906	2.3173	-0.50438	4.9912
8.4986	3.0722	4.4906	2.3173	-0.50438	4.9912
8.505	3.0712	4.4906	2.3173	-0.50437	4.9912
8.505	3.0712	4.4906	2.3173	-0.50437	4.9912
8.5109	3.07	4.4906	2.3173	-0.50438	4.9912
8.5109	3.07	4.4906	2.3173	-0.50438	4.9912
8.5109	3.07	4.4906	2.3173	-0.50438	4.9912
8.5168	3.0688	4.4906	2.3173	-0.50438	4.9912
8.5168	3.0688	4.4906	2.3173	-0.50438	4.9912
8.5235	3.0674	4.4906	2.3173	-0.50437	4.9912
8.5235	3.0674	4.4906	2.3173	-0.50437	4.9912
8.5235	3.0674	4.4906	2.3173	-0.50437	4.9912
8.5299	3.0661	4.4906	2.3173	-0.50437	4.9912
8.5299	3.0661	4.4906	2.3173	-0.50437	4.9912
8.5361	3.0647	4.4906	2.3173	-0.50437	4.9912
8.5361	3.0647	4.4906	2.3173	-0.50437	4.9912
8.5361	3.0647	4.4906	2.3173	-0.50437	4.9912
8.5419	3.0633	4.4906	2.3173	-0.50437	4.9912
8.5419	3.0633	4.4906	2.3173	-0.50437	4.9912
8.5479	3.0616	4.4906	2.3173	-0.50437	4.9912
8.5479	3.0616	4.4906	2.3173	-0.50437	4.9912
8.5479	3.0616	4.4906	2.3173	-0.50437	4.9912
8.5545	3.0598	4.4906	2.3173	-0.50437	4.9912
8.5545	3.0598	4.4906	2.3173	-0.50437	4.9912
8.5603	3.058	4.4906	2.3173	-0.50437	4.9912
8.5603	3.058	4.4906	2.3173	-0.50437	4.9912
8.5603	3.058	4.4906	2.3173	-0.50437	4.9912
8.567	3.0561	4.4907	2.3173	-0.50437	4.9912
8.567	3.0561	4.4907	2.3173	-0.50437	4.9912
8.5734	3.054	4.4907	2.3173	-0.50437	4.9912
8.5734	3.054	4.4907	2.3173	-0.50437	4.9912
8.5734	3.054	4.4907	2.3173	-0.50437	4.9912
8.5792	3.0519	4.4907	2.3173	-0.50437	4.9912
8.5792	3.0519	4.4907	2.3173	-0.50437	4.9912
8.5857	3.0495	4.4908	2.3173	-0.50437	4.9912
8.5857	3.0495	4.4908	2.3173	-0.50437	4.9912
8.5857	3.0495	4.4908	2.3173	-0.50437	4.9912
8.5919	3.047	4.4909	2.3173	-0.50437	4.9912
8.5919	3.047	4.4909	2.3173	-0.50437	4.9912
8.5985	3.0445	4.4912	2.3173	-0.50437	4.9912
8.5985	3.0445	4.4912	2.3173	-0.50437	4.9912
8.5985	3.0445	4.4912	2.3173	-0.50437	4.9912
8.6042	3.0421	4.4918	2.3173	-0.50437	4.9912
8.6042	3.0421	4.4918	2.3173	-0.50437	4.9912
8.6105	3.0394	4.4926	2.3173	-0.50437	4.9912
8.6105	3.0394	4.4926	2.3173	-0.50437	4.9912
8.6105	3.0394	4.4926	2.3173	-0.50437	4.9912
8.6171	3.0367	4.4936	2.3173	-0.50437	4.9912
8.6171	3.0367	4.4936	2.3173	-0.50437	4.9912
8.6231	3.0337	4.4951	2.3173	-0.50437	4.9912
8.6231	3.0337	4.4951	2.3173	-0.50437	4.9912
8.6231	3.0337	4.4951	2.3173	-0.50437	4.9912
8.6294	3.0307	4.4967	2.3173	-0.50437	4.9912
8.6294	3.0307	4.4967	2.3173	-0.50437	4.9912
8.6354	3.0276	4.4986	2.3173	-0.50437	4.9912
8.6354	3.0276	4.4986	2.3173	-0.50437	4.9912
8.6354	3.0276	4.4986	2.3173	-0.50437	4.9912
8.6412	3.0246	4.5004	2.3173	-0.50436	4.9912
8.6412	3.0246	4.5004	2.3173	-0.50436	4.9912
8.6471	3.0217	4.5028	2.3173	-0.50436	4.9912
8.6471	3.0217	4.5028	2.3173	-0.50436	4.9912
8.6471	3.0217	4.5028	2.3173	-0.50436	4.9912
8.6529	3.0184	4.5053	2.3173	-0.50436	4.9912
8.6529	3.0184	4.5053	2.3173	-0.50436	4.9912
8.6586	3.0151	4.508	2.3173	-0.50436	4.9912
8.6586	3.0151	4.508	2.3173	-0.50436	4.9912
8.6586	3.0151	4.508	2.3173	-0.50436	4.9912
8.6638	3.0117	4.5109	2.3173	-0.50435	4.9912
8.6638	3.0117	4.5109	2.3173	-0.50435	4.9912
8.6691	3.0083	4.5136	2.3173	-0.50436	4.9912
8.6691	3.0083	4.5136	2.3173	-0.50436	4.9912
8.6691	3.0083	4.5136	2.3173	-0.50436	4.9912
8.6737	3.0049	4.5169	2.3173	-0.50436	4.9912
8.6737	3.0049	4.5169	2.3173	-0.50436	4.9912
8.6789	3.0015	4.5204	2.3173	-0.50436	4.9912
8.6789	3.0015	4.5204	2.3173	-0.50436	4.9912
8.6789	3.0015	4.5204	2.3173	-0.50436	4.9912
8.6833	2.9984	4.5241	2.3173	-0.50435	4.9912
8.6833	2.9984	4.5241	2.3173	-0.50435	4.9912
8.6879	2.9949	4.5279	2.3173	-0.50435	4.9912
8.6879	2.9949	4.5279	2.3173	-0.50435	4.9912
8.6879	2.9949	4.5279	2.3173	-0.50435	4.9912
8.6919	2.9914	4.532	2.3173	-0.50436	4.9912
8.6919	2.9914	4.532	2.3173	-0.50436	4.9912
8.6962	2.9879	4.5358	2.3173	-0.50436	4.9912
8.6962	2.9879	4.5358	2.3173	-0.50436	4.9912
8.6962	2.9879	4.5358	2.3173	-0.50436	4.9912
8.7003	2.9845	4.5402	2.3173	-0.50435	4.9912
8.7003	2.9845	4.5402	2.3173	-0.50435	4.9912
8.704	2.9816	4.5449	2.3173	-0.50435	4.9912
8.704	2.9816	4.5449	2.3173	-0.50435	4.9912
8.704	2.9816	4.5449	2.3173	-0.50435	4.9912
8.7079	2.9783	4.5496	2.3173	-0.50435	4.9912
8.7079	2.9783	4.5496	2.3173	-0.50435	4.9912
8.7115	2.9751	4.5546	2.3173	-0.50435	4.9912
8.7115	2.9751	4.5546	2.3173	-0.50435	4.9912
8.7115	2.9751	4.5546	2.3173	-0.50435	4.9912
8.7147	2.9718	4.5596	2.3173	-0.50435	4.9912
8.7147	2.9718	4.5596	2.3173	-0.50435	4.9912
8.718	2.9686	4.5647	2.3173	-0.50435	4.9912
8.718	2.9686	4.5647	2.3173	-0.50435	4.9912
8.718	2.9686	4.5647	2.3173	-0.50435	4.9912
8.7213	2.9658	4.5695	2.3173	-0.50435	4.9912
8.7213	2.9658	4.5695	2.3173	-0.50435	4.9912
8.724	2.9629	4.5748	2.3173	-0.50434	4.9912
8.724	2.9629	4.5748	2.3173	-0.50434	4.9912
8.724	2.9629	4.5748	2.3173	-0.50434	4.9912
8.727	2.9604	4.5804	2.3173	-0.50434	4.9912
8.727	2.9604	4.5804	2.3173	-0.50434	4.9912
8.7297	2.9578	4.586	2.3173	-0.50434	4.9912
8.7297	2.9578	4.586	2.3173	-0.50434	4.9912
8.7297	2.9578	4.586	2.3173	-0.50434	4.9912
8.7324	2.9552	4.5917	2.3173	-0.50434	4.9912
8.7324	2.9552	4.5917	2.3173	-0.50434	4.9912
8.7348	2.9528	4.5969	2.3173	-0.50434	4.9912
8.7348	2.9528	4.5969	2.3173	-0.50434	4.9912
8.7348	2.9528	4.5969	2.3173	-0.50434	4.9912
8.7372	2.9507	4.6029	2.3173	-0.50434	4.9912
8.7372	2.9507	4.6029	2.3173	-0.50434	4.9912
8.7394	2.9486	4.6088	2.3173	-0.50434	4.9912
8.7394	2.9486	4.6088	2.3173	-0.50434	4.9912
8.7394	2.9486	4.6088	2.3173	-0.50434	4.9912
8.7417	2.9466	4.615	2.3173	-0.50434	4.9912
8.7417	2.9466	4.615	2.3173	-0.50434	4.9912
8.7438	2.9447	4.6206	2.3173	-0.50434	4.9912
8.7438	2.9447	4.6206	2.3173	-0.50434	4.9912
8.7438	2.9447	4.6206	2.3173	-0.50434	4.9912
8.7458	2.9429	4.6267	2.3173	-0.50434	4.9912
8.7458	2.9429	4.6267	2.3173	-0.50434	4.9912
8.7476	2.9414	4.6328	2.3173	-0.50434	4.9912
8.7476	2.9414	4.6328	2.3173	-0.50434	4.9912
8.7476	2.9414	4.6328	2.3173	-0.50434	4.9912
8.7496	2.9397	4.6391	2.3173	-0.50434	4.9912
8.7496	2.9397	4.6391	2.3173	-0.50434	4.9912
8.7514	2.9381	4.6447	2.3173	-0.50434	4.9912
8.7514	2.9381	4.6447	2.3173	-0.50434	4.9912
8.7514	2.9381	4.6447	2.3173	-0.50434	4.9912
8.7531	2.9366	4.651	2.3173	-0.50434	4.9912
8.7531	2.9366	4.651	2.3173	-0.50434	4.9912
8.7546	2.9352	4.6573	2.3173	-0.50434	4.9912
8.7546	2.9352	4.6573	2.3173	-0.50434	4.9912
8.7546	2.9352	4.6573	2.3173	-0.50434	4.9912
8.7561	2.934	4.6636	2.3173	-0.50434	4.9912
8.7561	2.934	4.6636	2.3173	-0.50434	4.9912
8.7574	2.9327	4.6699	2.3173	-0.50434	4.9912
8.7574	2.9327	4.6699	2.3173	-0.50434	4.9912
8.7574	2.9327	4.6699	2.3173	-0.50434	4.9912
8.7587	2.9317	4.6761	2.3173	-0.50433	4.9912
8.7587	2.9317	4.6761	2.3173	-0.50433	4.9912
8.7599	2.9306	4.6823	2.3173	-0.50433	4.9912
8.7599	2.9306	4.6823	2.3173	-0.50433	4.9912
8.7599	2.9306	4.6823	2.3173	-0.50433	4.9912
8.761	2.9294	4.688	2.3173	-0.50433	4.9912
8.761	2.9294	4.688	2.3173	-0.50433	4.9912
8.762	2.9285	4.6943	2.3173	-0.50433	4.9912
8.762	2.9285	4.6943	2.3173	-0.50433	4.9912
8.762	2.9285	4.6943	2.3173	-0.50433	4.9912
8.7631	2.9277	4.7007	2.3173	-0.50433	4.9912
8.7631	2.9277	4.7007	2.3173	-0.50433	4.9912
8.7641	2.9269	4.7073	2.3173	-0.50433	4.9912
8.7641	2.9269	4.7073	2.3173	-0.50433	4.9912
8.7641	2.9269	4.7073	2.3173	-0.50433	4.9912
8.765	2.926	4.713	2.3173	-0.50433	4.9912
8.765	2.926	4.713	2.3173	-0.50433	4.9912
8.7658	2.9252	4.7195	2.3173	-0.50433	4.9912
8.7658	2.9252	4.7195	2.3173	-0.50433	4.9912
8.7658	2.9252	4.7195	2.3173	-0.50433	4.9912
8.7666	2.9246	4.7259	2.3173	-0.50433	4.9912
8.7666	2.9246	4.7259	2.3173	-0.50433	4.9912
8.7674	2.9238	4.7324	2.3173	-0.50433	4.9912
8.7674	2.9238	4.7324	2.3173	-0.50433	4.9912
8.7674	2.9238	4.7324	2.3173	-0.50433	4.9912
8.7681	2.9232	4.7386	2.3173	-0.50433	4.9912
8.7681	2.9232	4.7386	2.3173	-0.50433	4.9912
8.7687	2.9227	4.7451	2.3173	-0.50433	4.9912
8.7687	2.9227	4.7451	2.3173	-0.50433	4.9912
8.7687	2.9227	4.7451	2.3173	-0.50433	4.9912
8.7692	2.9222	4.7508	2.3173	-0.50432	4.9912
8.7692	2.9222	4.7508	2.3173	-0.50432	4.9912
8.7698	2.9217	4.7572	2.3173	-0.50432	4.9912
8.7698	2.9217	4.7572	2.3173	-0.50432	4.9912
8.7698	2.9217	4.7572	2.3173	-0.50432	4.9912
8.7704	2.9213	4.7636	2.3173	-0.50432	4.9912
8.7704	2.9213	4.7636	2.3173	-0.50432	4.9912
8.7709	2.9209	4.7699	2.3173	-0.50432	4.9912
8.7709	2.9209	4.7699	2.3173	-0.50432	4.9912
8.7709	2.9209	4.7699	2.3173	-0.50432	4.9912
8.7714	2.9204	4.7761	2.3173	-0.50432	4.9912
8.7714	2.9204	4.7761	2.3173	-0.50432	4.9912
8.7719	2.92	4.7826	2.3173	-0.50432	4.9912
8.7719	2.92	4.7826	2.3173	-0.50432	4.9912
8.7719	2.92	4.7826	2.3173	-0.50432	4.9912
8.7723	2.9197	4.7889	2.3173	-0.50432	4.9912
8.7723	2.9197	4.7889	2.3173	-0.50432	4.9912
8.7728	2.9194	4.7949	2.3173	-0.50431	4.9912
8.7728	2.9194	4.7949	2.3173	-0.50431	4.9912
8.7728	2.9194	4.7949	2.3173	-0.50431	4.9912
8.7731	2.9191	4.8014	2.3173	-0.50431	4.9912
8.7731	2.9191	4.8014	2.3173	-0.50431	4.9912
8.7735	2.9188	4.8077	2.3173	-0.50431	4.9912
8.7735	2.9188	4.8077	2.3173	-0.50431	4.9912
8.7735	2.9188	4.8077	2.3173	-0.50431	4.9912
8.7739	2.9186	4.8142	2.3173	-0.50431	4.9912
8.7739	2.9186	4.8142	2.3173	-0.50431	4.9912
8.7743	2.9183	4.8199	2.3173	-0.5043	4.9912
8.7743	2.9183	4.8199	2.3173	-0.5043	4.9912
8.7743	2.9183	4.8199	2.3173	-0.5043	4.9912
8.7745	2.918	4.8262	2.3173	-0.5043	4.9912
8.7745	2.918	4.8262	2.3173	-0.5043	4.9912
8.7748	2.9178	4.8329	2.3173	-0.5043	4.9912
8.7748	2.9178	4.8329	2.3173	-0.5043	4.9912
8.7748	2.9178	4.8329	2.3173	-0.5043	4.9912
8.775	2.9176	4.8387	2.3173	-0.5043	4.9912
8.775	2.9176	4.8387	2.3173	-0.5043	4.9912
8.7752	2.9174	4.8453	2.3173	-0.50429	4.9912
8.7752	2.9174	4.8453	2.3173	-0.50429	4.9912
8.7752	2.9174	4.8453	2.3173	-0.50429	4.9912
8.7754	2.9172	4.8513	2.3173	-0.50429	4.9912
8.7754	2.9172	4.8513	2.3173	-0.50429	4.9912
8.7757	2.917	4.8578	2.3173	-0.50429	4.9912
8.7757	2.917	4.8578	2.3173	-0.50429	4.9912
8.7757	2.917	4.8578	2.3173	-0.50429	4.9912
8.776	2.9169	4.8639	2.3173	-0.50429	4.9912
8.776	2.9169	4.8639	2.3173	-0.50429	4.9912
8.7761	2.9166	4.8698	2.3173	-0.50429	4.9912
8.7761	2.9166	4.8698	2.3173	-0.50429	4.9912
8.7761	2.9166	4.8698	2.3173	-0.50429	4.9912
8.7763	2.9164	4.8764	2.3173	-0.50429	4.9912
8.7763	2.9164	4.8764	2.3173	-0.50429	4.9912
8.7765	2.9163	4.8828	2.3173	-0.50428	4.9912
8.7765	2.9163	4.8828	2.3173	-0.50428	4.9912
8.7765	2.9163	4.8828	2.3173	-0.50428	4.9912
8.7767	2.9162	4.8887	2.3173	-0.50428	4.9912
8.7767	2.9162	4.8887	2.3173	-0.50428	4.9912
8.7767	2.916	4.8954	2.3173	-0.50427	4.9912
8.7767	2.916	4.8954	2.3173	-0.50427	4.9912
8.7767	2.916	4.8954	2.3173	-0.50427	4.9912
8.7768	2.9158	4.9018	2.3173	-0.50427	4.9912
8.7768	2.9158	4.9018	2.3173	-0.50427	4.9912
8.7768	2.9157	4.9076	2.3173	-0.50426	4.9912
8.7768	2.9157	4.9076	2.3173	-0.50426	4.9912
8.7768	2.9157	4.9076	2.3173	-0.50426	4.9912
8.7768	2.9156	4.9139	2.3173	-0.50425	4.9912
8.7768	2.9156	4.9139	2.3173	-0.50425	4.9912
8.7768	2.9155	4.9205	2.3173	-0.50425	4.9912
8.7768	2.9155	4.9205	2.3173	-0.50425	4.9912
8.7768	2.9155	4.9205	2.3173	-0.50425	4.9912
8.7768	2.9155	4.9269	2.3173	-0.50424	4.9912
8.7768	2.9155	4.9269	2.3173	-0.50424	4.9912
8.7769	2.9154	4.9328	2.3173	-0.50424	4.9912
8.7769	2.9154	4.9328	2.3173	-0.50424	4.9912
8.7769	2.9154	4.9328	2.3173	-0.50424	4.9912
8.7769	2.9154	4.9393	2.3173	-0.50423	4.9912
8.7769	2.9154	4.9393	2.3173	-0.50423	4.9912
8.7769	2.9154	4.9453	2.3173	-0.50423	4.9912
8.7769	2.9154	4.9453	2.3173	-0.50423	4.9912
8.7769	2.9154	4.9453	2.3173	-0.50423	4.9912
8.7769	2.9154	4.9515	2.3173	-0.50423	4.9912
8.7769	2.9154	4.9515	2.3173	-0.50423	4.9912
8.7769	2.9153	4.9579	2.3173	-0.50422	4.9912
8.7769	2.9153	4.9579	2.3173	-0.50422	4.9912
8.7769	2.9153	4.9579	2.3173	-0.50422	4.9912
8.7769	2.9153	4.9643	2.3173	-0.50422	4.9912
8.7769	2.9153	4.9643	2.3173	-0.50422	4.9912
8.7769	2.9153	4.9701	2.3173	-0.50422	4.9912
8.7769	2.9153	4.9701	2.3173	-0.50422	4.9912
8.7769	2.9153	4.9701	2.3173	-0.50422	4.9912
8.7769	2.9153	4.9766	2.3173	-0.50421	4.9912
8.7769	2.9153	4.9766	2.3173	-0.50421	4.9912
8.777	2.9153	4.9825	2.3173	-0.5042	4.9912
8.777	2.9153	4.9825	2.3173	-0.5042	4.9912
8.777	2.9153	4.9825	2.3173	-0.5042	4.9912
8.777	2.9153	4.9891	2.3173	-0.50419	4.9912
8.777	2.9153	4.9891	2.3173	-0.50419	4.9912
8.777	2.9154	4.9957	2.3173	-0.50418	4.9912
8.777	2.9154	4.9957	2.3173	-0.50418	4.9912
8.777	2.9154	4.9957	2.3173	-0.50418	4.9912
8.7771	2.9153	5.0015	2.3173	-0.50415	4.9912
8.7771	2.9153	5.0015	2.3173	-0.50415	4.9912
8.7771	2.9153	5.0079	2.3173	-0.50412	4.9912
8.7771	2.9153	5.0079	2.3173	-0.50412	4.9912
8.7771	2.9153	5.0079	2.3173	-0.50412	4.9912
8.7771	2.9153	5.0145	2.3173	-0.5041	4.9912
8.7771	2.9153	5.0145	2.3173	-0.5041	4.9912
8.7771	2.9154	5.0202	2.3173	-0.50406	4.9912
8.7771	2.9154	5.0202	2.3173	-0.50406	4.9912
8.7771	2.9154	5.0202	2.3173	-0.50406	4.9912
8.7771	2.9154	5.0268	2.3173	-0.50395	4.9912
8.7771	2.9154	5.0268	2.3173	-0.50395	4.9912
8.7771	2.9154	5.0328	2.3173	-0.50383	4.9912
8.7771	2.9154	5.0328	2.3173	-0.50383	4.9912
8.7771	2.9154	5.0328	2.3173	-0.50383	4.9912
8.7771	2.9154	5.0392	2.3173	-0.5037	4.9912
8.7771	2.9154	5.0392	2.3173	-0.5037	4.9912
8.7771	2.9154	5.045	2.3173	-0.50348	4.9912
8.7771	2.9154	5.045	2.3173	-0.50348	4.9912
8.7771	2.9154	5.045	2.3173	-0.50348	4.9912
8.7771	2.9154	5.0513	2.3173	-0.50306	4.9912
8.7771	2.9154	5.0513	2.3173	-0.50306	4.9912
8.7771	2.9154	5.0579	2.3173	-0.50252	4.9912
8.7771	2.9154	5.0579	2.3173	-0.50252	4.9912
8.7771	2.9154	5.0579	2.3173	-0.50252	4.9912
8.7771	2.9154	5.0637	2.3173	-0.50182	4.9912
8.7771	2.9154	5.0701	2.3173	-0.50093	4.9912
8.7771	2.9154	5.0701	2.3173	-0.50093	4.9912
8.7771	2.9154	5.0766	2.3173	-0.49973	4.9912
8.7771	2.9154	5.0766	2.3173	-0.49973	4.9912
8.777	2.9154	5.0832	2.3173	-0.49973	4.9912
8.777	2.9154	5.0832	2.3173	-0.49825	4.9912
8.777	2.9154	5.0832	2.3173	-0.49825	4.9912
8.7769	2.9155	5.089	2.3173	-0.49637	4.9912
8.7769	2.9155	5.089	2.3173	-0.49637	4.9912
8.7767	2.9155	5.0953	2.3173	-0.49637	4.9912
8.7767	2.9155	5.0953	2.3173	-0.49418	4.9912
8.7767	2.9155	5.0953	2.3173	-0.49418	4.9912
8.7764	2.9155	5.1017	2.3173	-0.49178	4.9912
8.7764	2.9155	5.1017	2.3173	-0.49178	4.9912
8.7761	2.9156	5.1076	2.3173	-0.49178	4.9912
8.7761	2.9156	5.1076	2.3173	-0.48927	4.9912
8.7761	2.9156	5.1076	2.3173	-0.48927	4.9912
8.7757	2.9157	5.1141	2.3173	-0.48616	4.9912
8.7757	2.9157	5.1141	2.3173	-0.48616	4.9912
8.7752	2.9157	5.1204	2.3173	-0.48616	4.9912
8.7752	2.9157	5.1204	2.3173	-0.48312	4.9912
8.7752	2.9157	5.1204	2.3173	-0.48312	4.9912
8.7746	2.9157	5.1264	2.3173	-0.47998	4.9912
8.7746	2.9157	5.1264	2.3173	-0.47998	4.9912
8.7739	2.9158	5.1327	2.3173	-0.47998	4.9912
8.7739	2.9158	5.1327	2.3173	-0.47655	4.9912
8.7739	2.9158	5.1327	2.3173	-0.47655	4.9912
8.7731	2.9159	5.139	2.3173	-0.47294	4.9912
8.7731	2.9159	5.139	2.3173	-0.47294	4.9912
8.7722	2.9159	5.1455	2.3173	-0.47294	4.9912
8.7722	2.9159	5.1455	2.3173	-0.46885	4.9912
8.7722	2.9159	5.1455	2.3173	-0.46885	4.9912
8.7712	2.916	5.1512	2.3173	-0.46471	4.9912
8.7712	2.916	5.1512	2.3173	-0.46471	4.9912
8.7701	2.9161	5.1576	2.3173	-0.46471	4.9912
8.7701	2.9161	5.1576	2.3173	-0.4605	4.9912
8.7701	2.9161	5.1576	2.3173	-0.4605	4.9912
8.769	2.9163	5.1634	2.3173	-0.45573	4.9912
8.769	2.9163	5.1634	2.3173	-0.45573	4.9912
8.7676	2.9164	5.1699	2.3173	-0.45573	4.9912
8.7676	2.9164	5.1699	2.3173	-0.45122	4.9912
8.7676	2.9164	5.1699	2.3173	-0.45122	4.9912
8.7662	2.9167	5.1765	2.3173	-0.44646	4.9912
8.7662	2.9167	5.1765	2.3173	-0.44646	4.9912
8.7644	2.9171	5.1822	2.3173	-0.44646	4.9912
8.7644	2.9171	5.1822	2.3173	-0.44106	4.9912
8.7644	2.9171	5.1822	2.3173	-0.44106	4.9912
8.7626	2.9174	5.1885	2.3173	-0.43584	4.9912
8.7626	2.9174	5.1885	2.3173	-0.43584	4.9912
8.7608	2.9179	5.1949	2.3173	-0.43584	4.9912
8.7608	2.9179	5.1949	2.3173	-0.43012	4.9912
8.7608	2.9179	5.1949	2.3173	-0.43012	4.9912
8.7585	2.9186	5.2012	2.3173	-0.42437	4.9912
8.7585	2.9186	5.2012	2.3173	-0.42437	4.9912
8.7561	2.9192	5.2074	2.3173	-0.42437	4.9912
8.7561	2.9192	5.2074	2.3173	-0.41885	4.9912
8.7561	2.9192	5.2074	2.3173	-0.41885	4.9912
8.7535	2.9198	5.2132	2.3173	-0.4129	4.9912
8.7535	2.9198	5.2132	2.3173	-0.4129	4.9912
8.7506	2.9206	5.2198	2.3173	-0.4129	4.9912
8.7506	2.9206	5.2198	2.3173	-0.40622	4.9912
8.7506	2.9206	5.2198	2.3173	-0.40622	4.9912
8.748	2.9214	5.226	2.3173	-0.40038	4.9912
8.748	2.9214	5.226	2.3173	-0.40038	4.9912
8.745	2.9223	5.2315	2.3173	-0.40038	4.9912
8.745	2.9223	5.2315	2.3173	-0.39406	4.9912
8.745	2.9223	5.2315	2.3173	-0.39406	4.9912
8.742	2.9232	5.2375	2.3173	-0.38766	4.9912
8.742	2.9232	5.2375	2.3173	-0.38766	4.9912
8.7388	2.9242	5.2434	2.3173	-0.38766	4.9912
8.7388	2.9242	5.2434	2.3173	-0.38154	4.9912
8.7388	2.9242	5.2434	2.3173	-0.38154	4.9912
8.7355	2.9253	5.2489	2.3173	-0.37562	4.9912
8.7355	2.9253	5.2489	2.3173	-0.37562	4.9912
8.7323	2.9266	5.254	2.3173	-0.37562	4.9912
8.7323	2.9266	5.254	2.3173	-0.36889	4.9912
8.7323	2.9266	5.254	2.3173	-0.36889	4.9912
8.7287	2.9279	5.2595	2.3173	-0.36257	4.9912
8.7287	2.9279	5.2595	2.3173	-0.36257	4.9912
8.725	2.9293	5.2649	2.3173	-0.36257	4.9912
8.725	2.9293	5.2649	2.3173	-0.35659	4.9912
8.725	2.9293	5.2649	2.3173	-0.35659	4.9912
8.7215	2.9308	5.2694	2.3173	-0.34997	4.9912
8.7215	2.9308	5.2694	2.3173	-0.34997	4.9912
8.7176	2.9324	5.2743	2.3173	-0.34997	4.9912
8.7176	2.9324	5.2743	2.3173	-0.34347	4.9912
8.7176	2.9324	5.2743	2.3173	-0.34347	4.9912
8.7137	2.9339	5.2791	2.3173	-0.33734	4.9912
8.7137	2.9339	5.2791	2.3173	-0.33734	4.9912
8.7098	2.9358	5.2832	2.3173	-0.33734	4.9912
8.7098	2.9358	5.2832	2.3173	-0.33091	4.9912
8.7098	2.9358	5.2832	2.3173	-0.33091	4.9912
8.7055	2.9375	5.2876	2.3173	-0.32464	4.9912
8.7055	2.9375	5.2876	2.3173	-0.32464	4.9912
8.701	2.9396	5.2919	2.3173	-0.32464	4.9912
8.701	2.9396	5.2919	2.3173	-0.31868	4.9912
8.701	2.9396	5.2919	2.3173	-0.31868	4.9912
8.6969	2.9417	5.2961	2.3173	-0.31169	4.9912
8.6969	2.9417	5.2961	2.3173	-0.31169	4.9912
8.6923	2.9439	5.2998	2.3173	-0.31169	4.9912
8.6923	2.9439	5.2998	2.3173	-0.30528	4.9912
8.6923	2.9439	5.2998	2.3173	-0.30528	4.9912
8.688	2.946	5.3038	2.3173	-0.29908	4.9912
8.688	2.946	5.3038	2.3173	-0.29908	4.9912
8.683	2.9486	5.3077	2.3173	-0.29908	4.9912
8.683	2.9486	5.3077	2.3172	-0.29293	4.9912
8.683	2.9486	5.3077	2.3172	-0.29293	4.9912
8.678	2.9511	5.3115	2.3172	-0.28654	4.9912
8.678	2.9511	5.3115	2.3172	-0.28654	4.9912
8.6734	2.9539	5.3147	2.3172	-0.28654	4.9912
8.6734	2.9539	5.3147	2.3171	-0.28076	4.9912
8.6734	2.9539	5.3147	2.3171	-0.28076	4.9912
8.6684	2.9566	5.3185	2.3168	-0.27457	4.9912
8.6684	2.9566	5.3185	2.3168	-0.27457	4.9912
8.6636	2.9593	5.322	2.3168	-0.27457	4.9912
8.6636	2.9593	5.322	2.3163	-0.26887	4.9912
8.6636	2.9593	5.322	2.3163	-0.26887	4.9912
8.6583	2.9623	5.3254	2.3157	-0.2627	4.9912
8.6583	2.9623	5.3254	2.3157	-0.2627	4.9912
8.6532	2.9655	5.3288	2.3157	-0.2627	4.9912
8.6532	2.9655	5.3288	2.3149	-0.25718	4.9912
8.6532	2.9655	5.3288	2.3149	-0.25718	4.9912
8.6478	2.9685	5.3319	2.314	-0.25126	4.9912
8.6478	2.9685	5.3319	2.314	-0.25126	4.9912
8.6432	2.9718	5.3352	2.314	-0.25126	4.9912
8.6432	2.9718	5.3352	2.3128	-0.24567	4.9912
8.6432	2.9718	5.3352	2.3128	-0.24567	4.9912
8.6379	2.9752	5.3385	2.3114	-0.24059	4.9912
8.6379	2.9752	5.3385	2.3114	-0.24059	4.9912
8.6325	2.9784	5.3415	2.3114	-0.24059	4.9912
8.6325	2.9784	5.3415	2.3101	-0.23498	4.9912
8.6325	2.9784	5.3415	2.3101	-0.23498	4.9912
8.6276	2.9819	5.3449	2.3085	-0.2301	4.9912
8.6276	2.9819	5.3449	2.3085	-0.2301	4.9912
8.6222	2.9853	5.3481	2.3085	-0.2301	4.9912
8.6222	2.9853	5.3481	2.3071	-0.22507	4.9912
8.6222	2.9853	5.3481	2.3071	-0.22507	4.9912
8.6168	2.9889	5.351	2.3059	-0.22069	4.9912
8.6168	2.9889	5.351	2.3059	-0.22069	4.9912
8.6121	2.9924	5.3543	2.3059	-0.22069	4.9912
8.6121	2.9924	5.3543	2.3045	-0.21622	4.9912
8.6121	2.9924	5.3543	2.3045	-0.21622	4.9912
8.6066	2.996	5.3577	2.303	-0.21141	4.9912
8.6066	2.996	5.3577	2.303	-0.21141	4.9912
8.6015	2.9999	5.3606	2.303	-0.21141	4.9912
8.6015	2.9999	5.3606	2.3014	-0.20699	4.9912
8.6015	2.9999	5.3606	2.3014	-0.20699	4.9912
8.5962	3.0035	5.3638	2.2997	-0.20262	4.9912
8.5962	3.0035	5.3638	2.2997	-0.20262	4.9912
8.5914	3.0071	5.3671	2.2997	-0.20262	4.9912
8.5914	3.0071	5.3671	2.2981	-0.19809	4.9912
8.5914	3.0071	5.3671	2.2981	-0.19809	4.9912
8.586	3.0107	5.3703	2.2963	-0.19407	4.9912
8.586	3.0107	5.3703	2.2963	-0.19407	4.9912
8.5811	3.0144	5.373	2.2963	-0.19407	4.9912
8.5811	3.0144	5.373	2.2945	-0.18985	4.9912
8.5811	3.0144	5.373	2.2945	-0.18985	4.9912
8.5754	3.0177	5.3762	2.2926	-0.18604	4.9912
8.5754	3.0177	5.3762	2.2926	-0.18604	4.9912
8.5698	3.0214	5.3792	2.2926	-0.18604	4.9912
8.5698	3.0214	5.3792	2.2909	-0.18173	4.9912
8.5698	3.0214	5.3792	2.2909	-0.18173	4.9912
8.5645	3.0251	5.3823	2.2887	-0.17774	4.9912
8.5645	3.0251	5.3823	2.2887	-0.17774	4.9912
8.559	3.0286	5.3851	2.2887	-0.17774	4.9912
8.559	3.0286	5.3851	2.2862	-0.17395	4.9912
8.559	3.0286	5.3851	2.2862	-0.17395	4.9912
8.5531	3.0317	5.3882	2.2839	-0.17037	4.9912
8.5531	3.0317	5.3882	2.2839	-0.17037	4.9912
8.5477	3.0351	5.3911	2.2839	-0.17037	4.9912
8.5477	3.0351	5.3911	2.2814	-0.16644	4.9912
8.5477	3.0351	5.3911	2.2814	-0.16644	4.9912
8.5419	3.0388	5.3937	2.2792	-0.16319	4.9912
8.5419	3.0388	5.3937	2.2792	-0.16319	4.9912
8.5362	3.042	5.3966	2.2792	-0.16319	4.9912
8.5362	3.042	5.3966	2.277	-0.15938	4.9912
8.5362	3.042	5.3966	2.277	-0.15938	4.9912
8.5301	3.0454	5.399	2.2749	-0.15623	4.9912
8.5301	3.0454	5.399	2.2749	-0.15623	4.9912
8.5246	3.0484	5.4016	2.2749	-0.15623	4.9912
8.5246	3.0484	5.4016	2.2732	-0.15266	4.9912
8.5246	3.0484	5.4016	2.2732	-0.15266	4.9912
8.5184	3.0519	5.4041	2.2711	-0.14941	4.9912
8.5184	3.0519	5.4041	2.2711	-0.14941	4.9912
8.512	3.0548	5.4065	2.2711	-0.14941	4.9912
8.512	3.0548	5.4065	2.2691	-0.14588	4.9912
8.512	3.0548	5.4065	2.2691	-0.14588	4.9912
8.5059	3.0582	5.4086	2.267	-0.14284	4.9912
8.5059	3.0582	5.4086	2.267	-0.14284	4.9912
8.4996	3.0612	5.4105	2.267	-0.14284	4.9912
8.4996	3.0612	5.4105	2.2652	-0.13949	4.9912
8.4996	3.0612	5.4105	2.2652	-0.13949	4.9912
8.494	3.0644	5.4125	2.2633	-0.13638	4.9912
8.494	3.0644	5.4125	2.2633	-0.13638	4.9912
8.4876	3.0676	5.4143	2.2633	-0.13638	4.9912
8.4876	3.0676	5.4143	2.2615	-0.13344	4.9912
8.4876	3.0676	5.4143	2.2615	-0.13344	4.9912
8.4813	3.0703	5.4162	2.2594	-0.13	4.9912
8.4813	3.0703	5.4162	2.2594	-0.13	4.9912
8.475	3.0733	5.4177	2.2594	-0.13	4.9912
8.475	3.0733	5.4177	2.2572	-0.12658	4.9912
8.475	3.0733	5.4177	2.2572	-0.12658	4.9912
8.4691	3.0761	5.4193	2.2552	-0.12326	4.9912
8.4691	3.0761	5.4193	2.2552	-0.12326	4.9912
8.4627	3.0791	5.4209	2.2552	-0.12326	4.9912
8.4627	3.0791	5.4209	2.2528	-0.11938	4.9912
8.4627	3.0791	5.4209	2.2528	-0.11938	4.9912
8.4563	3.082	5.4224	2.2502	-0.11598	4.9912
8.4563	3.082	5.4224	2.2502	-0.11598	4.9912
8.4499	3.0849	5.4238	2.2502	-0.11598	4.9912
8.4499	3.0849	5.4238	2.248	-0.11214	4.9912
8.4499	3.0849	5.4238	2.248	-0.11214	4.9912
8.4435	3.0874	5.4251	2.2454	-0.10827	4.9912
8.4435	3.0874	5.4251	2.2454	-0.10827	4.9912
8.4378	3.09	5.4265	2.2454	-0.10827	4.9912
8.4378	3.09	5.4265	2.243	-0.1045	4.9912
8.4378	3.09	5.4265	2.243	-0.1045	4.9912
8.4315	3.0925	5.4277	2.2403	-0.10051	4.9912
8.4315	3.0925	5.4277	2.2403	-0.10051	4.9912
8.4249	3.0948	5.4289	2.2403	-0.10051	4.9912
8.4249	3.0948	5.4289	2.2377	-0.095971	4.9912
8.4249	3.0948	5.4289	2.2377	-0.095971	4.9912
8.4185	3.0973	5.4298	2.2349	-0.091732	4.9912
8.4185	3.0973	5.4298	2.2349	-0.091732	4.9912
8.4121	3.0999	5.4309	2.2349	-0.091732	4.9912
8.4121	3.0999	5.4309	2.2322	-0.087133	4.9912
8.4121	3.0999	5.4309	2.2322	-0.087133	4.9912
8.4059	3.1021	5.4318	2.229	-0.082757	4.9912
8.4059	3.1021	5.4318	2.229	-0.082757	4.9912
8.4	3.1044	5.4326	2.229	-0.082757	4.9912
8.4	3.1044	5.4326	2.2259	-0.078054	4.9912
8.4	3.1044	5.4326	2.2259	-0.078054	4.9912
8.3936	3.1068	5.4334	2.2224	-0.073539	4.9912
8.3936	3.1068	5.4334	2.2224	-0.073539	4.9912
8.387	3.1089	5.4342	2.2224	-0.073539	4.9912
8.387	3.1089	5.4342	2.2191	-0.069137	4.9912
8.387	3.1089	5.4342	2.2191	-0.069137	4.9912
8.3806	3.1109	5.435	2.2157	-0.064307	4.9912
8.3806	3.1109	5.435	2.2157	-0.064307	4.9912
8.3748	3.1129	5.4356	2.2157	-0.064307	4.9912
8.3748	3.1129	5.4356	2.2119	-0.05979	4.9912
8.3748	3.1129	5.4356	2.2119	-0.05979	4.9912
8.3682	3.115	5.4363	2.2079	-0.055248	4.9912
8.3682	3.115	5.4363	2.2079	-0.055248	4.9912
8.3619	3.1168	5.4369	2.2079	-0.055248	4.9912
8.3619	3.1168	5.4369	2.2042	-0.050451	4.9912
8.3619	3.1168	5.4369	2.2042	-0.050451	4.9912
8.3556	3.1189	5.4375	2.2	-0.045951	4.9912
8.3556	3.1189	5.4375	2.2	-0.045951	4.9912
8.3491	3.1208	5.438	2.2	-0.045951	4.9912
8.3491	3.1208	5.438	2.196	-0.041571	4.9912
8.3491	3.1208	5.438	2.196	-0.041571	4.9912
8.3427	3.1225	5.4385	2.1914	-0.037123	4.9912
8.3427	3.1225	5.4385	2.1914	-0.037123	4.9912
8.3369	3.1244	5.439	2.1914	-0.037123	4.9912
8.3369	3.1244	5.439	2.1867	-0.032584	4.9912
8.3369	3.1244	5.439	2.1867	-0.032584	4.9912
8.3305	3.1262	5.4395	2.1821	-0.027673	4.9912
8.3305	3.1262	5.4395	2.1821	-0.027673	4.9912
8.324	3.1279	5.4399	2.1821	-0.027673	4.9912
8.324	3.1279	5.4399	2.1771	-0.023515	4.9912
8.324	3.1279	5.4399	2.1771	-0.023515	4.9912
8.3177	3.1295	5.4404	2.1726	-0.019194	4.9912
8.3177	3.1295	5.4404	2.1726	-0.019194	4.9912
8.3119	3.1311	5.4407	2.1726	-0.019194	4.9912
8.3119	3.1311	5.4407	2.1674	-0.014473	4.9912
8.3119	3.1311	5.4407	2.1674	-0.014473	4.9912
8.3056	3.1328	5.4411	2.1628	-0.01014	4.9912
8.3056	3.1328	5.4411	2.1628	-0.01014	4.9912
8.2993	3.1346	5.4414	2.1628	-0.01014	4.9912
8.2993	3.1346	5.4414	2.158	-0.0059377	4.9912
8.2993	3.1346	5.4414	2.158	-0.0059377	4.9912
8.2929	3.1361	5.4418	2.1534	-0.0013388	4.9912
8.2929	3.1361	5.4418	2.1534	-0.0013388	4.9912
8.2865	3.1379	5.4421	2.1534	-0.0013388	4.9912
8.2865	3.1379	5.4421	2.1486	0.003027	4.9912
8.2865	3.1379	5.4421	2.1486	0.003027	4.9912
8.2802	3.1395	5.4424	2.1442	0.0070432	4.9912
8.2802	3.1395	5.4424	2.1442	0.0070432	4.9912
8.2743	3.1411	5.4427	2.1442	0.0070432	4.9912
8.2743	3.1411	5.4427	2.1393	0.011245	4.9912
8.2743	3.1411	5.4427	2.1393	0.011245	4.9912
8.2681	3.1427	5.4429	2.1345	0.015066	4.9912
8.2681	3.1427	5.4429	2.1345	0.015066	4.9912
8.2615	3.1444	5.443	2.1345	0.015066	4.9912
8.2615	3.1444	5.443	2.1303	0.019047	4.9912
8.2615	3.1444	5.443	2.1303	0.019047	4.9912
8.2552	3.146	5.4432	2.1257	0.02292	4.9912
8.2552	3.146	5.4432	2.1257	0.02292	4.9912
8.2489	3.1476	5.4434	2.1257	0.02292	4.9912
8.2489	3.1476	5.4434	2.1216	0.026648	4.9912
8.2489	3.1476	5.4434	2.1216	0.026648	4.9912
8.243	3.1493	5.4435	2.1172	0.030578	4.9912
8.243	3.1493	5.4435	2.1172	0.030578	4.9912
8.2366	3.1511	5.4436	2.1172	0.030578	4.9912
8.2366	3.1511	5.4436	2.1129	0.034321	4.9912
8.2366	3.1511	5.4436	2.1129	0.034321	4.9912
8.2302	3.1529	5.4436	2.1083	0.037653	4.9912
8.2302	3.1529	5.4436	2.1083	0.037653	4.9912
8.2239	3.1545	5.4436	2.1083	0.037653	4.9912
8.2239	3.1545	5.4436	2.104	0.04137	4.9912
8.2239	3.1545	5.4436	2.104	0.04137	4.9912
8.2181	3.1563	5.4436	2.1003	0.044843	4.9912
8.2181	3.1563	5.4436	2.1003	0.044843	4.9912
8.2117	3.1582	5.4436	2.1003	0.044843	4.9912
8.2117	3.1582	5.4436	2.0962	0.048435	4.9912
8.2117	3.1582	5.4436	2.0962	0.048435	4.9912
8.2052	3.1598	5.4435	2.0926	0.051715	4.9912
8.2052	3.1598	5.4435	2.0926	0.051715	4.9912
8.1987	3.1616	5.4434	2.0926	0.051715	4.9912
8.1987	3.1616	5.4434	2.0887	0.054812	4.9912
8.1987	3.1616	5.4434	2.0887	0.054812	4.9912
8.1923	3.1636	5.4431	2.0846	0.057829	4.9912
8.1923	3.1636	5.4431	2.0846	0.057829	4.9912
8.1858	3.1655	5.4426	2.0846	0.057829	4.9912
8.1858	3.1655	5.4426	2.0809	0.060707	4.9912
8.1858	3.1655	5.4426	2.0809	0.060707	4.9912
8.18	3.1673	5.442	2.077	0.06361	4.9912
8.18	3.1673	5.442	2.077	0.06361	4.9912
8.1736	3.1694	5.4413	2.077	0.06361	4.9912
8.1736	3.1694	5.4413	2.0737	0.066218	4.9912
8.1736	3.1694	5.4413	2.0737	0.066218	4.9912
8.1672	3.1712	5.4402	2.0704	0.069158	4.9912
8.1672	3.1712	5.4402	2.0704	0.069158	4.9912
8.1609	3.1734	5.439	2.0704	0.069158	4.9912
8.1609	3.1734	5.439	2.0667	0.071474	4.9912
8.1609	3.1734	5.439	2.0667	0.071474	4.9912
8.155	3.1753	5.4377	2.0632	0.073963	4.9912
8.155	3.1753	5.4377	2.0632	0.073963	4.9912
8.1486	3.1774	5.4364	2.0632	0.073963	4.9912
8.1486	3.1774	5.4364	2.0596	0.07614	4.9912
8.1486	3.1774	5.4364	2.0596	0.07614	4.9912
8.1421	3.1796	5.4347	2.0562	0.078282	4.9912
8.1421	3.1796	5.4347	2.0562	0.078282	4.9912
8.1363	3.1816	5.4328	2.0562	0.078282	4.9912
8.1363	3.1816	5.4328	2.0528	0.080379	4.9912
8.1363	3.1816	5.4328	2.0528	0.080379	4.9912
8.1298	3.1837	5.4308	2.0497	0.082254	4.9912
8.1298	3.1837	5.4308	2.0497	0.082254	4.9912
8.1234	3.186	5.4285	2.0497	0.082254	4.9912
8.1234	3.186	5.4285	2.0466	0.084153	4.9912
8.1234	3.186	5.4285	2.0466	0.084153	4.9912
8.1177	3.1882	5.4262	2.0436	0.08598	4.9912
8.1177	3.1882	5.4262	2.0436	0.08598	4.9912
8.1113	3.1905	5.4239	2.0436	0.08598	4.9912
8.1113	3.1905	5.4239	2.0408	0.087591	4.9912
8.1113	3.1905	5.4239	2.0408	0.087591	4.9912
8.1049	3.1928	5.4211	2.0379	0.089037	4.9912
8.1049	3.1928	5.4211	2.0379	0.089037	4.9912
8.0985	3.1952	5.4184	2.0379	0.089037	4.9912
8.0985	3.1952	5.4184	2.0353	0.09038	4.9912
8.0985	3.1952	5.4184	2.0353	0.09038	4.9912
8.092	3.1977	5.4155	2.0329	0.091726	4.9912
8.092	3.1977	5.4155	2.0329	0.091726	4.9912
8.0864	3.2003	5.4126	2.0329	0.091726	4.9912
8.0864	3.2003	5.4126	2.0302	0.092936	4.9912
8.0864	3.2003	5.4126	2.0302	0.092936	4.9912
8.0799	3.2027	5.4096	2.0276	0.0943	4.9912
8.0799	3.2027	5.4096	2.0276	0.0943	4.9912
8.0733	3.2053	5.4062	2.0276	0.0943	4.9912
8.0733	3.2053	5.4062	2.0249	0.095485	4.9912
8.0733	3.2053	5.4062	2.0249	0.095485	4.9912
8.0676	3.208	5.403	2.0224	0.096516	4.9912
8.0676	3.208	5.403	2.0224	0.096516	4.9912
8.061	3.2105	5.3995	2.0224	0.096516	4.9912
8.061	3.2105	5.3995	2.0202	0.097661	4.9912
8.061	3.2105	5.3995	2.0202	0.097661	4.9912
8.0546	3.2133	5.396	2.0177	0.098685	4.9912
8.0546	3.2133	5.396	2.0177	0.098685	4.9912
8.0487	3.2159	5.392	2.0177	0.098685	4.9912
8.0487	3.2159	5.392	2.0155	0.099687	4.9912
8.0487	3.2159	5.392	2.0155	0.099687	4.9912
8.0425	3.2189	5.3882	2.013	0.10052	4.9912
8.0425	3.2189	5.3882	2.013	0.10052	4.9912
8.036	3.2217	5.3841	2.013	0.10052	4.9912
8.036	3.2217	5.3841	2.0106	0.10135	4.9912
8.036	3.2217	5.3841	2.0106	0.10135	4.9912
8.0297	3.2247	5.3799	2.0085	0.10214	4.9912
8.0297	3.2247	5.3799	2.0085	0.10214	4.9912
8.0238	3.2275	5.376	2.0085	0.10214	4.9912
8.0238	3.2275	5.376	2.0064	0.10298	4.9912
8.0238	3.2275	5.376	2.0064	0.10298	4.9912
8.0173	3.2306	5.3716	2.004	0.10366	4.9912
8.0173	3.2306	5.3716	2.004	0.10366	4.9912
8.0114	3.2335	5.3676	2.004	0.10366	4.9912
8.0114	3.2335	5.3676	2.0015	0.10439	4.9912
8.0114	3.2335	5.3676	2.0015	0.10439	4.9912
8.0049	3.2367	5.363	1.999	0.10501	4.9912
8.0049	3.2367	5.363	1.999	0.10501	4.9912
7.9985	3.2396	5.3584	1.999	0.10501	4.9912
7.9985	3.2396	5.3584	1.9969	0.10556	4.9912
7.9985	3.2396	5.3584	1.9969	0.10556	4.9912
7.9922	3.2428	5.3537	1.9945	0.10618	4.9912
7.9922	3.2428	5.3537	1.9945	0.10618	4.9912
7.9862	3.246	5.3494	1.9945	0.10618	4.9912
7.9862	3.246	5.3494	1.9923	0.10675	4.9912
7.9862	3.246	5.3494	1.9923	0.10675	4.9912
7.9798	3.249	5.3446	1.9905	0.10722	4.9912
7.9798	3.249	5.3446	1.9905	0.10722	4.9912
7.9733	3.2522	5.3402	1.9905	0.10722	4.9912
7.9733	3.2522	5.3402	1.9885	0.10765	4.9912
7.9733	3.2522	5.3402	1.9885	0.10765	4.9912
7.9674	3.2552	5.3349	1.9864	0.10811	4.9912
7.9674	3.2552	5.3349	1.9864	0.10811	4.9912
7.961	3.2581	5.3298	1.9864	0.10811	4.9912
7.961	3.2581	5.3298	1.9843	0.10856	4.9912
7.961	3.2581	5.3298	1.9843	0.10856	4.9912
7.9545	3.2611	5.3249	1.9827	0.10901	4.9912
7.9545	3.2611	5.3249	1.9827	0.10901	4.9912
7.9487	3.2642	5.3201	1.9827	0.10901	4.9912
7.9487	3.2642	5.3201	1.9811	0.10933	4.9912
7.9487	3.2642	5.3201	1.9811	0.10933	4.9912
7.9423	3.2671	5.3143	1.9796	0.10972	4.9912
7.9423	3.2671	5.3143	1.9796	0.10972	4.9912
7.9358	3.2702	5.3093	1.9796	0.10972	4.9912
7.9358	3.2702	5.3093	1.9781	0.11005	4.9912
7.9358	3.2702	5.3093	1.9781	0.11005	4.9912
7.93	3.2729	5.3038	1.9767	0.1103	4.9912
7.93	3.2729	5.3038	1.9767	0.1103	4.9912
7.9236	3.2759	5.2981	1.9767	0.1103	4.9912
7.9236	3.2759	5.2981	1.9752	0.11053	4.9912
7.9236	3.2759	5.2981	1.9752	0.11053	4.9912
7.9177	3.279	5.2924	1.9738	0.11078	4.9912
7.9177	3.279	5.2924	1.9738	0.11078	4.9912
7.9112	3.2815	5.2862	1.9738	0.11078	4.9912
7.9112	3.2815	5.2862	1.9726	0.11101	4.9912
7.9112	3.2815	5.2862	1.9726	0.11101	4.9912
7.9048	3.2844	5.2805	1.9712	0.11123	4.9912
7.9048	3.2844	5.2805	1.9712	0.11123	4.9912
7.8989	3.2872	5.2746	1.9712	0.11123	4.9912
7.8989	3.2872	5.2746	1.97	0.1114	4.9912
7.8989	3.2872	5.2746	1.97	0.1114	4.9912
7.8924	3.2898	5.2686	1.9688	0.11157	4.9912
7.8924	3.2898	5.2686	1.9688	0.11157	4.9912
7.886	3.2925	5.2629	1.9688	0.11157	4.9912
7.886	3.2925	5.2629	1.9679	0.11174	4.9912
7.886	3.2925	5.2629	1.9679	0.11174	4.9912
7.8804	3.2952	5.2569	1.9669	0.11195	4.9912
7.8804	3.2952	5.2569	1.9669	0.11195	4.9912
7.8736	3.2977	5.251	1.9669	0.11195	4.9912
7.8736	3.2977	5.251	1.966	0.11222	4.9912
7.8736	3.2977	5.251	1.966	0.11222	4.9912
7.8679	3.3003	5.2447	1.9651	0.11238	4.9912
7.8679	3.3003	5.2447	1.9651	0.11238	4.9912
7.8612	3.3028	5.2381	1.9651	0.11238	4.9912
7.8612	3.3028	5.2381	1.9645	0.11248	4.9912
7.8612	3.3028	5.2381	1.9645	0.11248	4.9912
7.8554	3.3052	5.2325	1.9638	0.11265	4.9912
7.8554	3.3052	5.2325	1.9638	0.11265	4.9912
7.8488	3.3076	5.2263	1.9638	0.11265	4.9912
7.8488	3.3076	5.2263	1.9632	0.11278	4.9912
7.8488	3.3076	5.2263	1.9632	0.11278	4.9912
7.8425	3.3102	5.2197	1.9626	0.1129	4.9912
7.8425	3.3102	5.2197	1.9626	0.1129	4.9912
7.8366	3.3125	5.2135	1.9626	0.1129	4.9912
7.8366	3.3125	5.2135	1.9619	0.11303	4.9912
7.8366	3.3125	5.2135	1.9619	0.11303	4.9912
7.83	3.315	5.208	1.9611	0.11322	4.9912
7.83	3.315	5.208	1.9611	0.11322	4.9912
7.8239	3.3173	5.2016	1.9611	0.11322	4.9912
7.8239	3.3173	5.2016	1.9605	0.11334	4.9912
7.8239	3.3173	5.2016	1.9605	0.11334	4.9912
7.8174	3.3195	5.195	1.9598	0.11343	4.9912
7.8174	3.3195	5.195	1.9598	0.11343	4.9912
7.8116	3.3216	5.1894	1.9598	0.11343	4.9912
7.8116	3.3216	5.1894	1.9592	0.11355	4.9912
7.8116	3.3216	5.1894	1.9592	0.11355	4.9912
7.8049	3.3236	5.1831	1.9587	0.11364	4.9912
7.8049	3.3236	5.1831	1.9587	0.11364	4.9912
7.7992	3.3257	5.1766	1.9587	0.11364	4.9912
7.7992	3.3257	5.1766	1.9582	0.11368	4.9912
7.7992	3.3257	5.1766	1.9582	0.11368	4.9912
7.793	3.3278	5.17	1.9577	0.1137	4.9912
7.793	3.3278	5.17	1.9577	0.1137	4.9912
7.7867	3.3296	5.1643	1.9577	0.1137	4.9912
7.7867	3.3296	5.1643	1.9572	0.11376	4.9912
7.7867	3.3296	5.1643	1.9572	0.11376	4.9912
7.781	3.3314	5.1579	1.9568	0.11379	4.9912
7.781	3.3314	5.1579	1.9568	0.11379	4.9912
7.7748	3.3334	5.152	1.9568	0.11379	4.9912
7.7748	3.3334	5.152	1.9565	0.11383	4.9912
7.7748	3.3334	5.152	1.9565	0.11383	4.9912
7.7688	3.3351	5.1455	1.9562	0.11388	4.9912
7.7688	3.3351	5.1455	1.9562	0.11388	4.9912
7.7634	3.3368	5.1398	1.9562	0.11388	4.9912
7.7634	3.3368	5.1398	1.9558	0.11397	4.9912
7.7634	3.3368	5.1398	1.9558	0.11397	4.9912
7.7574	3.3384	5.133	1.9555	0.11404	4.9912
7.7574	3.3384	5.133	1.9555	0.11404	4.9912
7.7515	3.3401	5.1272	1.9555	0.11404	4.9912
7.7515	3.3401	5.1272	1.9552	0.11411	4.9912
7.7515	3.3401	5.1272	1.9552	0.11411	4.9912
7.7462	3.3416	5.1207	1.955	0.11417	4.9912
7.7462	3.3416	5.1207	1.955	0.11417	4.9912
7.7404	3.343	5.1151	1.955	0.11417	4.9912
7.7404	3.343	5.1151	1.9548	0.11425	4.9912
7.7404	3.343	5.1151	1.9548	0.11425	4.9912
7.7344	3.3444	5.1086	1.9546	0.11431	4.9912
7.7344	3.3444	5.1086	1.9546	0.11431	4.9912
7.7291	3.3458	5.1021	1.9546	0.11431	4.9912
7.7291	3.3458	5.1021	1.9543	0.11437	4.9912
7.7291	3.3458	5.1021	1.9543	0.11437	4.9912
7.7232	3.3471	5.0958	1.9542	0.11444	4.9912
7.7232	3.3471	5.0958	1.9542	0.11444	4.9912
7.7181	3.3482	5.0897	1.9542	0.11444	4.9912
7.7181	3.3482	5.0897	1.9541	0.1145	4.9912
7.7181	3.3482	5.0897	1.9541	0.1145	4.9912
7.7123	3.3494	5.0832	1.954	0.11455	4.9912
7.7123	3.3494	5.0832	1.954	0.11455	4.9912
7.7066	3.3505	5.0773	1.954	0.11455	4.9912
7.7066	3.3505	5.0773	1.9538	0.11458	4.9912
7.7066	3.3505	5.0773	1.9538	0.11458	4.9912
7.7014	3.3516	5.0712	1.9537	0.11461	4.9912
7.7014	3.3516	5.0712	1.9537	0.11461	4.9912
7.6957	3.3526	5.0652	1.9537	0.11461	4.9912
7.6957	3.3526	5.0652	1.9536	0.11463	4.9912
7.6957	3.3526	5.0652	1.9536	0.11463	4.9912
7.6907	3.3537	5.0588	1.9534	0.11467	4.9912
7.6907	3.3537	5.0588	1.9534	0.11467	4.9912
7.685	3.3546	5.0525	1.9534	0.11467	4.9912
7.685	3.3546	5.0525	1.9533	0.11472	4.9912
7.685	3.3546	5.0525	1.9533	0.11472	4.9912
7.6796	3.3554	5.0459	1.9533	0.11473	4.9912
7.6796	3.3554	5.0459	1.9533	0.11473	4.9912
7.6748	3.3562	5.04	1.9533	0.11473	4.9912
7.6748	3.3562	5.04	1.9532	0.11474	4.9912
7.6748	3.3562	5.04	1.9532	0.11474	4.9912
7.6694	3.357	5.0334	1.9532	0.11477	4.9912
7.6694	3.357	5.0334	1.9532	0.11477	4.9912
7.6643	3.3577	5.0275	1.9532	0.11477	4.9912
7.6643	3.3577	5.0275	1.9531	0.11481	4.9912
7.6643	3.3577	5.0275	1.9531	0.11481	4.9912
7.6593	3.3584	5.0213	1.9531	0.11481	4.9912
7.6593	3.3584	5.0213	1.9531	0.11481	4.9912
7.6545	3.3591	5.0155	1.9531	0.11481	4.9912
7.6545	3.3591	5.0155	1.9531	0.11482	4.9912
7.6545	3.3591	5.0155	1.9531	0.11482	4.9912
7.65	3.3596	5.0089	1.953	0.11484	4.9912
7.65	3.3596	5.0089	1.953	0.11484	4.9912
7.6452	3.3602	5.0025	1.953	0.11484	4.9912
7.6452	3.3602	5.0025	1.953	0.11489	4.9912
7.6452	3.3602	5.0025	1.953	0.11489	4.9912
7.6405	3.3607	4.9964	1.9529	0.11492	4.9912
7.6405	3.3607	4.9964	1.9529	0.11492	4.9912
7.6359	3.3612	4.9896	1.9529	0.11492	4.9912
7.6359	3.3612	4.9896	1.9528	0.11492	4.9912
7.6359	3.3612	4.9896	1.9528	0.11492	4.9912
7.6313	3.3617	4.9837	1.9528	0.11494	4.9912
7.6313	3.3617	4.9837	1.9528	0.11494	4.9912
7.6268	3.3621	4.9781	1.9528	0.11494	4.9912
7.6268	3.3621	4.9781	1.9527	0.11497	4.9912
7.6268	3.3621	4.9781	1.9527	0.11497	4.9912
7.6227	3.3626	4.9712	1.9526	0.11501	4.9912
7.6227	3.3626	4.9712	1.9526	0.11501	4.9912
7.6183	3.363	4.9651	1.9526	0.11501	4.9912
7.6183	3.363	4.9651	1.9525	0.11503	4.9912
7.6183	3.363	4.9651	1.9525	0.11503	4.9912
7.6137	3.3633	4.9586	1.9524	0.11505	4.9912
7.6137	3.3633	4.9586	1.9524	0.11505	4.9912
7.6092	3.3635	4.9527	1.9524	0.11505	4.9912
7.6092	3.3635	4.9527	1.9524	0.11506	4.9912
7.6092	3.3635	4.9527	1.9524	0.11506	4.9912
7.6053	3.3638	4.9461	1.9523	0.11508	4.9912
7.6053	3.3638	4.9461	1.9523	0.11508	4.9912
7.6008	3.3641	4.9402	1.9523	0.11508	4.9912
7.6008	3.3641	4.9402	1.9521	0.11514	4.9912
7.6008	3.3641	4.9402	1.9521	0.11514	4.9912
7.5962	3.3643	4.9345	1.952	0.1152	4.9912
7.5962	3.3643	4.9345	1.952	0.1152	4.9912
7.5918	3.3645	4.9282	1.952	0.1152	4.9912
7.5918	3.3645	4.9282	1.9519	0.11521	4.9912
7.5918	3.3645	4.9282	1.9519	0.11521	4.9912
7.5878	3.3649	4.9218	1.9519	0.11523	4.9912
7.5878	3.3649	4.9218	1.9519	0.11523	4.9912
7.5834	3.3652	4.9156	1.9519	0.11523	4.9912
7.5834	3.3652	4.9156	1.9519	0.11527	4.9912
7.5834	3.3652	4.9156	1.9519	0.11527	4.9912
7.579	3.3654	4.9098	1.9518	0.11537	4.9912
7.579	3.3654	4.9098	1.9518	0.11537	4.9912
7.5746	3.3656	4.9042	1.9518	0.11537	4.9912
7.5746	3.3656	4.9042	1.9517	0.11544	4.9912
7.5746	3.3656	4.9042	1.9517	0.11544	4.9912
7.5705	3.3659	4.8984	1.9517	0.11546	4.9912
7.5705	3.3659	4.8984	1.9517	0.11546	4.9912
7.5661	3.366	4.8928	1.9517	0.11546	4.9912
7.5661	3.366	4.8928	1.9516	0.11548	4.9912
7.5661	3.366	4.8928	1.9516	0.11548	4.9912
7.5617	3.3661	4.888	1.9516	0.11552	4.9912
7.5617	3.3661	4.888	1.9516	0.11552	4.9912
7.5578	3.3662	4.8824	1.9516	0.11552	4.9912
7.5578	3.3662	4.8824	1.9515	0.11558	4.9912
7.5578	3.3662	4.8824	1.9515	0.11558	4.9912
7.5535	3.3663	4.8776	1.9514	0.11564	4.9912
7.5535	3.3663	4.8776	1.9514	0.11564	4.9912
7.5492	3.3665	4.8726	1.9514	0.11564	4.9912
7.5492	3.3665	4.8726	1.9513	0.11567	4.9912
7.5492	3.3665	4.8726	1.9513	0.11567	4.9912
7.545	3.3667	4.8678	1.9512	0.11568	4.9912
7.545	3.3667	4.8678	1.9512	0.11568	4.9912
7.5408	3.3668	4.8634	1.9512	0.11568	4.9912
7.5408	3.3668	4.8634	1.9512	0.11568	4.9912
7.5408	3.3668	4.8634	1.9512	0.11568	4.9912
7.5367	3.3669	4.8587	1.9511	0.11569	4.9912
7.5367	3.3669	4.8587	1.9511	0.11569	4.9912
7.5329	3.367	4.8543	1.9511	0.11569	4.9912
7.5329	3.367	4.8543	1.951	0.11572	4.9912
7.5329	3.367	4.8543	1.951	0.11572	4.9912
7.5289	3.3672	4.8501	1.9509	0.11574	4.9912
7.5289	3.3672	4.8501	1.9509	0.11574	4.9912
7.5253	3.3673	4.8467	1.9509	0.11574	4.9912
7.5253	3.3673	4.8467	1.9509	0.11574	4.9912
7.5253	3.3673	4.8467	1.9509	0.11574	4.9912
7.5214	3.3674	4.8427	1.9509	0.11574	4.9912
7.5214	3.3674	4.8427	1.9509	0.11574	4.9912
7.5177	3.3675	4.839	1.9509	0.11574	4.9912
7.5177	3.3675	4.839	1.9509	0.11574	4.9912
7.5177	3.3675	4.839	1.9509	0.11574	4.9912
7.5143	3.3675	4.8357	1.9508	0.11576	4.9912
7.5143	3.3675	4.8357	1.9508	0.11576	4.9912
7.5107	3.3675	4.8323	1.9508	0.11576	4.9912
7.5107	3.3675	4.8323	1.9508	0.11578	4.9912
7.5107	3.3675	4.8323	1.9508	0.11578	4.9912
7.5072	3.3675	4.8294	1.9508	0.11579	4.9912
7.5072	3.3675	4.8294	1.9508	0.11579	4.9912
7.5039	3.3675	4.8264	1.9508	0.11579	4.9912
7.5039	3.3675	4.8264	1.9508	0.11579	4.9912
7.5039	3.3675	4.8264	1.9508	0.11579	4.9912
7.5006	3.3675	4.8238	1.9508	0.11579	4.9912
7.5006	3.3675	4.8238	1.9508	0.11579	4.9912
7.4976	3.3675	4.8212	1.9508	0.11579	4.9912
7.4976	3.3675	4.8212	1.9507	0.11579	4.9912
7.4976	3.3675	4.8212	1.9507	0.11579	4.9912
7.4945	3.3675	4.8187	1.9507	0.1158	4.9912
7.4945	3.3675	4.8187	1.9507	0.1158	4.9912
7.4914	3.3675	4.8166	1.9507	0.1158	4.9912
7.4914	3.3675	4.8166	1.9507	0.11581	4.9912
7.4914	3.3675	4.8166	1.9507	0.11581	4.9912
7.4888	3.3675	4.8141	1.9507	0.11581	4.9912
7.4888	3.3675	4.8141	1.9507	0.11581	4.9912
7.486	3.3675	4.8122	1.9507	0.11581	4.9912
7.486	3.3675	4.8122	1.9507	0.11581	4.9912
7.486	3.3675	4.8122	1.9507	0.11581	4.9912
7.4834	3.3675	4.8102	1.9507	0.11581	4.9912
7.4834	3.3675	4.8102	1.9507	0.11581	4.9912
7.4812	3.3675	4.8083	1.9507	0.11581	4.9912
7.4812	3.3675	4.8083	1.9507	0.11581	4.9912
7.4812	3.3675	4.8083	1.9507	0.11581	4.9912
7.4789	3.3675	4.8067	1.9507	0.11581	4.9912
7.4789	3.3675	4.8067	1.9507	0.11581	4.9912
7.4769	3.3675	4.8052	1.9507	0.11581	4.9912
7.4769	3.3675	4.8052	1.9507	0.11581	4.9912
7.4769	3.3675	4.8052	1.9507	0.11581	4.9912
7.4748	3.3675	4.8039	1.9507	0.11581	4.9912
7.4748	3.3675	4.8039	1.9507	0.11581	4.9912
7.4727	3.3676	4.8025	1.9507	0.11581	4.9912
7.4727	3.3676	4.8025	1.9507	0.11581	4.9912
7.4727	3.3676	4.8025	1.9507	0.11581	4.9912
7.4709	3.3676	4.8012	1.9507	0.11581	4.9912
7.4709	3.3676	4.8012	1.9507	0.11581	4.9912
7.4692	3.3676	4.7997	1.9507	0.11581	4.9912
7.4692	3.3676	4.7997	1.9507	0.11581	4.9912
7.4692	3.3676	4.7997	1.9507	0.11581	4.9912
7.4675	3.3676	4.7981	1.9507	0.11581	4.9912
7.4675	3.3676	4.7981	1.9507	0.11581	4.9912
7.466	3.3676	4.7968	1.9507	0.11581	4.9912
7.466	3.3676	4.7968	1.9507	0.11581	4.9912
7.466	3.3676	4.7968	1.9507	0.11581	4.9912
7.4646	3.3676	4.7954	1.9507	0.11581	4.9912
7.4646	3.3676	4.7954	1.9507	0.11581	4.9912
7.4632	3.3676	4.794	1.9507	0.11581	4.9912
7.4632	3.3676	4.794	1.9507	0.11581	4.9912
7.4632	3.3676	4.794	1.9507	0.11581	4.9912
7.4617	3.3676	4.7928	1.9507	0.11581	4.9912
7.4617	3.3676	4.7928	1.9507	0.11581	4.9912
7.4605	3.3676	4.7915	1.9507	0.11581	4.9912
7.4605	3.3676	4.7915	1.9507	0.11581	4.9912
7.4605	3.3676	4.7915	1.9507	0.11581	4.9912
7.4591	3.3674	4.7905	1.9507	0.11581	4.9912
7.4591	3.3674	4.7905	1.9507	0.11581	4.9912
7.4578	3.3671	4.7898	1.9507	0.11581	4.9912
7.4578	3.3671	4.7898	1.9507	0.11581	4.9912
7.4578	3.3671	4.7898	1.9507	0.11581	4.9912
7.4567	3.3669	4.7891	1.9507	0.11581	4.9912
7.4567	3.3669	4.7891	1.9507	0.11581	4.9912
7.4556	3.3668	4.7884	1.9507	0.11581	4.9912
7.4556	3.3668	4.7884	1.9507	0.11581	4.9912
7.4556	3.3668	4.7884	1.9507	0.11581	4.9912
7.4546	3.3669	4.7876	1.9507	0.11581	4.9912
7.4546	3.3669	4.7876	1.9507	0.11581	4.9912
7.4535	3.367	4.7868	1.9507	0.11581	4.9912
7.4535	3.367	4.7868	1.9507	0.11581	4.9912
7.4535	3.367	4.7868	1.9507	0.11581	4.9912
7.4526	3.3672	4.786	1.9507	0.11581	4.9912
7.4526	3.3672	4.786	1.9507	0.11581	4.9912
7.4517	3.3674	4.7852	1.9507	0.11581	4.9912
7.4517	3.3674	4.7852	1.9507	0.11581	4.9912
7.4517	3.3674	4.7852	1.9507	0.11581	4.9912
7.4508	3.3675	4.7845	1.9507	0.11581	4.9912
7.4508	3.3675	4.7845	1.9507	0.11581	4.9912
7.4499	3.3675	4.7838	1.9507	0.11581	4.9912
7.4499	3.3675	4.7838	1.9507	0.11581	4.9912
7.4499	3.3675	4.7838	1.9507	0.11581	4.9912
7.4491	3.3675	4.7832	1.9507	0.11581	4.9912
7.4491	3.3675	4.7832	1.9507	0.11581	4.9912
7.4484	3.3675	4.7827	1.9507	0.11581	4.9912
7.4484	3.3675	4.7827	1.9507	0.11581	4.9912
7.4484	3.3675	4.7827	1.9507	0.11581	4.9912
7.4476	3.3675	4.7823	1.9507	0.11581	4.9912
7.4476	3.3675	4.7823	1.9507	0.11581	4.9912
7.4469	3.3675	4.7819	1.9507	0.11581	4.9912
7.4469	3.3675	4.7819	1.9507	0.11581	4.9912
7.4469	3.3675	4.7819	1.9507	0.11581	4.9912
7.4462	3.3674	4.7815	1.9507	0.11581	4.9912
7.4462	3.3674	4.7815	1.9507	0.11581	4.9912
7.4457	3.3674	4.7813	1.9507	0.11581	4.9912
7.4457	3.3674	4.7813	1.9507	0.11581	4.9912
7.4457	3.3674	4.7813	1.9507	0.11581	4.9912
7.4451	3.3674	4.781	1.9507	0.11581	4.9912
7.4451	3.3674	4.781	1.9507	0.11581	4.9912
7.4447	3.3674	4.7807	1.9507	0.11581	4.9912
7.4447	3.3674	4.7807	1.9507	0.11581	4.9912
7.4447	3.3674	4.7807	1.9507	0.11581	4.9912
7.4442	3.3674	4.7805	1.9507	0.11581	4.9912
7.4442	3.3674	4.7805	1.9507	0.11581	4.9912
7.4438	3.3674	4.7802	1.9507	0.11581	4.9912
7.4438	3.3674	4.7802	1.9507	0.11581	4.9912
7.4438	3.3674	4.7802	1.9507	0.11581	4.9912
7.4434	3.3675	4.7799	1.9507	0.11581	4.9912
7.4434	3.3675	4.7799	1.9507	0.11581	4.9912
7.4431	3.3675	4.7795	1.9507	0.11581	4.9912
7.4431	3.3675	4.7795	1.9507	0.11581	4.9912
7.4431	3.3675	4.7795	1.9507	0.11581	4.9912
7.4427	3.3675	4.7792	1.9507	0.11581	4.9912
7.4427	3.3675	4.7792	1.9507	0.11581	4.9912
7.4423	3.3675	4.7788	1.9507	0.11581	4.9912
7.4423	3.3675	4.7788	1.9507	0.11581	4.9912
7.4423	3.3675	4.7788	1.9507	0.11581	4.9912
7.442	3.3675	4.7785	1.9507	0.11581	4.9912
7.442	3.3675	4.7785	1.9507	0.11581	4.9912
7.4417	3.3675	4.7782	1.9507	0.11581	4.9912
7.4417	3.3675	4.7782	1.9507	0.11581	4.9912
7.4417	3.3675	4.7782	1.9507	0.11581	4.9912
7.4414	3.3675	4.778	1.9507	0.11581	4.9912
7.4414	3.3675	4.778	1.9507	0.11581	4.9912
7.4412	3.3674	4.7779	1.9507	0.11581	4.9912
7.4412	3.3674	4.7779	1.9507	0.11581	4.9912
7.4412	3.3674	4.7779	1.9507	0.11581	4.9912
7.4409	3.3674	4.7778	1.9507	0.11581	4.9912
7.4409	3.3674	4.7778	1.9507	0.11581	4.9912
7.4406	3.3675	4.7776	1.9507	0.11581	4.9912
7.4406	3.3675	4.7776	1.9507	0.11581	4.9912
7.4406	3.3675	4.7776	1.9507	0.11581	4.9912
7.4404	3.3675	4.7775	1.9507	0.11581	4.9912
7.4404	3.3675	4.7775	1.9507	0.11581	4.9912
7.4401	3.3675	4.7773	1.9507	0.11581	4.9912
7.4401	3.3675	4.7773	1.9507	0.11581	4.9912
7.4401	3.3675	4.7773	1.9507	0.11581	4.9912
7.4399	3.3675	4.7771	1.9507	0.11581	4.9912
7.4399	3.3675	4.7771	1.9507	0.11581	4.9912
7.4397	3.3675	4.777	1.9507	0.11581	4.9912
7.4397	3.3675	4.777	1.9507	0.11581	4.9912
7.4397	3.3675	4.777	1.9507	0.11581	4.9912
7.4395	3.3675	4.7768	1.9507	0.11581	4.9912
7.4395	3.3675	4.7768	1.9507	0.11581	4.9912
7.4394	3.3675	4.7767	1.9507	0.11581	4.9912
7.4394	3.3675	4.7767	1.9507	0.11581	4.9912
7.4394	3.3675	4.7767	1.9507	0.11581	4.9912
7.4393	3.3675	4.7766	1.9507	0.11581	4.9912
7.4393	3.3675	4.7766	1.9507	0.11581	4.9912
7.4391	3.3675	4.7765	1.9507	0.11581	4.9912
7.4391	3.3675	4.7765	1.9507	0.11581	4.9912
7.4391	3.3675	4.7765	1.9507	0.11581	4.9912
7.4389	3.3675	4.7765	1.9507	0.11581	4.9912
7.4389	3.3675	4.7765	1.9507	0.11581	4.9912
7.4387	3.3675	4.7764	1.9507	0.11581	4.9912
7.4387	3.3675	4.7764	1.9507	0.11581	4.9912
7.4387	3.3675	4.7764	1.9507	0.11581	4.9912
7.4385	3.3675	4.7764	1.9507	0.11581	4.9912
7.4385	3.3675	4.7764	1.9507	0.11581	4.9912
7.4384	3.3675	4.7763	1.9507	0.11581	4.9912
7.4384	3.3675	4.7763	1.9507	0.11581	4.9912
7.4384	3.3675	4.7763	1.9507	0.11581	4.9912
7.4383	3.3675	4.7762	1.9507	0.11581	4.9912
7.4383	3.3675	4.7762	1.9507	0.11581	4.9912
7.4381	3.3675	4.7761	1.9507	0.11581	4.9912
7.4381	3.3675	4.7761	1.9507	0.11581	4.9912
7.4381	3.3675	4.7761	1.9507	0.11581	4.9912
7.438	3.3675	4.7761	1.9507	0.11581	4.9912
7.438	3.3675	4.7761	1.9507	0.11581	4.9912
7.4379	3.3675	4.776	1.9507	0.11581	4.9912
7.4379	3.3675	4.776	1.9507	0.11581	4.9912
7.4379	3.3675	4.776	1.9507	0.11581	4.9912
7.4378	3.3675	4.7759	1.9507	0.11581	4.9912
7.4378	3.3675	4.7759	1.9507	0.11581	4.9912
7.4377	3.3675	4.7759	1.9507	0.11581	4.9912
7.4377	3.3675	4.7759	1.9507	0.11581	4.9912
7.4377	3.3675	4.7759	1.9507	0.11581	4.9912
7.4376	3.3675	4.7758	1.9507	0.11581	4.9912
7.4376	3.3675	4.7758	1.9507	0.11581	4.9912
7.4375	3.3675	4.7758	1.9507	0.11581	4.9912
7.4375	3.3675	4.7758	1.9507	0.11581	4.9912
7.4375	3.3675	4.7758	1.9507	0.11581	4.9912
7.4375	3.3675	4.7758	1.9507	0.11581	4.9912
7.4375	3.3675	4.7758	1.9507	0.11581	4.9912
7.4374	3.3675	4.7758	1.9507	0.11581	4.9912
7.4374	3.3675	4.7758	1.9507	0.11581	4.9912
7.4374	3.3675	4.7758	1.9507	0.11581	4.9912
7.4374	3.3675	4.7758	1.9507	0.11581	4.9912
7.4374	3.3675	4.7758	1.9507	0.11581	4.9912
7.4373	3.3675	4.7758	1.9507	0.11581	4.9912
7.4373	3.3675	4.7758	1.9507	0.11581	4.9912
7.4373	3.3675	4.7758	1.9507	0.11581	4.9912
7.4372	3.3675	4.7758	1.9507	0.11581	4.9912
7.4372	3.3675	4.7758	1.9507	0.11581	4.9912
7.4371	3.3675	4.7758	1.9507	0.11581	4.9912
7.4371	3.3675	4.7758	1.9507	0.11581	4.9912
7.4371	3.3675	4.7758	1.9507	0.11581	4.9912
7.4371	3.3675	4.7758	1.9507	0.11581	4.9912
7.4371	3.3675	4.7758	1.9507	0.11581	4.9912
7.437	3.3675	4.7757	1.9507	0.11581	4.9912
7.437	3.3675	4.7757	1.9507	0.11581	4.9912
7.437	3.3675	4.7757	1.9507	0.11581	4.9912
7.4368	3.3675	4.7757	1.9507	0.11581	4.9912
7.4368	3.3675	4.7757	1.9507	0.11581	4.9912
7.4368	3.3675	4.7757	1.9507	0.11581	4.9912
7.4368	3.3675	4.7757	1.9507	0.11581	4.9912
7.4368	3.3675	4.7757	1.9507	0.11581	4.9912
7.4367	3.3675	4.7757	1.9507	0.11581	4.9912
7.4367	3.3675	4.7757	1.9507	0.11581	4.9912
7.4366	3.3675	4.7757	1.9507	0.11581	4.9912
7.4366	3.3675	4.7757	1.9507	0.11581	4.9912
7.4366	3.3675	4.7757	1.9507	0.11581	4.9912
7.4366	3.3675	4.7757	1.9507	0.11581	4.9912
7.4366	3.3675	4.7757	1.9507	0.11581	4.9912
7.4366	3.3675	4.7757	1.9507	0.11581	4.9912
7.4366	3.3675	4.7757	1.9507	0.11581	4.9912
7.4366	3.3675	4.7757	1.9507	0.11581	4.9912
7.4366	3.3675	4.7757	1.9507	0.11581	4.9912
7.4366	3.3675	4.7757	1.9507	0.11581	4.9912
7.4365	3.3675	4.7757	1.9507	0.11581	4.9912
7.4365	3.3675	4.7757	1.9507	0.11581	4.9912
7.4365	3.3675	4.7757	1.9507	0.11581	4.9912
7.4365	3.3675	4.7757	1.9507	0.11581	4.9912
7.4365	3.3675	4.7757	1.9507	0.11581	4.9912
7.4365	3.3675	4.7757	1.9507	0.11581	4.9912
7.4365	3.3675	4.7757	1.9507	0.11581	4.9912
7.4365	3.3675	4.7757	1.9507	0.11581	4.9912
7.4365	3.3675	4.7757	1.9507	0.11581	4.9912
7.4365	3.3675	4.7757	1.9507	0.11581	4.9912
7.4364	3.3675	4.7757	1.9507	0.11581	4.9912
7.4364	3.3675	4.7757	1.9507	0.11581	4.9912
7.4364	3.3675	4.7757	1.9507	0.11581	4.9912
7.4364	3.3675	4.7757	1.9507	0.11581	4.9912
7.4364	3.3675	4.7757	1.9507	0.11581	4.9912
7.4364	3.3675	4.7757	1.9507	0.11581	4.9912
7.4364	3.3675	4.7757	1.9507	0.11581	4.9912
7.4364	3.3675	4.7757	1.9507	0.11581	4.9912
7.4364	3.3675	4.7757	1.9507	0.11581	4.9912
7.4364	3.3675	4.7757	1.9507	0.11581	4.9912
7.4363	3.3675	4.7757	1.9507	0.11581	4.9912
7.4363	3.3675	4.7757	1.9507	0.11581	4.9912
7.4363	3.3675	4.7757	1.9507	0.11581	4.9912
7.4363	3.3675	4.7757	1.9507	0.11581	4.9912
7.4363	3.3675	4.7757	1.9507	0.11581	4.9912
7.4363	3.3675	4.7757	1.9507	0.11581	4.9912
7.4363	3.3675	4.7757	1.9507	0.11581	4.9912
7.4363	3.3675	4.7757	1.9507	0.11581	4.9912
7.4362	3.3675	4.7757	1.9507	0.11581	4.9912
7.4362	3.3675	4.7757	1.9507	0.11581	4.9912
7.4362	3.3675	4.7757	1.9507	0.11581	4.9912
7.4362	3.3675	4.7757	1.9507	0.11581	4.9912
7.4362	3.3675	4.7757	1.9507	0.11581	4.9912
7.4361	3.3675	4.7757	1.9507	0.11581	4.9912
7.4361	3.3675	4.7757	1.9507	0.11581	4.9912
7.4361	3.3675	4.7757	1.9507	0.11581	4.9912
7.4361	3.3675	4.7757	1.9507	0.11581	4.9912
7.4361	3.3675	4.7757	1.9507	0.11581	4.9912
7.436	3.3675	4.7757	1.9507	0.11581	4.9912
7.436	3.3675	4.7757	1.9507	0.11581	4.9912
7.436	3.3675	4.7757	1.9507	0.11581	4.9912
7.436	3.3675	4.7757	1.9507	0.11581	4.9912
7.436	3.3675	4.7757	1.9507	0.11581	4.9912
7.436	3.3675	4.7757	1.9507	0.11581	4.9912
7.436	3.3675	4.7757	1.9507	0.11581	4.9912
7.4359	3.3675	4.7757	1.9507	0.11581	4.9912
7.4359	3.3675	4.7757	1.9507	0.11581	4.9912
7.4359	3.3675	4.7757	1.9507	0.11581	4.9912
7.4359	3.3675	4.7757	1.9507	0.11581	4.9912
7.4359	3.3675	4.7757	1.9507	0.11581	4.9912
7.4359	3.3675	4.7757	1.9507	0.11581	4.9912
7.4359	3.3675	4.7757	1.9507	0.11581	4.9912
7.4359	3.3675	4.7757	1.9507	0.11581	4.9912
7.4359	3.3675	4.7757	1.9507	0.11581	4.9912
7.4359	3.3675	4.7757	1.9507	0.11581	4.9912
7.4359	3.3675	4.7757	1.9507	0.11581	4.9912
7.4359	3.3675	4.7757	1.9507	0.11581	4.9912
7.4359	3.3675	4.7757	1.9507	0.11581	4.9912
7.4359	3.3675	4.7757	1.9507	0.11581	4.9912
7.4359	3.3675	4.7757	1.9507	0.11581	4.9912
7.4358	3.3675	4.7757	1.9507	0.11581	4.9912
7.4358	3.3675	4.7757	1.9507	0.11581	4.9912
7.4358	3.3675	4.7757	1.9507	0.11581	4.9912
7.4358	3.3675	4.7757	1.9507	0.11581	4.9912
7.4358	3.3675	4.7757	1.9507	0.11581	4.9912
7.4358	3.3675	4.7757	1.9507	0.11581	4.9912
7.4358	3.3675	4.7757	1.9507	0.11581	4.9912
7.4358	3.3675	4.7757	1.9507	0.11581	4.9912
7.4358	3.3675	4.7757	1.9507	0.11581	4.9912
7.4358	3.3675	4.7757	1.9507	0.11581	4.9912
7.4358	3.3675	4.7757	1.9507	0.11581	4.9912
7.4358	3.3675	4.7757	1.9507	0.11581	4.9912
7.4358	3.3675	4.7757	1.9507	0.11581	4.9912
7.4358	3.3675	4.7757	1.9507	0.11581	4.9912
7.4358	3.3675	4.7757	1.9507	0.11581	4.9912
7.4358	3.3675	4.7757	1.9507	0.11581	4.9912
7.4358	3.3675	4.7757	1.9507	0.11581	4.9912
7.4358	3.3675	4.7757	1.9507	0.11581	4.9912
7.4358	3.3675	4.7757	1.9507	0.11581	4.9912
7.4358	3.3675	4.7757	1.9507	0.11581	4.9912
7.4358	3.3675	4.7757	1.9507	0.11581	4.9912
7.4358	3.3675	4.7757	1.9507	0.11581	4.9912
7.4358	3.3675	4.7757	1.9507	0.11581	4.9912
7.4358	3.3675	4.7757	1.9507	0.11581	4.9912
7.4358	3.3675	4.7757	1.9507	0.11581	4.9912
7.4358	3.3675	4.7757	1.9507	0.11581	4.9912
7.4358	3.3675	4.7757	1.9507	0.11581	4.9912
7.4358	3.3675	4.7757	1.9507	0.11581	4.9912
7.4358	3.3675	4.7757	1.9507	0.11581	4.9912
7.4358	3.3675	4.7757	1.9507	0.11581	4.9912
7.4358	3.3675	4.7757	1.9507	0.11581	4.9912
7.4358	3.3675	4.7757	1.9507	0.11581	4.9912
7.4358	3.3675	4.7757	1.9507	0.11581	4.9912
7.4358	3.3675	4.7757	1.9507	0.11581	4.9912
7.4358	3.3675	4.7757	1.9507	0.11581	4.9912
7.4358	3.3675	4.7757	1.9507	0.11581	4.9912
7.4358	3.3675	4.7757	1.9507	0.11581	4.9912
7.4358	3.3675	4.7757	1.9507	0.11581	4.9912
7.4358	3.3675	4.7757	1.9507	0.11581	4.9912
7.4358	3.3675	4.7757	1.9507	0.11581	4.9912
7.4358	3.3675	4.7757	1.9507	0.11581	4.9912
7.4358	3.3675	4.7757	1.9507	0.11581	4.9912
7.4358	3.3675	4.7757	1.9507	0.11581	4.9912
7.4357	3.3675	4.7757	1.9507	0.11581	4.9912
7.4357	3.3675	4.7757	1.9507	0.11581	4.9912
7.4357	3.3675	4.7757	1.9507	0.11581	4.9912
7.4357	3.3675	4.7757	1.9507	0.11581	4.9912
7.4357	3.3675	4.7757	1.9507	0.11581	4.9912
7.4357	3.3675	4.7757	1.9507	0.11581	4.9912
7.4357	3.3675	4.7757	1.9507	0.11581	4.9912
7.4357	3.3675	4.7757	1.9507	0.11581	4.9912
7.4357	3.3675	4.7757	1.9507	0.11581	4.9912
7.4357	3.3675	4.7757	1.9507	0.11581	4.9912
7.4357	3.3675	4.7757	1.9507	0.11581	4.9912
7.4357	3.3675	4.7757	1.9507	0.11581	4.9912
7.4357	3.3675	4.7757	1.9507	0.11581	4.9912
7.4357	3.3675	4.7757	1.9507	0.11581	4.9912
7.4357	3.3675	4.7757	1.9507	0.11581	4.9912
7.4357	3.3675	4.7757	1.9507	0.11581	4.9912
7.4357	3.3675	4.7757	1.9507	0.11581	4.9912
7.4357	3.3675	4.7757	1.9507	0.11581	4.9912
7.4357	3.3675	4.7757	1.9507	0.11581	4.9912
7.4357	3.3675	4.7757	1.9507	0.11581	4.9912
7.4357	3.3675	4.7757	1.9507	0.11581	4.9912
7.4357	3.3675	4.7757	1.9507	0.11581	4.9912
7.4357	3.3675	4.7757	1.9507	0.11581	4.9912
7.4357	3.3675	4.7757	1.9507	0.11581	4.9912
7.4357	3.3675	4.7757	1.9507	0.11581	4.9912
7.4357	3.3675	4.7756	1.9507	0.11581	4.9912
7.4357	3.3675	4.7756	1.9507	0.11581	4.9912
7.4357	3.3675	4.7756	1.9507	0.11581	4.9912
7.4357	3.3675	4.7756	1.9507	0.11581	4.9912
7.4357	3.3675	4.7756	1.9507	0.11581	4.9912
7.4357	3.3675	4.7756	1.9507	0.11581	4.9912
7.4357	3.3675	4.7756	1.9507	0.11581	4.9912
7.4357	3.3675	4.7756	1.9507	0.11581	4.9912
7.4357	3.3675	4.7756	1.9507	0.11581	4.9912
7.4357	3.3675	4.7756	1.9507	0.11581	4.9912
7.4357	3.3675	4.7756	1.9507	0.11581	4.9912
7.4357	3.3675	4.7756	1.9507	0.11581	4.9912
7.4357	3.3675	4.7756	1.9507	0.11581	4.9912
7.4357	3.3675	4.7756	1.9507	0.11581	4.9912
7.4357	3.3675	4.7756	1.9507	0.11581	4.9912
7.4357	3.3675	4.7756	1.9507	0.11581	4.9912
7.4357	3.3675	4.7756	1.9507	0.11581	4.9912
7.4357	3.3675	4.7756	1.9507	0.11581	4.9912
7.4357	3.3675	4.7756	1.9507	0.11581	4.9912
7.4357	3.3675	4.7756	1.9507	0.11581	4.9912
7.4357	3.3675	4.7756	1.9507	0.11581	4.9912
7.4357	3.3675	4.7756	1.9507	0.11581	4.9912
7.4357	3.3675	4.7756	1.9507	0.11581	4.9912
7.4357	3.3675	4.7756	1.9507	0.11581	4.9912
7.4357	3.3675	4.7756	1.9507	0.11581	4.9912
7.4357	3.3675	4.7756	1.9507	0.11581	4.9912
7.4357	3.3675	4.7756	1.9507	0.11581	4.9912
7.4357	3.3675	4.7756	1.9507	0.11581	4.9912
7.4357	3.3675	4.7756	1.9507	0.11581	4.9912
7.4357	3.3675	4.7756	1.9507	0.11581	4.9912
7.4357	3.3675	4.7756	1.9507	0.11581	4.9912
7.4357	3.3675	4.7756	1.9507	0.11581	4.9912
7.4357	3.3675	4.7756	1.9507	0.11581	4.9912
7.4357	3.3675	4.7756	1.9507	0.11581	4.9912
7.4357	3.3675	4.7756	1.9507	0.11581	4.9912
7.4357	3.3675	4.7756	1.9507	0.11581	4.9912
7.4357	3.3675	4.7756	1.9507	0.11581	4.9912
7.4357	3.3675	4.7756	1.9507	0.11581	4.9912
