0.76566	4.3031	2.3425	2.018	6.4213	11.754
0.76566	4.3031	2.3425	2.018	6.4213	11.754
0.76566	4.3031	2.3425	2.018	6.4213	11.754
0.76566	4.3031	2.3425	2.018	6.4213	11.754
0.76566	4.3031	2.3425	2.018	6.4213	11.754
0.76566	4.3031	2.3425	2.018	6.4213	11.754
0.76566	4.3031	2.3425	2.018	6.4213	11.754
0.76566	4.3031	2.3425	2.018	6.4213	11.754
0.76566	4.3031	2.3425	2.018	6.4213	11.754
0.76566	4.3031	2.3425	2.018	6.4213	11.754
0.76566	4.3031	2.3425	2.018	6.4213	11.754
0.76566	4.3031	2.3425	2.018	6.4213	11.754
0.76566	4.3031	2.3425	2.018	6.4213	11.754
0.76566	4.3031	2.3425	2.018	6.4213	11.754
0.76566	4.3031	2.3425	2.018	6.4213	11.754
0.76566	4.3031	2.3425	2.018	6.4213	11.754
0.76566	4.3031	2.3425	2.018	6.4213	11.754
0.76566	4.3031	2.3425	2.018	6.4213	11.754
0.76566	4.3031	2.3425	2.018	6.4213	11.754
0.76566	4.3031	2.3425	2.018	6.4213	11.754
0.76566	4.3031	2.3425	2.018	6.4213	11.754
0.76566	4.3031	2.3425	2.018	6.4213	11.754
0.76566	4.3031	2.3425	2.018	6.4213	11.754
0.76566	4.3031	2.3425	2.018	6.4213	11.754
0.76566	4.3031	2.3425	2.018	6.4213	11.754
0.76566	4.3031	2.3425	2.018	6.4213	11.754
0.76566	4.3031	2.3425	2.018	6.4213	11.754
0.76566	4.3031	2.3425	2.018	6.4213	11.754
0.76566	4.3031	2.3425	2.018	6.4213	11.754
0.76566	4.3031	2.3425	2.018	6.4213	11.754
0.76566	4.3031	2.3425	2.018	6.4213	11.754
0.76566	4.3031	2.3425	2.018	6.4213	11.754
0.76566	4.3031	2.3425	2.018	6.4213	11.754
0.76566	4.3031	2.3425	2.018	6.4213	11.754
0.76566	4.3031	2.3425	2.018	6.4213	11.754
0.76566	4.3031	2.3425	2.018	6.4213	11.754
0.76566	4.3031	2.3425	2.018	6.4213	11.754
0.76566	4.3031	2.3425	2.018	6.4213	11.754
0.76566	4.3031	2.3425	2.018	6.4213	11.754
0.76566	4.3031	2.3425	2.018	6.4213	11.754
0.76566	4.3031	2.3425	2.018	6.4213	11.754
0.76566	4.3031	2.3425	2.018	6.4213	11.754
0.76567	4.3031	2.3425	2.018	6.4213	11.754
0.76567	4.3031	2.3425	2.018	6.4213	11.754
0.76567	4.3031	2.3425	2.018	6.4213	11.754
0.76567	4.3031	2.3425	2.018	6.4213	11.754
0.76567	4.3031	2.3425	2.018	6.4213	11.754
0.76567	4.3031	2.3425	2.018	6.4213	11.754
0.76567	4.3031	2.3425	2.018	6.4213	11.754
0.76567	4.3031	2.3425	2.018	6.4213	11.754
0.76567	4.3031	2.3425	2.018	6.4213	11.754
0.76567	4.3031	2.3425	2.018	6.4213	11.754
0.76567	4.3031	2.3425	2.018	6.4213	11.754
0.76567	4.3031	2.3425	2.018	6.4213	11.754
0.76567	4.3031	2.3425	2.018	6.4213	11.754
0.76567	4.3031	2.3425	2.018	6.4213	11.754
0.76567	4.3031	2.3425	2.018	6.4213	11.754
0.76567	4.3031	2.3425	2.018	6.4213	11.754
0.76567	4.3031	2.3425	2.018	6.4213	11.754
0.76567	4.3031	2.3425	2.018	6.4213	11.754
0.76567	4.3031	2.3425	2.018	6.4213	11.754
0.76567	4.3031	2.3425	2.018	6.4213	11.754
0.76567	4.3031	2.3425	2.018	6.4213	11.754
0.76567	4.3031	2.3425	2.018	6.4213	11.754
0.76567	4.3031	2.3425	2.018	6.4213	11.754
0.76567	4.3031	2.3425	2.018	6.4213	11.754
0.76567	4.3031	2.3425	2.018	6.4213	11.754
0.76567	4.3031	2.3425	2.018	6.4213	11.754
0.76567	4.3031	2.3425	2.018	6.4213	11.754
0.76567	4.3031	2.3425	2.018	6.4213	11.754
0.76567	4.3031	2.3425	2.018	6.4213	11.754
0.76567	4.3031	2.3425	2.018	6.4213	11.754
0.76567	4.3031	2.3425	2.018	6.4213	11.754
0.76567	4.3031	2.3425	2.018	6.4213	11.754
0.76567	4.3031	2.3425	2.018	6.4213	11.754
0.76567	4.3031	2.3425	2.018	6.4213	11.754
0.76567	4.3031	2.3425	2.018	6.4213	11.754
0.76567	4.3031	2.3425	2.018	6.4213	11.754
0.76567	4.3031	2.3425	2.018	6.4213	11.754
0.76567	4.3031	2.3425	2.018	6.4213	11.754
0.76567	4.3031	2.3425	2.018	6.4213	11.754
0.76567	4.3031	2.3425	2.018	6.4213	11.754
0.76567	4.3031	2.3425	2.018	6.4213	11.754
0.76567	4.3031	2.3425	2.018	6.4213	11.754
0.76567	4.3031	2.3425	2.018	6.4213	11.754
0.76567	4.3031	2.3425	2.018	6.4213	11.754
0.76567	4.3031	2.3425	2.018	6.4213	11.754
0.76567	4.3031	2.3425	2.018	6.4213	11.754
0.76567	4.3031	2.3425	2.018	6.4213	11.754
0.76567	4.3031	2.3425	2.018	6.4213	11.754
0.76567	4.3031	2.3425	2.018	6.4213	11.754
0.76567	4.3031	2.3425	2.018	6.4213	11.754
0.76567	4.3031	2.3425	2.018	6.4213	11.754
0.76567	4.3031	2.3425	2.018	6.4213	11.754
0.76567	4.3031	2.3425	2.018	6.4213	11.754
0.76567	4.3031	2.3425	2.018	6.4213	11.754
0.76567	4.3031	2.3425	2.018	6.4213	11.754
0.76567	4.3031	2.3425	2.018	6.4213	11.754
0.76567	4.3031	2.3425	2.018	6.4213	11.754
0.76567	4.3031	2.3425	2.018	6.4213	11.754
0.76567	4.3031	2.3425	2.018	6.4213	11.754
0.76567	4.3031	2.3425	2.018	6.4213	11.754
0.76567	4.3031	2.3425	2.018	6.4213	11.754
0.76567	4.3031	2.3425	2.018	6.4213	11.754
0.76567	4.3031	2.3425	2.018	6.4213	11.754
0.76567	4.3031	2.3425	2.018	6.4213	11.754
0.76567	4.3031	2.3425	2.018	6.4213	11.754
0.76567	4.3031	2.3425	2.018	6.4213	11.754
0.76567	4.3031	2.3425	2.018	6.4213	11.754
0.76567	4.3031	2.3425	2.018	6.4213	11.754
0.76567	4.3031	2.3425	2.018	6.4213	11.754
0.76567	4.3031	2.3425	2.018	6.4213	11.754
0.76567	4.3031	2.3425	2.018	6.4213	11.754
0.76567	4.3031	2.3425	2.018	6.4213	11.754
0.76567	4.3031	2.3425	2.018	6.4213	11.754
0.76567	4.3031	2.3425	2.018	6.4213	11.754
0.76567	4.3031	2.3425	2.018	6.4213	11.754
0.76567	4.3031	2.3425	2.018	6.4213	11.754
0.76567	4.3031	2.3425	2.018	6.4213	11.754
0.76567	4.3031	2.3425	2.018	6.4213	11.754
0.76567	4.3031	2.3425	2.018	6.4213	11.754
0.76567	4.3031	2.3425	2.018	6.4213	11.754
0.76567	4.3031	2.3425	2.018	6.4213	11.754
0.76567	4.3031	2.3425	2.018	6.4213	11.754
0.76567	4.3031	2.3425	2.018	6.4213	11.754
0.76567	4.3031	2.3425	2.018	6.4213	11.754
0.76567	4.3031	2.3425	2.018	6.4213	11.754
0.76567	4.3031	2.3425	2.018	6.4213	11.754
0.76567	4.3031	2.3425	2.018	6.4213	11.754
0.76567	4.3031	2.3425	2.018	6.4213	11.754
0.76567	4.3031	2.3425	2.018	6.4213	11.754
0.76567	4.3031	2.3425	2.018	6.4213	11.754
0.76567	4.3031	2.3425	2.018	6.4213	11.754
0.76567	4.3031	2.3425	2.018	6.4213	11.754
0.76567	4.3031	2.3425	2.018	6.4213	11.754
0.76567	4.3031	2.3425	2.018	6.4213	11.754
0.76567	4.3031	2.3425	2.018	6.4213	11.754
0.76567	4.3032	2.3425	2.018	6.4213	11.754
0.76567	4.3032	2.3425	2.018	6.4213	11.754
0.76567	4.3032	2.3425	2.018	6.4213	11.754
0.76567	4.3032	2.3425	2.018	6.4213	11.754
0.76567	4.3032	2.3425	2.018	6.4213	11.754
0.76567	4.3034	2.3425	2.018	6.4213	11.754
0.76567	4.3034	2.3425	2.018	6.4213	11.754
0.76567	4.3034	2.3425	2.018	6.4213	11.754
0.76567	4.3035	2.3425	2.018	6.4213	11.754
0.76567	4.3035	2.3425	2.018	6.4213	11.754
0.76567	4.3038	2.3425	2.018	6.4213	11.754
0.76567	4.3038	2.3425	2.018	6.4213	11.754
0.76567	4.3038	2.3425	2.018	6.4213	11.754
0.76567	4.304	2.3425	2.018	6.4213	11.754
0.76567	4.304	2.3425	2.018	6.4213	11.754
0.76567	4.3042	2.3425	2.018	6.4213	11.754
0.76567	4.3042	2.3425	2.018	6.4213	11.754
0.76567	4.3042	2.3425	2.018	6.4213	11.754
0.76567	4.3043	2.3425	2.018	6.4213	11.754
0.76567	4.3043	2.3425	2.018	6.4213	11.754
0.76567	4.3043	2.3425	2.018	6.4213	11.754
0.76567	4.3043	2.3425	2.018	6.4213	11.754
0.76567	4.3043	2.3425	2.018	6.4213	11.754
0.76567	4.3044	2.3425	2.018	6.4213	11.754
0.76567	4.3044	2.3425	2.018	6.4213	11.754
0.76566	4.3044	2.3424	2.018	6.4213	11.754
0.76566	4.3044	2.3424	2.018	6.4213	11.754
0.76566	4.3044	2.3424	2.018	6.4213	11.754
0.76566	4.3044	2.3422	2.018	6.4213	11.754
0.76566	4.3044	2.3422	2.018	6.4213	11.754
0.76566	4.3045	2.342	2.018	6.4213	11.754
0.76566	4.3045	2.342	2.018	6.4213	11.754
0.76566	4.3045	2.342	2.018	6.4213	11.754
0.76566	4.3045	2.3414	2.018	6.4213	11.754
0.76566	4.3045	2.3414	2.018	6.4213	11.754
0.76566	4.3045	2.3408	2.018	6.4213	11.754
0.76566	4.3045	2.3408	2.018	6.4213	11.754
0.76566	4.3045	2.3408	2.018	6.4213	11.754
0.76566	4.3045	2.34	2.018	6.4213	11.754
0.76566	4.3045	2.34	2.018	6.4213	11.754
0.76566	4.3046	2.3391	2.018	6.4213	11.754
0.76566	4.3046	2.3391	2.018	6.4213	11.754
0.76566	4.3046	2.3391	2.018	6.4213	11.754
0.76566	4.3047	2.3381	2.018	6.4213	11.754
0.76566	4.3047	2.3381	2.018	6.4213	11.754
0.76566	4.3048	2.3371	2.018	6.4213	11.754
0.76566	4.3048	2.3371	2.018	6.4213	11.754
0.76566	4.3048	2.3371	2.018	6.4213	11.754
0.76566	4.3048	2.336	2.018	6.4213	11.754
0.76566	4.3048	2.336	2.018	6.4213	11.754
0.76566	4.3049	2.3347	2.018	6.4213	11.754
0.76566	4.3049	2.3347	2.018	6.4213	11.754
0.76566	4.3049	2.3347	2.018	6.4213	11.754
0.76566	4.3049	2.3334	2.018	6.4213	11.754
0.76566	4.3049	2.3334	2.018	6.4213	11.754
0.76566	4.305	2.3319	2.018	6.4213	11.754
0.76566	4.305	2.3319	2.018	6.4213	11.754
0.76566	4.305	2.3319	2.018	6.4213	11.754
0.76567	4.305	2.3302	2.018	6.4213	11.754
0.76567	4.305	2.3302	2.018	6.4213	11.754
0.76567	4.305	2.3284	2.018	6.4213	11.754
0.76567	4.305	2.3284	2.018	6.4213	11.754
0.76567	4.305	2.3284	2.018	6.4213	11.754
0.76567	4.305	2.3265	2.018	6.4213	11.754
0.76567	4.305	2.3265	2.018	6.4213	11.754
0.76567	4.305	2.3244	2.018	6.4213	11.754
0.76567	4.305	2.3244	2.018	6.4213	11.754
0.76567	4.305	2.3244	2.018	6.4213	11.754
0.76567	4.305	2.3221	2.018	6.4213	11.754
0.76567	4.305	2.3221	2.018	6.4213	11.754
0.76567	4.305	2.3198	2.018	6.4213	11.754
0.76567	4.305	2.3198	2.018	6.4213	11.754
0.76567	4.305	2.3198	2.018	6.4213	11.754
0.76567	4.305	2.3176	2.018	6.4213	11.754
0.76567	4.305	2.3176	2.018	6.4213	11.754
0.76567	4.305	2.3151	2.018	6.4213	11.754
0.76567	4.305	2.3151	2.018	6.4213	11.754
0.76567	4.305	2.3151	2.018	6.4213	11.754
0.76567	4.305	2.3125	2.018	6.4213	11.754
0.76567	4.305	2.3125	2.018	6.4213	11.754
0.76567	4.305	2.3099	2.018	6.4213	11.754
0.76567	4.305	2.3099	2.018	6.4213	11.754
0.76567	4.305	2.3099	2.018	6.4213	11.754
0.76567	4.305	2.3074	2.018	6.4213	11.754
0.76567	4.305	2.3074	2.018	6.4213	11.754
0.76567	4.305	2.3045	2.018	6.4213	11.754
0.76567	4.305	2.3045	2.018	6.4213	11.754
0.76567	4.305	2.3045	2.018	6.4213	11.754
0.76567	4.305	2.3014	2.018	6.4213	11.754
0.76567	4.305	2.3014	2.018	6.4213	11.754
0.76567	4.305	2.2984	2.018	6.4213	11.754
0.76567	4.305	2.2984	2.018	6.4213	11.754
0.76567	4.305	2.2984	2.018	6.4213	11.754
0.76567	4.305	2.2952	2.018	6.4213	11.754
0.76567	4.305	2.2952	2.018	6.4213	11.754
0.76567	4.305	2.292	2.018	6.4213	11.754
0.76567	4.305	2.292	2.018	6.4213	11.754
0.76567	4.305	2.292	2.018	6.4213	11.754
0.76567	4.305	2.2892	2.018	6.4213	11.754
0.76567	4.305	2.2892	2.018	6.4213	11.754
0.76567	4.305	2.2859	2.018	6.4213	11.754
0.76567	4.305	2.2859	2.018	6.4213	11.754
0.76567	4.305	2.2859	2.018	6.4213	11.754
0.76567	4.305	2.2826	2.018	6.4213	11.754
0.76567	4.305	2.2826	2.018	6.4213	11.754
0.76567	4.305	2.2793	2.018	6.4213	11.754
0.76567	4.305	2.2793	2.018	6.4213	11.754
0.76567	4.305	2.2793	2.018	6.4213	11.754
0.76567	4.305	2.2757	2.018	6.4213	11.754
0.76567	4.305	2.2757	2.018	6.4213	11.754
0.76567	4.305	2.2722	2.018	6.4213	11.754
0.76567	4.305	2.2722	2.018	6.4213	11.754
0.76567	4.305	2.2722	2.018	6.4213	11.754
0.76567	4.305	2.2691	2.018	6.4213	11.754
0.76567	4.305	2.2691	2.018	6.4213	11.754
0.76567	4.305	2.2655	2.018	6.4213	11.754
0.76567	4.305	2.2655	2.018	6.4213	11.754
0.76567	4.305	2.2655	2.018	6.4213	11.754
0.76567	4.305	2.2618	2.018	6.4213	11.754
0.76567	4.305	2.2618	2.018	6.4213	11.754
0.76567	4.305	2.258	2.018	6.4213	11.754
0.76567	4.305	2.258	2.018	6.4213	11.754
0.76567	4.305	2.258	2.018	6.4213	11.754
0.76567	4.305	2.254	2.018	6.4213	11.754
0.76567	4.305	2.254	2.018	6.4213	11.754
0.76567	4.305	2.2499	2.018	6.4213	11.754
0.76567	4.305	2.2499	2.018	6.4213	11.754
0.76567	4.305	2.2499	2.018	6.4213	11.754
0.76567	4.305	2.2462	2.018	6.4213	11.754
0.76567	4.305	2.2462	2.018	6.4213	11.754
0.76567	4.305	2.242	2.018	6.4213	11.754
0.76567	4.305	2.242	2.018	6.4213	11.754
0.76567	4.305	2.242	2.018	6.4213	11.754
0.76567	4.305	2.2376	2.018	6.4213	11.754
0.76567	4.305	2.2376	2.018	6.4213	11.754
0.76567	4.305	2.2331	2.018	6.4213	11.754
0.76567	4.305	2.2331	2.018	6.4213	11.754
0.76567	4.305	2.2331	2.018	6.4213	11.754
0.76567	4.305	2.2286	2.018	6.4213	11.754
0.76567	4.305	2.2286	2.018	6.4213	11.754
0.76567	4.305	2.2244	2.018	6.4213	11.754
0.76567	4.305	2.2244	2.018	6.4213	11.754
0.76567	4.305	2.2244	2.018	6.4213	11.754
0.76567	4.305	2.2197	2.018	6.4213	11.754
0.76567	4.305	2.2197	2.018	6.4213	11.754
0.76567	4.305	2.2149	2.018	6.4213	11.754
0.76567	4.305	2.2149	2.018	6.4213	11.754
0.76567	4.305	2.2149	2.018	6.4213	11.754
0.76567	4.305	2.2101	2.018	6.4213	11.754
0.76567	4.305	2.2101	2.018	6.4213	11.754
0.76567	4.305	2.2051	2.018	6.4213	11.754
0.76567	4.305	2.2051	2.018	6.4213	11.754
0.76567	4.305	2.2051	2.018	6.4213	11.754
0.76567	4.305	2.2006	2.018	6.4213	11.754
0.76567	4.305	2.2006	2.018	6.4213	11.754
0.76567	4.305	2.1954	2.018	6.4213	11.754
0.76567	4.305	2.1954	2.018	6.4213	11.754
0.76567	4.305	2.1954	2.018	6.4213	11.754
0.76567	4.305	2.1902	2.018	6.4213	11.754
0.76567	4.305	2.1902	2.018	6.4213	11.754
0.76567	4.305	2.1854	2.018	6.4213	11.754
0.76567	4.305	2.1854	2.018	6.4213	11.754
0.76567	4.305	2.1854	2.018	6.4213	11.754
0.76567	4.3049	2.18	2.018	6.4213	11.754
0.76567	4.3049	2.18	2.018	6.4213	11.754
0.76567	4.305	2.1745	2.018	6.4213	11.754
0.76567	4.305	2.1745	2.018	6.4213	11.754
0.76567	4.305	2.1745	2.018	6.4213	11.754
0.76567	4.305	2.1695	2.018	6.4213	11.754
0.76567	4.305	2.1695	2.018	6.4213	11.754
0.76567	4.3049	2.1639	2.018	6.4213	11.754
0.76567	4.3049	2.1639	2.018	6.4213	11.754
0.76567	4.3049	2.1639	2.018	6.4213	11.754
0.76566	4.3049	2.1582	2.018	6.4213	11.754
0.76566	4.3049	2.1582	2.018	6.4213	11.754
0.76566	4.3049	2.1525	2.018	6.4213	11.754
0.76566	4.3049	2.1525	2.018	6.4213	11.754
0.76566	4.3049	2.1525	2.018	6.4213	11.754
0.76566	4.3049	2.1473	2.018	6.4213	11.754
0.76566	4.3049	2.1473	2.018	6.4213	11.754
0.76566	4.3049	2.1416	2.018	6.4213	11.754
0.76566	4.3049	2.1416	2.018	6.4213	11.754
0.76566	4.3049	2.1416	2.018	6.4213	11.754
0.76566	4.3049	2.1358	2.018	6.4213	11.754
0.76566	4.3049	2.1358	2.018	6.4213	11.754
0.76566	4.3049	2.1301	2.018	6.4213	11.754
0.76566	4.3049	2.1301	2.018	6.4213	11.754
0.76566	4.3049	2.1301	2.018	6.4213	11.754
0.76566	4.3049	2.1243	2.018	6.4213	11.754
0.76566	4.3049	2.1243	2.018	6.4213	11.754
0.76566	4.3049	2.1184	2.018	6.4213	11.754
0.76566	4.3049	2.1184	2.018	6.4213	11.754
0.76566	4.3049	2.1184	2.018	6.4213	11.754
0.76566	4.3049	2.1133	2.018	6.4213	11.754
0.76566	4.3049	2.1133	2.018	6.4213	11.754
0.76565	4.3049	2.1077	2.018	6.4213	11.754
0.76565	4.3049	2.1077	2.018	6.4213	11.754
0.76565	4.3049	2.1077	2.018	6.4213	11.754
0.76565	4.3049	2.102	2.018	6.4213	11.754
0.76565	4.3049	2.102	2.018	6.4213	11.754
0.76565	4.3049	2.0962	2.018	6.4213	11.754
0.76565	4.3049	2.0962	2.018	6.4213	11.754
0.76565	4.3049	2.0962	2.018	6.4213	11.754
0.76565	4.3049	2.091	2.018	6.4213	11.754
0.76565	4.3049	2.091	2.018	6.4213	11.754
0.76565	4.3049	2.0853	2.018	6.4213	11.754
0.76565	4.3049	2.0853	2.018	6.4213	11.754
0.76565	4.3049	2.0853	2.018	6.4213	11.754
0.76564	4.3049	2.0795	2.018	6.4213	11.754
0.76564	4.3049	2.0795	2.018	6.4213	11.754
0.76564	4.3049	2.0738	2.018	6.4213	11.754
0.76564	4.3049	2.0738	2.018	6.4213	11.754
0.76564	4.3049	2.0738	2.018	6.4213	11.754
0.76564	4.3049	2.0685	2.018	6.4213	11.754
0.76564	4.3049	2.0685	2.018	6.4213	11.754
0.76564	4.3049	2.0628	2.018	6.4213	11.754
0.76564	4.3049	2.0628	2.018	6.4213	11.754
0.76564	4.3049	2.0628	2.018	6.4213	11.754
0.76563	4.3049	2.0569	2.018	6.4213	11.754
0.76563	4.3049	2.0569	2.018	6.4213	11.754
0.76562	4.3049	2.0516	2.018	6.4213	11.754
0.76562	4.3049	2.0516	2.018	6.4213	11.754
0.76562	4.3049	2.0516	2.018	6.4213	11.754
0.7656	4.3049	2.0456	2.018	6.4213	11.754
0.7656	4.3049	2.0456	2.018	6.4213	11.754
0.76557	4.3048	2.0396	2.018	6.4213	11.754
0.76557	4.3048	2.0396	2.018	6.4213	11.754
0.76557	4.3048	2.0396	2.018	6.4213	11.754
0.76552	4.3048	2.0337	2.018	6.4213	11.754
0.76552	4.3048	2.0337	2.018	6.4213	11.754
0.76546	4.3048	2.0282	2.018	6.4213	11.754
0.76546	4.3048	2.0282	2.018	6.4213	11.754
0.76546	4.3048	2.0282	2.018	6.4213	11.754
0.76536	4.3048	2.0221	2.018	6.4213	11.754
0.76536	4.3048	2.0221	2.018	6.4213	11.754
0.76528	4.3048	2.0159	2.018	6.4213	11.754
0.76528	4.3048	2.0159	2.018	6.4213	11.754
0.76528	4.3048	2.0159	2.018	6.4213	11.754
0.76517	4.3048	2.0104	2.018	6.4213	11.754
0.76517	4.3048	2.0104	2.018	6.4213	11.754
0.76501	4.3048	2.0042	2.018	6.4213	11.754
0.76501	4.3048	2.0042	2.018	6.4213	11.754
0.76501	4.3048	2.0042	2.018	6.4213	11.754
0.76474	4.3047	1.9981	2.018	6.4213	11.754
0.76474	4.3047	1.9981	2.018	6.4213	11.754
0.7644	4.3047	1.9925	2.018	6.4213	11.754
0.7644	4.3047	1.9925	2.018	6.4213	11.754
0.7644	4.3047	1.9925	2.018	6.4213	11.754
0.76404	4.3047	1.9863	2.018	6.4213	11.754
0.76404	4.3047	1.9863	2.018	6.4213	11.754
0.76376	4.3047	1.9803	2.018	6.4213	11.754
0.76376	4.3047	1.9803	2.018	6.4213	11.754
0.76376	4.3047	1.9803	2.018	6.4213	11.754
0.76341	4.3046	1.9748	2.018	6.4213	11.754
0.76341	4.3046	1.9748	2.018	6.4213	11.754
0.76307	4.3045	1.9687	2.018	6.4213	11.754
0.76307	4.3045	1.9687	2.018	6.4213	11.754
0.76307	4.3045	1.9687	2.018	6.4213	11.754
0.76271	4.3045	1.9627	2.018	6.4213	11.754
0.76271	4.3045	1.9627	2.018	6.4213	11.754
0.76221	4.3045	1.9566	2.018	6.4213	11.754
0.76221	4.3045	1.9566	2.018	6.4213	11.754
0.76221	4.3045	1.9566	2.018	6.4213	11.754
0.76172	4.3044	1.9512	2.018	6.4213	11.754
0.76172	4.3044	1.9512	2.018	6.4213	11.754
0.76121	4.3043	1.9453	2.018	6.4213	11.754
0.76121	4.3043	1.9453	2.018	6.4213	11.754
0.76121	4.3043	1.9453	2.018	6.4213	11.754
0.76077	4.3043	1.9394	2.018	6.4213	11.754
0.76077	4.3043	1.9394	2.018	6.4213	11.754
0.76025	4.3042	1.9343	2.018	6.4213	11.754
0.76025	4.3042	1.9343	2.018	6.4213	11.754
0.76025	4.3042	1.9343	2.018	6.4213	11.754
0.75975	4.304	1.9286	2.018	6.4213	11.754
0.75975	4.304	1.9286	2.018	6.4213	11.754
0.75922	4.3039	1.9229	2.018	6.4213	11.754
0.75922	4.3039	1.9229	2.018	6.4213	11.754
0.75922	4.3039	1.9229	2.018	6.4213	11.754
0.75867	4.3038	1.9174	2.018	6.4213	11.754
0.75867	4.3038	1.9174	2.018	6.4213	11.754
0.75816	4.3038	1.9124	2.018	6.4213	11.754
0.75816	4.3038	1.9124	2.018	6.4213	11.754
0.75816	4.3038	1.9124	2.018	6.4213	11.754
0.75763	4.3037	1.9069	2.018	6.4213	11.754
0.75763	4.3037	1.9069	2.018	6.4213	11.754
0.7571	4.3035	1.9016	2.018	6.4213	11.754
0.7571	4.3035	1.9016	2.018	6.4213	11.754
0.7571	4.3035	1.9016	2.018	6.4213	11.754
0.75655	4.3034	1.8969	2.018	6.4213	11.754
0.75655	4.3034	1.8969	2.018	6.4213	11.754
0.75591	4.3034	1.8917	2.018	6.4213	11.754
0.75591	4.3034	1.8917	2.018	6.4213	11.754
0.75591	4.3034	1.8917	2.018	6.4213	11.754
0.75517	4.3033	1.8865	2.018	6.4213	11.754
0.75517	4.3033	1.8865	2.018	6.4213	11.754
0.75429	4.3031	1.8814	2.018	6.4213	11.754
0.75429	4.3031	1.8814	2.018	6.4213	11.754
0.75429	4.3031	1.8814	2.018	6.4213	11.754
0.75328	4.303	1.877	2.018	6.4213	11.754
0.75328	4.303	1.877	2.018	6.4213	11.754
0.75215	4.303	1.872	2.018	6.4213	11.754
0.75215	4.303	1.872	2.018	6.4213	11.754
0.75215	4.303	1.872	2.018	6.4213	11.754
0.75102	4.303	1.8672	2.018	6.4213	11.754
0.75102	4.303	1.8672	2.018	6.4213	11.754
0.74968	4.303	1.8625	2.018	6.4213	11.754
0.74968	4.303	1.8625	2.018	6.4213	11.754
0.74968	4.303	1.8625	2.018	6.4213	11.754
0.7482	4.3029	1.8578	2.018	6.4213	11.754
0.7482	4.3029	1.8578	2.018	6.4213	11.754
0.74697	4.3028	1.8538	2.018	6.4213	11.754
0.74697	4.3028	1.8538	2.018	6.4213	11.754
0.74697	4.3028	1.8538	2.018	6.4213	11.754
0.7456	4.3028	1.8492	2.018	6.4213	11.754
0.7456	4.3028	1.8492	2.018	6.4213	11.754
0.74436	4.3028	1.8448	2.018	6.4213	11.754
0.74436	4.3028	1.8448	2.018	6.4213	11.754
0.74436	4.3028	1.8448	2.018	6.4213	11.754
0.74287	4.3027	1.8404	2.018	6.4213	11.754
0.74287	4.3027	1.8404	2.018	6.4213	11.754
0.74155	4.3025	1.8365	2.018	6.4213	11.754
0.74155	4.3025	1.8365	2.018	6.4213	11.754
0.74155	4.3025	1.8365	2.018	6.4213	11.754
0.74	4.3023	1.8322	2.018	6.4213	11.754
0.74	4.3023	1.8322	2.018	6.4213	11.754
0.73852	4.3022	1.8279	2.018	6.4213	11.754
0.73852	4.3022	1.8279	2.018	6.4213	11.754
0.73852	4.3022	1.8279	2.018	6.4213	11.754
0.7369	4.3021	1.8242	2.018	6.4213	11.754
0.7369	4.3021	1.8242	2.018	6.4213	11.754
0.73522	4.3019	1.8201	2.018	6.4213	11.754
0.73522	4.3019	1.8201	2.018	6.4213	11.754
0.73522	4.3019	1.8201	2.018	6.4213	11.754
0.73367	4.3015	1.816	2.018	6.4213	11.754
0.73367	4.3015	1.816	2.018	6.4213	11.754
0.73227	4.3012	1.8118	2.018	6.4213	11.754
0.73227	4.3012	1.8118	2.018	6.4213	11.754
0.73227	4.3012	1.8118	2.018	6.4213	11.754
0.73081	4.301	1.8079	2.018	6.4213	11.754
0.73081	4.301	1.8079	2.018	6.4213	11.754
0.72941	4.3007	1.804	2.018	6.4213	11.754
0.72941	4.3007	1.804	2.018	6.4213	11.754
0.72941	4.3007	1.804	2.018	6.4213	11.754
0.72806	4.3003	1.8006	2.018	6.4213	11.754
0.72806	4.3003	1.8006	2.018	6.4213	11.754
0.72689	4.2999	1.7967	2.018	6.4213	11.754
0.72689	4.2999	1.7967	2.018	6.4213	11.754
0.72689	4.2999	1.7967	2.018	6.4213	11.754
0.72559	4.2993	1.7928	2.018	6.4213	11.754
0.72559	4.2993	1.7928	2.018	6.4213	11.754
0.72432	4.2987	1.7889	2.018	6.4213	11.754
0.72432	4.2987	1.7889	2.018	6.4213	11.754
0.72432	4.2987	1.7889	2.018	6.4213	11.754
0.72311	4.2981	1.785	2.018	6.4213	11.754
0.72311	4.2981	1.785	2.018	6.4213	11.754
0.72169	4.2976	1.7811	2.018	6.4213	11.754
0.72169	4.2976	1.7811	2.018	6.4213	11.754
0.72169	4.2976	1.7811	2.018	6.4213	11.754
0.72025	4.297	1.7773	2.018	6.4213	11.754
0.72025	4.297	1.7773	2.018	6.4213	11.754
0.71861	4.2963	1.7738	2.018	6.4213	11.754
0.71861	4.2963	1.7738	2.018	6.4213	11.754
0.71861	4.2963	1.7738	2.018	6.4213	11.754
0.71686	4.2956	1.7699	2.018	6.4213	11.754
0.71686	4.2956	1.7699	2.018	6.4213	11.754
0.71458	4.2948	1.766	2.018	6.4213	11.754
0.71458	4.2948	1.766	2.018	6.4213	11.754
0.71458	4.2948	1.766	2.018	6.4213	11.754
0.71218	4.294	1.7619	2.018	6.4213	11.754
0.71218	4.294	1.7619	2.018	6.4213	11.754
0.70963	4.2934	1.7579	2.018	6.4213	11.754
0.70963	4.2934	1.7579	2.018	6.4213	11.754
0.70963	4.2934	1.7579	2.018	6.4213	11.754
0.70733	4.2925	1.7539	2.018	6.4213	11.754
0.70733	4.2925	1.7539	2.018	6.4213	11.754
0.70483	4.2916	1.7502	2.018	6.4213	11.754
0.70483	4.2916	1.7502	2.018	6.4213	11.754
0.70483	4.2916	1.7502	2.018	6.4213	11.754
0.70227	4.2907	1.746	2.018	6.4213	11.754
0.70227	4.2907	1.746	2.018	6.4213	11.754
0.69986	4.2896	1.7418	2.018	6.4213	11.754
0.69986	4.2896	1.7418	2.018	6.4213	11.754
0.69986	4.2896	1.7418	2.018	6.4213	11.754
0.69759	4.2886	1.7375	2.018	6.4213	11.754
0.69759	4.2886	1.7375	2.018	6.4213	11.754
0.695	4.2876	1.7332	2.018	6.4213	11.754
0.695	4.2876	1.7332	2.018	6.4213	11.754
0.695	4.2876	1.7332	2.018	6.4213	11.754
0.69222	4.2865	1.7294	2.018	6.4213	11.754
0.69222	4.2865	1.7294	2.018	6.4213	11.754
0.68958	4.2851	1.7251	2.018	6.4213	11.754
0.68958	4.2851	1.7251	2.018	6.4213	11.754
0.68958	4.2851	1.7251	2.018	6.4213	11.754
0.68666	4.2837	1.7206	2.018	6.4213	11.754
0.68666	4.2837	1.7206	2.018	6.4213	11.754
0.68392	4.2822	1.716	2.018	6.4213	11.754
0.68392	4.2822	1.716	2.018	6.4213	11.754
0.68392	4.2822	1.716	2.018	6.4213	11.754
0.6816	4.2807	1.7115	2.018	6.4213	11.754
0.6816	4.2807	1.7115	2.018	6.4213	11.754
0.67909	4.2793	1.7074	2.018	6.4213	11.754
0.67909	4.2793	1.7074	2.018	6.4213	11.754
0.67909	4.2793	1.7074	2.018	6.4213	11.754
0.67672	4.2776	1.7027	2.018	6.4213	11.754
0.67672	4.2776	1.7027	2.018	6.4213	11.754
0.67445	4.2759	1.6979	2.018	6.4213	11.754
0.67445	4.2759	1.6979	2.018	6.4213	11.754
0.67445	4.2759	1.6979	2.018	6.4213	11.754
0.67246	4.2742	1.6935	2.018	6.4213	11.754
0.67246	4.2742	1.6935	2.018	6.4213	11.754
0.66999	4.2725	1.6886	2.018	6.4213	11.754
0.66999	4.2725	1.6886	2.018	6.4213	11.754
0.66999	4.2725	1.6886	2.018	6.4213	11.754
0.66751	4.271	1.6837	2.018	6.4213	11.754
0.66751	4.271	1.6837	2.018	6.4213	11.754
0.66504	4.2692	1.6788	2.018	6.4213	11.754
0.66504	4.2692	1.6788	2.018	6.4213	11.754
0.66504	4.2692	1.6788	2.018	6.4213	11.754
0.66229	4.2673	1.674	2.018	6.4213	11.754
0.66229	4.2673	1.674	2.018	6.4213	11.754
0.65969	4.2654	1.6689	2.018	6.4213	11.754
0.65969	4.2654	1.6689	2.018	6.4213	11.754
0.65969	4.2654	1.6689	2.018	6.4213	11.754
0.65679	4.2639	1.6642	2.018	6.4213	11.754
0.65679	4.2639	1.6642	2.018	6.4213	11.754
0.65436	4.262	1.659	2.018	6.4213	11.754
0.65436	4.262	1.659	2.018	6.4213	11.754
0.65436	4.262	1.659	2.018	6.4213	11.754
0.6517	4.2601	1.6538	2.018	6.4213	11.754
0.6517	4.2601	1.6538	2.018	6.4213	11.754
0.64882	4.2581	1.6487	2.018	6.4213	11.754
0.64882	4.2581	1.6487	2.018	6.4213	11.754
0.64882	4.2581	1.6487	2.018	6.4213	11.754
0.64588	4.2563	1.6439	2.018	6.4213	11.754
0.64588	4.2563	1.6439	2.018	6.4213	11.754
0.64307	4.2547	1.6386	2.018	6.4213	11.754
0.64307	4.2547	1.6386	2.018	6.4213	11.754
0.64307	4.2547	1.6386	2.018	6.4213	11.754
0.64009	4.2529	1.6339	2.018	6.4213	11.754
0.64009	4.2529	1.6339	2.018	6.4213	11.754
0.63726	4.2512	1.6285	2.018	6.4213	11.754
0.63726	4.2512	1.6285	2.018	6.4213	11.754
0.63726	4.2512	1.6285	2.018	6.4213	11.754
0.63426	4.2494	1.6232	2.018	6.4213	11.754
0.63426	4.2494	1.6232	2.018	6.4213	11.754
0.63179	4.2476	1.6181	2.018	6.4213	11.754
0.63179	4.2476	1.6181	2.018	6.4213	11.754
0.63179	4.2476	1.6181	2.018	6.4213	11.754
0.62909	4.246	1.6135	2.018	6.4213	11.754
0.62909	4.246	1.6135	2.018	6.4213	11.754
0.62642	4.244	1.6083	2.018	6.4213	11.754
0.62642	4.244	1.6083	2.018	6.4213	11.754
0.62642	4.244	1.6083	2.018	6.4213	11.754
0.62399	4.2421	1.6033	2.018	6.4213	11.754
0.62399	4.2421	1.6033	2.018	6.4213	11.754
0.62117	4.2402	1.5987	2.018	6.4213	11.754
0.62117	4.2402	1.5987	2.018	6.4213	11.754
0.62117	4.2402	1.5987	2.018	6.4213	11.754
0.61849	4.2384	1.5934	2.018	6.4213	11.754
0.61849	4.2384	1.5934	2.018	6.4213	11.754
0.61612	4.2365	1.5882	2.018	6.4213	11.754
0.61612	4.2365	1.5882	2.018	6.4213	11.754
0.61612	4.2365	1.5882	2.018	6.4213	11.754
0.61341	4.2349	1.5836	2.018	6.4213	11.754
0.61341	4.2349	1.5836	2.018	6.4213	11.754
0.61084	4.2332	1.5785	2.018	6.4213	11.754
0.61084	4.2332	1.5785	2.018	6.4213	11.754
0.61084	4.2332	1.5785	2.018	6.4213	11.754
0.60843	4.2316	1.5739	2.018	6.4213	11.754
0.60843	4.2316	1.5739	2.018	6.4213	11.754
0.60618	4.23	1.5688	2.018	6.4213	11.754
0.60618	4.23	1.5688	2.018	6.4213	11.754
0.60618	4.23	1.5688	2.018	6.4213	11.754
0.60368	4.2284	1.5638	2.018	6.4213	11.754
0.60368	4.2284	1.5638	2.018	6.4213	11.754
0.60127	4.2268	1.5588	2.018	6.4213	11.754
0.60127	4.2268	1.5588	2.018	6.4213	11.754
0.60127	4.2268	1.5588	2.018	6.4213	11.754
0.5985	4.2252	1.5543	2.018	6.4213	11.754
0.5985	4.2252	1.5543	2.018	6.4213	11.754
0.59603	4.2237	1.5493	2.018	6.4213	11.754
0.59603	4.2237	1.5493	2.018	6.4213	11.754
0.59603	4.2237	1.5493	2.018	6.4213	11.754
0.59333	4.2223	1.5443	2.018	6.4213	11.754
0.59333	4.2223	1.5443	2.018	6.4213	11.754
0.59106	4.2207	1.5392	2.018	6.4213	11.754
0.59106	4.2207	1.5392	2.018	6.4213	11.754
0.59106	4.2207	1.5392	2.018	6.4213	11.754
0.58858	4.2192	1.5345	2.018	6.4213	11.754
0.58858	4.2192	1.5345	2.018	6.4213	11.754
0.58635	4.2178	1.5299	2.018	6.4213	11.754
0.58635	4.2178	1.5299	2.018	6.4213	11.754
0.58635	4.2178	1.5299	2.018	6.4213	11.754
0.58405	4.2166	1.5248	2.018	6.4213	11.754
0.58405	4.2166	1.5248	2.018	6.4213	11.754
0.5818	4.2155	1.5201	2.018	6.4213	11.754
0.5818	4.2155	1.5201	2.018	6.4213	11.754
0.5818	4.2155	1.5201	2.018	6.4213	11.754
0.57957	4.2142	1.5151	2.018	6.4213	11.754
0.57957	4.2142	1.5151	2.018	6.4213	11.754
0.57737	4.2129	1.5101	2.018	6.4213	11.754
0.57737	4.2129	1.5101	2.018	6.4213	11.754
0.57737	4.2129	1.5101	2.018	6.4213	11.754
0.57493	4.2119	1.5055	2.018	6.4213	11.754
0.57493	4.2119	1.5055	2.018	6.4213	11.754
0.57238	4.2109	1.5005	2.0181	6.4213	11.754
0.57238	4.2109	1.5005	2.0181	6.4213	11.754
0.57238	4.2109	1.5005	2.0181	6.4213	11.754
0.57015	4.2098	1.4955	2.0181	6.4213	11.754
0.57015	4.2098	1.4955	2.0181	6.4213	11.754
0.56768	4.2086	1.4905	2.0181	6.4213	11.754
0.56768	4.2086	1.4905	2.0181	6.4213	11.754
0.56768	4.2086	1.4905	2.0181	6.4213	11.754
0.56517	4.2075	1.4853	2.0181	6.4213	11.754
0.56517	4.2075	1.4853	2.0181	6.4213	11.754
0.5627	4.2067	1.4806	2.0181	6.4213	11.754
0.5627	4.2067	1.4806	2.0181	6.4213	11.754
0.5627	4.2067	1.4806	2.0181	6.4213	11.754
0.56023	4.2057	1.4754	2.0181	6.4213	11.754
0.56023	4.2057	1.4754	2.0181	6.4213	11.754
0.55771	4.2047	1.4707	2.0181	6.4213	11.754
0.55771	4.2047	1.4707	2.0181	6.4213	11.754
0.55771	4.2047	1.4707	2.0181	6.4213	11.754
0.55534	4.2035	1.4655	2.0181	6.4213	11.754
0.55534	4.2035	1.4655	2.0181	6.4213	11.754
0.5529	4.2025	1.4607	2.0181	6.4213	11.754
0.5529	4.2025	1.4607	2.0181	6.4213	11.754
0.5529	4.2025	1.4607	2.0181	6.4213	11.754
0.55014	4.2017	1.4553	2.0181	6.4213	11.754
0.55014	4.2017	1.4553	2.0181	6.4213	11.754
0.54783	4.2007	1.4502	2.0181	6.4213	11.754
0.54783	4.2007	1.4502	2.0181	6.4213	11.754
0.54783	4.2007	1.4502	2.0181	6.4213	11.754
0.54532	4.1997	1.445	2.0181	6.4213	11.754
0.54532	4.1997	1.445	2.0181	6.4213	11.754
0.54285	4.1987	1.4401	2.0181	6.4213	11.754
0.54285	4.1987	1.4401	2.0181	6.4213	11.754
0.54285	4.1987	1.4401	2.0181	6.4213	11.754
0.5404	4.1978	1.4349	2.0181	6.4213	11.754
0.5404	4.1978	1.4349	2.0181	6.4213	11.754
0.53844	4.1969	1.4302	2.0181	6.4213	11.754
0.53844	4.1969	1.4302	2.0181	6.4213	11.754
0.53844	4.1969	1.4302	2.0181	6.4213	11.754
0.53629	4.196	1.4249	2.0181	6.4213	11.754
0.53629	4.196	1.4249	2.0181	6.4213	11.754
0.53413	4.1949	1.4197	2.0181	6.4213	11.754
0.53413	4.1949	1.4197	2.0181	6.4213	11.754
0.53413	4.1949	1.4197	2.0181	6.4213	11.754
0.53203	4.1939	1.4149	2.0182	6.4213	11.754
0.53203	4.1939	1.4149	2.0182	6.4213	11.754
0.52966	4.193	1.4098	2.0182	6.4213	11.754
0.52966	4.193	1.4098	2.0182	6.4213	11.754
0.52966	4.193	1.4098	2.0182	6.4213	11.754
0.52721	4.1919	1.4051	2.0182	6.4213	11.754
0.52721	4.1919	1.4051	2.0182	6.4213	11.754
0.52502	4.1908	1.4001	2.0182	6.4213	11.754
0.52502	4.1908	1.4001	2.0182	6.4213	11.754
0.52502	4.1908	1.4001	2.0182	6.4213	11.754
0.52249	4.1896	1.3951	2.0183	6.4213	11.754
0.52249	4.1896	1.3951	2.0183	6.4213	11.754
0.52017	4.1884	1.39	2.0184	6.4213	11.754
0.52017	4.1884	1.39	2.0184	6.4213	11.754
0.52017	4.1884	1.39	2.0184	6.4213	11.754
0.51758	4.1873	1.3851	2.0186	6.4213	11.754
0.51758	4.1873	1.3851	2.0186	6.4213	11.754
0.51525	4.186	1.3807	2.0189	6.4213	11.754
0.51525	4.186	1.3807	2.0189	6.4213	11.754
0.51525	4.186	1.3807	2.0189	6.4213	11.754
0.51262	4.1846	1.376	2.0192	6.4213	11.754
0.51262	4.1846	1.376	2.0192	6.4213	11.754
0.50989	4.1833	1.3718	2.0195	6.4213	11.754
0.50989	4.1833	1.3718	2.0195	6.4213	11.754
0.50989	4.1833	1.3718	2.0195	6.4213	11.754
0.50723	4.1819	1.3673	2.0197	6.4213	11.754
0.50723	4.1819	1.3673	2.0197	6.4213	11.754
0.50431	4.1806	1.3629	2.0199	6.4213	11.754
0.50431	4.1806	1.3629	2.0199	6.4213	11.754
0.50431	4.1806	1.3629	2.0199	6.4213	11.754
0.50114	4.179	1.359	2.0201	6.4213	11.754
0.50114	4.179	1.359	2.0201	6.4213	11.754
0.49854	4.1774	1.3549	2.0204	6.4213	11.754
0.49854	4.1774	1.3549	2.0204	6.4213	11.754
0.49854	4.1774	1.3549	2.0204	6.4213	11.754
0.49559	4.1759	1.3508	2.0207	6.4213	11.754
0.49559	4.1759	1.3508	2.0207	6.4213	11.754
0.49305	4.1743	1.3473	2.0209	6.4213	11.754
0.49305	4.1743	1.3473	2.0209	6.4213	11.754
0.49305	4.1743	1.3473	2.0209	6.4213	11.754
0.49032	4.1727	1.3436	2.0212	6.4213	11.754
0.49032	4.1727	1.3436	2.0212	6.4213	11.754
0.48768	4.171	1.3403	2.0216	6.4213	11.754
0.48768	4.171	1.3403	2.0216	6.4213	11.754
0.48768	4.171	1.3403	2.0216	6.4213	11.754
0.48509	4.1691	1.3368	2.0219	6.4213	11.754
0.48509	4.1691	1.3368	2.0219	6.4213	11.754
0.48209	4.1673	1.3334	2.0222	6.4213	11.754
0.48209	4.1673	1.3334	2.0222	6.4213	11.754
0.48209	4.1673	1.3334	2.0222	6.4213	11.754
0.47898	4.1653	1.3303	2.0224	6.4213	11.754
0.47898	4.1653	1.3303	2.0224	6.4213	11.754
0.47592	4.1633	1.3273	2.0228	6.4213	11.754
0.47592	4.1633	1.3273	2.0228	6.4213	11.754
0.47592	4.1633	1.3273	2.0228	6.4213	11.754
0.47316	4.1615	1.3241	2.0232	6.4213	11.754
0.47316	4.1615	1.3241	2.0232	6.4213	11.754
0.46987	4.1595	1.321	2.0236	6.4213	11.754
0.46987	4.1595	1.321	2.0236	6.4213	11.754
0.46987	4.1595	1.321	2.0236	6.4213	11.754
0.4666	4.1575	1.3181	2.024	6.4213	11.754
0.4666	4.1575	1.3181	2.024	6.4213	11.754
0.46323	4.1556	1.3156	2.0243	6.4213	11.754
0.46323	4.1556	1.3156	2.0243	6.4213	11.754
0.46323	4.1556	1.3156	2.0243	6.4213	11.754
0.45967	4.1536	1.3128	2.0247	6.4213	11.754
0.45967	4.1536	1.3128	2.0247	6.4213	11.754
0.45554	4.1515	1.3102	2.025	6.4213	11.754
0.45554	4.1515	1.3102	2.025	6.4213	11.754
0.45554	4.1515	1.3102	2.025	6.4213	11.754
0.45151	4.1494	1.3077	2.0253	6.4213	11.754
0.45151	4.1494	1.3077	2.0253	6.4213	11.754
0.44745	4.1474	1.305	2.0255	6.4213	11.754
0.44745	4.1474	1.305	2.0255	6.4213	11.754
0.44745	4.1474	1.305	2.0255	6.4213	11.754
0.444	4.1454	1.3024	2.0257	6.4213	11.754
0.444	4.1454	1.3024	2.0257	6.4213	11.754
0.44013	4.1431	1.2999	2.026	6.4213	11.754
0.44013	4.1431	1.2999	2.026	6.4213	11.754
0.44013	4.1431	1.2999	2.026	6.4213	11.754
0.4364	4.1409	1.2977	2.0265	6.4213	11.754
0.4364	4.1409	1.2977	2.0265	6.4213	11.754
0.43271	4.1386	1.2955	2.0269	6.4213	11.754
0.43271	4.1386	1.2955	2.0269	6.4213	11.754
0.43271	4.1386	1.2955	2.0269	6.4213	11.754
0.42858	4.1364	1.2931	2.0272	6.4213	11.754
0.42858	4.1364	1.2931	2.0272	6.4213	11.754
0.42515	4.1341	1.2907	2.0276	6.4213	11.754
0.42515	4.1341	1.2907	2.0276	6.4213	11.754
0.42515	4.1341	1.2907	2.0276	6.4213	11.754
0.4214	4.1321	1.288	2.028	6.4213	11.754
0.4214	4.1321	1.288	2.028	6.4213	11.754
0.41834	4.1299	1.2854	2.0283	6.4213	11.754
0.41834	4.1299	1.2854	2.0283	6.4213	11.754
0.41834	4.1299	1.2854	2.0283	6.4213	11.754
0.41463	4.1276	1.2831	2.0288	6.4213	11.754
0.41463	4.1276	1.2831	2.0288	6.4213	11.754
0.4114	4.1256	1.2806	2.0292	6.4213	11.754
0.4114	4.1256	1.2806	2.0292	6.4213	11.754
0.4114	4.1256	1.2806	2.0292	6.4213	11.754
0.40783	4.1233	1.2782	2.0296	6.4212	11.754
0.40783	4.1233	1.2782	2.0296	6.4212	11.754
0.40439	4.1211	1.2759	2.0299	6.4212	11.754
0.40439	4.1211	1.2759	2.0299	6.4212	11.754
0.40439	4.1211	1.2759	2.0299	6.4212	11.754
0.40128	4.1189	1.2735	2.0302	6.4211	11.754
0.40128	4.1189	1.2735	2.0302	6.4211	11.754
0.39829	4.117	1.2709	2.0304	6.4209	11.754
0.39829	4.117	1.2709	2.0304	6.4209	11.754
0.39829	4.117	1.2709	2.0304	6.4209	11.754
0.39503	4.115	1.2684	2.0306	6.4203	11.754
0.39503	4.115	1.2684	2.0306	6.4203	11.754
0.39151	4.1132	1.2656	2.0309	6.4193	11.754
0.39151	4.1132	1.2656	2.0309	6.4193	11.754
0.39151	4.1132	1.2656	2.0309	6.4193	11.754
0.38822	4.1112	1.2628	2.0311	6.4182	11.754
0.38822	4.1112	1.2628	2.0311	6.4182	11.754
0.38471	4.1096	1.2599	2.0313	6.4168	11.754
0.38471	4.1096	1.2599	2.0313	6.4168	11.754
0.38471	4.1096	1.2599	2.0313	6.4168	11.754
0.38155	4.1079	1.2574	2.0314	6.4153	11.754
0.38155	4.1079	1.2574	2.0314	6.4153	11.754
0.37828	4.1063	1.2547	2.0314	6.4136	11.754
0.37828	4.1063	1.2547	2.0314	6.4136	11.754
0.37828	4.1063	1.2547	2.0314	6.4136	11.754
0.37557	4.1046	1.2519	2.0315	6.4116	11.754
0.37557	4.1046	1.2519	2.0315	6.4116	11.754
0.3724	4.103	1.249	2.0317	6.4097	11.754
0.3724	4.103	1.249	2.0317	6.4097	11.754
0.3724	4.103	1.249	2.0317	6.4097	11.754
0.36924	4.1016	1.2463	2.0318	6.4079	11.754
0.36924	4.1016	1.2463	2.0318	6.4079	11.754
0.36633	4.1	1.2431	2.032	6.406	11.754
0.36633	4.1	1.2431	2.032	6.406	11.754
0.36633	4.1	1.2431	2.032	6.406	11.754
0.36322	4.0986	1.2398	2.0322	6.404	11.754
0.36322	4.0986	1.2398	2.0322	6.404	11.754
0.36014	4.0973	1.2361	2.0324	6.4021	11.754
0.36014	4.0973	1.2361	2.0324	6.4021	11.754
0.36014	4.0973	1.2361	2.0324	6.4021	11.754
0.35728	4.0962	1.2326	2.0326	6.4003	11.754
0.35728	4.0962	1.2326	2.0326	6.4003	11.754
0.35464	4.0951	1.229	2.0327	6.3984	11.754
0.35464	4.0951	1.229	2.0327	6.3984	11.754
0.35464	4.0951	1.229	2.0327	6.3984	11.754
0.35231	4.094	1.2257	2.0329	6.3965	11.754
0.35231	4.094	1.2257	2.0329	6.3965	11.754
0.34992	4.093	1.222	2.0331	6.3946	11.754
0.34992	4.093	1.222	2.0331	6.3946	11.754
0.34992	4.093	1.222	2.0331	6.3946	11.754
0.34724	4.0921	1.2184	2.0333	6.3929	11.754
0.34724	4.0921	1.2184	2.0333	6.3929	11.754
0.34473	4.0911	1.2146	2.0336	6.3911	11.754
0.34473	4.0911	1.2146	2.0336	6.3911	11.754
0.34473	4.0911	1.2146	2.0336	6.3911	11.754
0.34192	4.0902	1.2107	2.0337	6.3891	11.754
0.34192	4.0902	1.2107	2.0337	6.3891	11.754
0.33909	4.0896	1.2063	2.0339	6.3871	11.754
0.33909	4.0896	1.2063	2.0339	6.3871	11.754
0.33909	4.0896	1.2063	2.0339	6.3871	11.754
0.33615	4.0888	1.2022	2.034	6.3852	11.754
0.33615	4.0888	1.2022	2.034	6.3852	11.754
0.33353	4.0879	1.1984	2.0343	6.3832	11.754
0.33353	4.0879	1.1984	2.0343	6.3832	11.754
0.33353	4.0879	1.1984	2.0343	6.3832	11.754
0.33073	4.087	1.194	2.0346	6.3815	11.754
0.33073	4.087	1.194	2.0346	6.3815	11.754
0.32804	4.0863	1.1899	2.035	6.3797	11.754
0.32804	4.0863	1.1899	2.035	6.3797	11.754
0.32804	4.0863	1.1899	2.035	6.3797	11.754
0.32561	4.0856	1.1859	2.0353	6.3779	11.754
0.32561	4.0856	1.1859	2.0353	6.3779	11.754
0.32263	4.085	1.1816	2.0356	6.3762	11.754
0.32263	4.085	1.1816	2.0356	6.3762	11.754
0.32263	4.085	1.1816	2.0356	6.3762	11.754
0.32	4.0845	1.1774	2.036	6.3748	11.754
0.32	4.0845	1.1774	2.036	6.3748	11.754
0.31709	4.084	1.173	2.0363	6.3733	11.754
0.31709	4.084	1.173	2.0363	6.3733	11.754
0.31709	4.084	1.173	2.0363	6.3733	11.754
0.31437	4.0834	1.1686	2.0366	6.372	11.754
0.31437	4.0834	1.1686	2.0366	6.372	11.754
0.31177	4.0828	1.1646	2.037	6.3707	11.754
0.31177	4.0828	1.1646	2.037	6.3707	11.754
0.31177	4.0828	1.1646	2.037	6.3707	11.754
0.30954	4.0824	1.1603	2.0374	6.3693	11.754
0.30954	4.0824	1.1603	2.0374	6.3693	11.754
0.30706	4.0819	1.1558	2.0377	6.368	11.754
0.30706	4.0819	1.1558	2.0377	6.368	11.754
0.30706	4.0819	1.1558	2.0377	6.368	11.754
0.305	4.0814	1.1515	2.0381	6.3668	11.754
0.305	4.0814	1.1515	2.0381	6.3668	11.754
0.30269	4.0808	1.1473	2.0387	6.3657	11.754
0.30269	4.0808	1.1473	2.0387	6.3657	11.754
0.30269	4.0808	1.1473	2.0387	6.3657	11.754
0.30023	4.0803	1.1434	2.0395	6.3647	11.754
0.30023	4.0803	1.1434	2.0395	6.3647	11.754
0.2979	4.08	1.139	2.0404	6.3638	11.754
0.2979	4.08	1.139	2.0404	6.3638	11.754
0.2979	4.08	1.139	2.0404	6.3638	11.754
0.29526	4.0797	1.1347	2.0416	6.3629	11.754
0.29526	4.0797	1.1347	2.0416	6.3629	11.754
0.29289	4.0795	1.131	2.043	6.3622	11.754
0.29289	4.0795	1.131	2.043	6.3622	11.754
0.29289	4.0795	1.131	2.043	6.3622	11.754
0.29027	4.0791	1.1267	2.0445	6.3614	11.754
0.29027	4.0791	1.1267	2.0445	6.3614	11.754
0.28775	4.0787	1.1228	2.0464	6.3608	11.754
0.28775	4.0787	1.1228	2.0464	6.3608	11.754
0.28775	4.0787	1.1228	2.0464	6.3608	11.754
0.28531	4.0783	1.1193	2.0482	6.36	11.754
0.28531	4.0783	1.1193	2.0482	6.36	11.754
0.28318	4.0779	1.1155	2.05	6.3593	11.754
0.28318	4.0779	1.1155	2.05	6.3593	11.754
0.28318	4.0779	1.1155	2.05	6.3593	11.754
0.28084	4.0776	1.112	2.0519	6.3587	11.754
0.28084	4.0776	1.112	2.0519	6.3587	11.754
0.2783	4.0772	1.1086	2.0539	6.358	11.754
0.2783	4.0772	1.1086	2.0539	6.358	11.754
0.2783	4.0772	1.1086	2.0539	6.358	11.754
0.27558	4.0768	1.1055	2.0558	6.3575	11.754
0.27558	4.0768	1.1055	2.0558	6.3575	11.754
0.27312	4.0764	1.1023	2.0574	6.357	11.754
0.27312	4.0764	1.1023	2.0574	6.357	11.754
0.27312	4.0764	1.1023	2.0574	6.357	11.754
0.27055	4.0759	1.0993	2.0592	6.3564	11.754
0.27055	4.0759	1.0993	2.0592	6.3564	11.754
0.26838	4.0755	1.0961	2.0608	6.3558	11.754
0.26838	4.0755	1.0961	2.0608	6.3558	11.754
0.26838	4.0755	1.0961	2.0608	6.3558	11.754
0.26602	4.075	1.0931	2.0624	6.3552	11.754
0.26602	4.075	1.0931	2.0624	6.3552	11.754
0.2638	4.0745	1.0901	2.064	6.3547	11.754
0.2638	4.0745	1.0901	2.064	6.3547	11.754
0.2638	4.0745	1.0901	2.064	6.3547	11.754
0.26193	4.0741	1.0877	2.0655	6.3541	11.754
0.26193	4.0741	1.0877	2.0655	6.3541	11.754
0.26006	4.0734	1.085	2.0669	6.3537	11.754
0.26006	4.0734	1.085	2.0669	6.3537	11.754
0.26006	4.0734	1.085	2.0669	6.3537	11.754
0.25829	4.0728	1.0827	2.0682	6.3533	11.754
0.25829	4.0728	1.0827	2.0682	6.3533	11.754
0.2564	4.0721	1.0802	2.0694	6.3531	11.754
0.2564	4.0721	1.0802	2.0694	6.3531	11.754
0.2564	4.0721	1.0802	2.0694	6.3531	11.754
0.25466	4.0714	1.0781	2.0704	6.3528	11.754
0.25466	4.0714	1.0781	2.0704	6.3528	11.754
0.25266	4.0707	1.0756	2.0716	6.3525	11.754
0.25266	4.0707	1.0756	2.0716	6.3525	11.754
0.25266	4.0707	1.0756	2.0716	6.3525	11.754
0.25095	4.07	1.0735	2.0724	6.3522	11.754
0.25095	4.07	1.0735	2.0724	6.3522	11.754
0.24915	4.0692	1.0715	2.0733	6.352	11.754
0.24915	4.0692	1.0715	2.0733	6.352	11.754
0.24915	4.0692	1.0715	2.0733	6.352	11.754
0.24742	4.0684	1.0694	2.0741	6.3518	11.754
0.24742	4.0684	1.0694	2.0741	6.3518	11.754
0.24592	4.0677	1.0676	2.075	6.3515	11.754
0.24592	4.0677	1.0676	2.075	6.3515	11.754
0.24592	4.0677	1.0676	2.075	6.3515	11.754
0.2443	4.0669	1.0657	2.0759	6.3513	11.754
0.2443	4.0669	1.0657	2.0759	6.3513	11.754
0.24289	4.066	1.064	2.0766	6.3511	11.754
0.24289	4.066	1.064	2.0766	6.3511	11.754
0.24289	4.066	1.064	2.0766	6.3511	11.754
0.24145	4.0652	1.0622	2.0773	6.351	11.754
0.24145	4.0652	1.0622	2.0773	6.351	11.754
0.24012	4.0644	1.0605	2.078	6.3509	11.754
0.24012	4.0644	1.0605	2.078	6.3509	11.754
0.24012	4.0644	1.0605	2.078	6.3509	11.754
0.23904	4.0635	1.059	2.0787	6.3507	11.754
0.23904	4.0635	1.059	2.0787	6.3507	11.754
0.23776	4.0625	1.0573	2.0794	6.3505	11.754
0.23776	4.0625	1.0573	2.0794	6.3505	11.754
0.23776	4.0625	1.0573	2.0794	6.3505	11.754
0.23651	4.0615	1.0558	2.0801	6.3502	11.754
0.23651	4.0615	1.0558	2.0801	6.3502	11.754
0.23538	4.0606	1.0544	2.0808	6.3499	11.754
0.23538	4.0606	1.0544	2.0808	6.3499	11.754
0.23538	4.0606	1.0544	2.0808	6.3499	11.754
0.23417	4.0598	1.0531	2.0814	6.3497	11.754
0.23417	4.0598	1.0531	2.0814	6.3497	11.754
0.23302	4.0589	1.0518	2.0819	6.3496	11.754
0.23302	4.0589	1.0518	2.0819	6.3496	11.754
0.23302	4.0589	1.0518	2.0819	6.3496	11.754
0.23172	4.058	1.0507	2.0824	6.3495	11.754
0.23172	4.058	1.0507	2.0824	6.3495	11.754
0.23054	4.0572	1.0495	2.0829	6.3494	11.754
0.23054	4.0572	1.0495	2.0829	6.3494	11.754
0.23054	4.0572	1.0495	2.0829	6.3494	11.754
0.22952	4.0565	1.0483	2.0834	6.3492	11.754
0.22952	4.0565	1.0483	2.0834	6.3492	11.754
0.22849	4.0557	1.0473	2.084	6.3491	11.754
0.22849	4.0557	1.0473	2.084	6.3491	11.754
0.22849	4.0557	1.0473	2.084	6.3491	11.754
0.2275	4.055	1.0461	2.0844	6.349	11.754
0.2275	4.055	1.0461	2.0844	6.349	11.754
0.22657	4.0541	1.045	2.0848	6.3488	11.754
0.22657	4.0541	1.045	2.0848	6.3488	11.754
0.22657	4.0541	1.045	2.0848	6.3488	11.754
0.22567	4.0532	1.0439	2.0852	6.3487	11.754
0.22567	4.0532	1.0439	2.0852	6.3487	11.754
0.22478	4.0524	1.0429	2.0856	6.3486	11.754
0.22478	4.0524	1.0429	2.0856	6.3486	11.754
0.22478	4.0524	1.0429	2.0856	6.3486	11.754
0.22393	4.0516	1.0418	2.086	6.3486	11.754
0.22393	4.0516	1.0418	2.086	6.3486	11.754
0.22313	4.0508	1.0407	2.0863	6.3485	11.754
0.22313	4.0508	1.0407	2.0863	6.3485	11.754
0.22313	4.0508	1.0407	2.0863	6.3485	11.754
0.22243	4.05	1.0397	2.0866	6.3485	11.754
0.22243	4.05	1.0397	2.0866	6.3485	11.754
0.22179	4.0494	1.0385	2.087	6.3484	11.754
0.22179	4.0494	1.0385	2.087	6.3484	11.754
0.22179	4.0494	1.0385	2.087	6.3484	11.754
0.22108	4.0488	1.0372	2.0873	6.3483	11.754
0.22108	4.0488	1.0372	2.0873	6.3483	11.754
0.22043	4.0482	1.0359	2.0876	6.3482	11.754
0.22043	4.0482	1.0359	2.0876	6.3482	11.754
0.22043	4.0482	1.0359	2.0876	6.3482	11.754
0.21978	4.0476	1.0346	2.088	6.3481	11.754
0.21978	4.0476	1.0346	2.088	6.3481	11.754
0.21914	4.0471	1.0334	2.0884	6.3479	11.754
0.21914	4.0471	1.0334	2.0884	6.3479	11.754
0.21914	4.0471	1.0334	2.0884	6.3479	11.754
0.21854	4.0466	1.032	2.0888	6.3477	11.754
0.21854	4.0466	1.032	2.0888	6.3477	11.754
0.2181	4.0461	1.0307	2.0893	6.3476	11.754
0.2181	4.0461	1.0307	2.0893	6.3476	11.754
0.2181	4.0461	1.0307	2.0893	6.3476	11.754
0.2176	4.0457	1.0292	2.0897	6.3475	11.754
0.2176	4.0457	1.0292	2.0897	6.3475	11.754
0.21719	4.0452	1.0278	2.0901	6.3475	11.754
0.21719	4.0452	1.0278	2.0901	6.3475	11.754
0.21719	4.0452	1.0278	2.0901	6.3475	11.754
0.21671	4.0448	1.026	2.0905	6.3475	11.754
0.21671	4.0448	1.026	2.0905	6.3475	11.754
0.21633	4.0445	1.0243	2.091	6.3475	11.754
0.21633	4.0445	1.0243	2.091	6.3475	11.754
0.21633	4.0445	1.0243	2.091	6.3475	11.754
0.21587	4.0442	1.0221	2.0913	6.3475	11.754
0.21587	4.0442	1.0221	2.0913	6.3475	11.754
0.21539	4.0437	1.0198	2.0917	6.3475	11.754
0.21539	4.0437	1.0198	2.0917	6.3475	11.754
0.21498	4.0437	1.0198	2.0917	6.3475	11.754
0.21498	4.0434	1.0177	2.0921	6.3475	11.754
0.21498	4.0434	1.0177	2.0921	6.3475	11.754
0.21449	4.043	1.0146	2.0925	6.3474	11.754
0.21449	4.043	1.0146	2.0925	6.3474	11.754
0.21449	4.043	1.0146	2.0925	6.3474	11.754
0.21402	4.0426	1.0119	2.0928	6.3474	11.754
0.21402	4.0426	1.0119	2.0928	6.3474	11.754
0.21354	4.0423	1.0085	2.0933	6.3474	11.754
0.21354	4.0423	1.0085	2.0933	6.3474	11.754
0.21354	4.0423	1.0085	2.0933	6.3474	11.754
0.21304	4.042	1.0053	2.0936	6.3474	11.754
0.21304	4.042	1.0053	2.0936	6.3474	11.754
0.21257	4.0419	1.0022	2.0939	6.3474	11.754
0.21257	4.0419	1.0022	2.0939	6.3474	11.754
0.21257	4.0419	1.0022	2.0939	6.3474	11.754
0.21203	4.0417	0.9987	2.0943	6.3474	11.754
0.21203	4.0417	0.9987	2.0943	6.3474	11.754
0.21147	4.0415	0.99528	2.0947	6.3473	11.754
0.21147	4.0415	0.99528	2.0947	6.3473	11.754
0.21147	4.0415	0.99528	2.0947	6.3473	11.754
0.21091	4.0413	0.99167	2.0952	6.3473	11.754
0.21091	4.0413	0.99167	2.0952	6.3473	11.754
0.21039	4.0411	0.98826	2.0959	6.3473	11.754
0.21039	4.0411	0.98826	2.0959	6.3473	11.754
0.21039	4.0411	0.98826	2.0959	6.3473	11.754
0.21039	4.0411	0.98826	2.0968	6.3473	11.754
0.21039	4.0411	0.98826	2.0968	6.3473	11.754
0.2093	4.0408	0.98062	2.098	6.3473	11.754
0.2093	4.0408	0.98062	2.098	6.3473	11.754
0.2093	4.0408	0.98062	2.098	6.3473	11.754
0.2088	4.0406	0.97694	2.0991	6.3473	11.754
0.2088	4.0406	0.97694	2.0991	6.3473	11.754
0.20834	4.0405	0.97282	2.1003	6.3473	11.754
0.20834	4.0405	0.97282	2.1003	6.3473	11.754
0.20834	4.0405	0.97282	2.1003	6.3473	11.754
0.20787	4.0403	0.96911	2.1016	6.3473	11.754
0.20787	4.0403	0.96911	2.1016	6.3473	11.754
0.2075	4.0401	0.96519	2.1029	6.3473	11.754
0.2075	4.0401	0.96519	2.1029	6.3473	11.754
0.2075	4.0401	0.96519	2.1029	6.3473	11.754
0.20716	4.0397	0.96141	2.1044	6.3473	11.754
0.20716	4.0397	0.96141	2.1044	6.3473	11.754
0.20689	4.0395	0.95763	2.1057	6.3473	11.754
0.20689	4.0395	0.95763	2.1057	6.3473	11.754
0.20689	4.0395	0.95763	2.1057	6.3473	11.754
0.20666	4.0393	0.95383	2.1069	6.3473	11.754
0.20666	4.0393	0.95383	2.1069	6.3473	11.754
0.20638	4.0391	0.94963	2.1083	6.3473	11.754
0.20638	4.0391	0.94963	2.1083	6.3473	11.754
0.20638	4.0391	0.94963	2.1083	6.3473	11.754
0.20604	4.0388	0.94605	2.1096	6.3473	11.754
0.20604	4.0388	0.94605	2.1096	6.3473	11.754
0.20571	4.0386	0.94218	2.1108	6.3473	11.754
0.20571	4.0386	0.94218	2.1108	6.3473	11.754
0.20571	4.0386	0.94218	2.1108	6.3473	11.754
0.20541	4.0385	0.93875	2.112	6.3473	11.754
0.20541	4.0385	0.93875	2.112	6.3473	11.754
0.20508	4.0383	0.93505	2.1132	6.3473	11.754
0.20508	4.0383	0.93505	2.1132	6.3473	11.754
0.20508	4.0383	0.93505	2.1132	6.3473	11.754
0.20484	4.0383	0.93168	2.1143	6.3473	11.754
0.20484	4.0383	0.93168	2.1143	6.3473	11.754
0.2046	4.0382	0.92863	2.1154	6.3473	11.754
0.2046	4.0382	0.92863	2.1154	6.3473	11.754
0.2046	4.0382	0.92863	2.1154	6.3473	11.754
0.20431	4.0381	0.92539	2.1165	6.3473	11.754
0.20431	4.0381	0.92539	2.1165	6.3473	11.754
0.2041	4.038	0.92241	2.1173	6.3473	11.754
0.2041	4.038	0.92241	2.1173	6.3473	11.754
0.2041	4.038	0.92241	2.1173	6.3473	11.754
0.20402	4.0379	0.91992	2.1182	6.3473	11.754
0.20402	4.0379	0.91992	2.1182	6.3473	11.754
0.20401	4.0377	0.91724	2.119	6.3473	11.754
0.20401	4.0377	0.91724	2.119	6.3473	11.754
0.20401	4.0377	0.91724	2.119	6.3473	11.754
0.20399	4.0376	0.91478	2.1197	6.3473	11.754
0.20399	4.0376	0.91478	2.1197	6.3473	11.754
0.20399	4.0374	0.91268	2.1202	6.3473	11.754
0.20399	4.0374	0.91268	2.1202	6.3473	11.754
0.20399	4.0374	0.91268	2.1202	6.3473	11.754
0.204	4.0372	0.91048	2.1208	6.3473	11.754
0.204	4.0372	0.91048	2.1208	6.3473	11.754
0.20401	4.0371	0.90843	2.1214	6.3473	11.754
0.20401	4.0371	0.90843	2.1214	6.3473	11.754
0.20401	4.0371	0.90843	2.1214	6.3473	11.754
0.20401	4.037	0.90661	2.122	6.3473	11.754
0.20401	4.037	0.90661	2.122	6.3473	11.754
0.204	4.0369	0.90479	2.1224	6.3473	11.754
0.204	4.0369	0.90479	2.1224	6.3473	11.754
0.204	4.0369	0.90479	2.1224	6.3473	11.754
0.204	4.0368	0.90329	2.1229	6.3472	11.754
0.204	4.0368	0.90329	2.1229	6.3472	11.754
0.204	4.0367	0.90171	2.1234	6.3472	11.754
0.204	4.0367	0.90171	2.1234	6.3472	11.754
0.204	4.0367	0.90171	2.1234	6.3472	11.754
0.20399	4.0365	0.90028	2.1239	6.3472	11.754
0.20399	4.0365	0.90028	2.1239	6.3472	11.754
0.20396	4.0364	0.89897	2.1243	6.3472	11.754
0.20396	4.0364	0.89897	2.1243	6.3472	11.754
0.20396	4.0364	0.89897	2.1243	6.3472	11.754
0.20393	4.0363	0.89786	2.1247	6.3472	11.754
0.20393	4.0363	0.89786	2.1247	6.3472	11.754
0.20387	4.0363	0.89678	2.1252	6.3472	11.754
0.20387	4.0363	0.89678	2.1252	6.3472	11.754
0.20387	4.0363	0.89678	2.1252	6.3472	11.754
0.20379	4.0363	0.89578	2.1256	6.3472	11.754
0.20379	4.0363	0.89578	2.1256	6.3472	11.754
0.20369	4.0363	0.89504	2.126	6.3472	11.754
0.20369	4.0363	0.89504	2.126	6.3472	11.754
0.20369	4.0363	0.89504	2.126	6.3472	11.754
0.20358	4.0363	0.89447	2.1264	6.3472	11.754
0.20358	4.0363	0.89447	2.1264	6.3472	11.754
0.20348	4.0363	0.89406	2.1267	6.3472	11.754
0.20348	4.0363	0.89406	2.1267	6.3472	11.754
0.20348	4.0363	0.89406	2.1267	6.3472	11.754
0.20342	4.0363	0.89378	2.127	6.3472	11.754
0.20342	4.0363	0.89378	2.127	6.3472	11.754
0.2034	4.0363	0.89364	2.1273	6.3472	11.754
0.2034	4.0363	0.89364	2.1273	6.3472	11.754
0.2034	4.0363	0.89364	2.1273	6.3472	11.754
0.2034	4.0363	0.89352	2.1276	6.3472	11.754
0.2034	4.0363	0.89352	2.1276	6.3472	11.754
0.20339	4.0363	0.89343	2.1278	6.3472	11.754
0.20339	4.0363	0.89343	2.1278	6.3472	11.754
0.20339	4.0363	0.89343	2.1278	6.3472	11.754
0.20339	4.0363	0.89338	2.1279	6.3472	11.754
0.20339	4.0363	0.89338	2.1279	6.3472	11.754
0.20339	4.0363	0.89338	2.1281	6.3472	11.754
0.20339	4.0363	0.89338	2.1281	6.3472	11.754
0.20339	4.0363	0.89338	2.1281	6.3472	11.754
0.20339	4.0363	0.8934	2.1284	6.3472	11.754
0.20339	4.0363	0.8934	2.1284	6.3472	11.754
0.20339	4.0363	0.89343	2.1286	6.3472	11.754
0.20339	4.0363	0.89343	2.1286	6.3472	11.754
0.20339	4.0363	0.89343	2.1286	6.3472	11.754
0.20338	4.0362	0.89346	2.1288	6.3472	11.754
0.20338	4.0362	0.89346	2.1288	6.3472	11.754
0.20337	4.0362	0.89352	2.129	6.3472	11.754
0.20337	4.0362	0.89352	2.129	6.3472	11.754
0.20337	4.0362	0.89352	2.129	6.3472	11.754
0.20334	4.0362	0.89359	2.1291	6.3472	11.754
0.20334	4.0362	0.89359	2.1291	6.3472	11.754
0.2033	4.0362	0.89371	2.1292	6.3472	11.754
0.2033	4.0362	0.89371	2.1292	6.3472	11.754
0.2033	4.0362	0.89371	2.1292	6.3472	11.754
0.20327	4.0362	0.89388	2.1294	6.3472	11.754
0.20327	4.0362	0.89388	2.1294	6.3472	11.754
0.20325	4.0362	0.89405	2.1297	6.3472	11.754
0.20325	4.0362	0.89405	2.1297	6.3472	11.754
0.20325	4.0362	0.89405	2.1297	6.3472	11.754
0.20323	4.0362	0.89425	2.1299	6.3472	11.754
0.20323	4.0362	0.89425	2.1299	6.3472	11.754
0.20323	4.0362	0.89447	2.13	6.3472	11.754
0.20323	4.0362	0.89447	2.13	6.3472	11.754
0.20323	4.0362	0.89447	2.13	6.3472	11.754
0.20323	4.0362	0.89482	2.1301	6.3472	11.754
0.20323	4.0362	0.89482	2.1301	6.3472	11.754
0.20323	4.0362	0.89519	2.1302	6.3472	11.754
0.20323	4.0362	0.89519	2.1302	6.3472	11.754
0.20323	4.0362	0.89519	2.1302	6.3472	11.754
0.20323	4.0362	0.89548	2.1303	6.3472	11.754
0.20323	4.0362	0.89548	2.1303	6.3472	11.754
0.20323	4.0362	0.89583	2.1304	6.3472	11.754
0.20323	4.0362	0.89583	2.1304	6.3472	11.754
0.20323	4.0362	0.89583	2.1304	6.3472	11.754
0.20323	4.0362	0.89611	2.1305	6.3472	11.754
0.20323	4.0362	0.89611	2.1305	6.3472	11.754
0.20323	4.0362	0.89637	2.1306	6.3472	11.754
0.20323	4.0362	0.89637	2.1306	6.3472	11.754
0.20323	4.0362	0.89637	2.1306	6.3472	11.754
0.20323	4.0362	0.89664	2.1307	6.3472	11.754
0.20323	4.0362	0.89664	2.1307	6.3472	11.754
0.20323	4.0362	0.89694	2.1309	6.3472	11.754
0.20323	4.0362	0.89694	2.1309	6.3472	11.754
0.20323	4.0362	0.89694	2.1309	6.3472	11.754
0.20323	4.0362	0.89718	2.131	6.3472	11.754
0.20323	4.0362	0.89718	2.131	6.3472	11.754
0.20323	4.0362	0.89747	2.131	6.3472	11.754
0.20323	4.0362	0.89747	2.131	6.3472	11.754
0.20323	4.0362	0.89747	2.131	6.3472	11.754
0.20323	4.0361	0.89781	2.1311	6.3472	11.754
0.20323	4.0361	0.89781	2.1311	6.3472	11.754
0.20323	4.0361	0.89808	2.1312	6.3472	11.754
0.20323	4.0361	0.89808	2.1312	6.3472	11.754
0.20323	4.0361	0.89808	2.1312	6.3472	11.754
0.20323	4.0359	0.89832	2.1312	6.3472	11.754
0.20323	4.0359	0.89832	2.1312	6.3472	11.754
0.20323	4.0358	0.89859	2.1312	6.3472	11.754
0.20323	4.0358	0.89859	2.1312	6.3472	11.754
0.20323	4.0358	0.89859	2.1312	6.3472	11.754
0.20323	4.0357	0.89884	2.1312	6.3472	11.754
0.20323	4.0357	0.89884	2.1312	6.3472	11.754
0.20324	4.0356	0.89908	2.1312	6.3472	11.754
0.20324	4.0356	0.89908	2.1312	6.3472	11.754
0.20324	4.0356	0.89908	2.1312	6.3472	11.754
0.20325	4.0354	0.89932	2.1313	6.3472	11.754
0.20325	4.0354	0.89932	2.1313	6.3472	11.754
0.20326	4.0353	0.8996	2.1313	6.3472	11.754
0.20326	4.0353	0.8996	2.1313	6.3472	11.754
0.20326	4.0353	0.8996	2.1313	6.3472	11.754
0.20326	4.0352	0.89992	2.1313	6.3472	11.754
0.20326	4.0352	0.89992	2.1313	6.3472	11.754
0.20327	4.035	0.90026	2.1313	6.3472	11.754
0.20327	4.035	0.90026	2.1313	6.3472	11.754
0.20327	4.035	0.90026	2.1313	6.3472	11.754
0.20327	4.0348	0.90066	2.1313	6.3472	11.754
0.20327	4.0348	0.90066	2.1313	6.3472	11.754
0.20328	4.0346	0.90102	2.1313	6.3472	11.754
0.20328	4.0346	0.90102	2.1313	6.3472	11.754
0.20328	4.0346	0.90102	2.1313	6.3472	11.754
0.20328	4.0344	0.90146	2.1313	6.3472	11.754
0.20328	4.0344	0.90146	2.1313	6.3472	11.754
0.20327	4.034	0.90194	2.1313	6.3472	11.754
0.20327	4.034	0.90194	2.1313	6.3472	11.754
0.20327	4.034	0.90194	2.1313	6.3472	11.754
0.20327	4.0336	0.9025	2.1313	6.3472	11.754
0.20327	4.0336	0.9025	2.1313	6.3472	11.754
0.20327	4.0332	0.90326	2.1313	6.3472	11.754
0.20327	4.0332	0.90326	2.1313	6.3472	11.754
0.20327	4.0332	0.90326	2.1313	6.3472	11.754
0.20327	4.0327	0.90417	2.1313	6.3472	11.754
0.20327	4.0327	0.90417	2.1313	6.3472	11.754
0.20327	4.0321	0.90514	2.1313	6.3472	11.754
0.20327	4.0321	0.90514	2.1313	6.3472	11.754
0.20327	4.0321	0.90514	2.1313	6.3472	11.754
0.20327	4.0314	0.90618	2.1313	6.3472	11.754
0.20327	4.0314	0.90618	2.1313	6.3472	11.754
0.20327	4.0308	0.9074	2.1313	6.3472	11.754
0.20327	4.0308	0.9074	2.1313	6.3472	11.754
0.20327	4.0308	0.9074	2.1313	6.3472	11.754
0.20327	4.0301	0.90872	2.1313	6.3472	11.754
0.20327	4.0301	0.90872	2.1313	6.3472	11.754
0.20327	4.0292	0.91022	2.1313	6.3472	11.754
0.20327	4.0292	0.91022	2.1313	6.3472	11.754
0.20327	4.0292	0.91022	2.1313	6.3472	11.754
0.20327	4.0282	0.91179	2.1313	6.3472	11.754
0.20327	4.0282	0.91179	2.1313	6.3472	11.754
0.20327	4.0273	0.91359	2.1313	6.3472	11.754
0.20327	4.0273	0.91359	2.1313	6.3472	11.754
0.20327	4.0273	0.91359	2.1313	6.3472	11.754
0.20327	4.0261	0.91546	2.1313	6.3472	11.754
0.20327	4.0261	0.91546	2.1313	6.3472	11.754
0.20327	4.0248	0.91748	2.1313	6.3472	11.754
0.20327	4.0248	0.91748	2.1313	6.3472	11.754
0.20327	4.0248	0.91748	2.1313	6.3472	11.754
0.20328	4.0235	0.91979	2.1313	6.3472	11.754
0.20328	4.0235	0.91979	2.1313	6.3472	11.754
0.20328	4.0221	0.92198	2.1313	6.3472	11.754
0.20328	4.0221	0.92198	2.1313	6.3472	11.754
0.20328	4.0221	0.92198	2.1313	6.3472	11.754
0.20328	4.0206	0.92447	2.1313	6.3472	11.754
0.20328	4.0206	0.92447	2.1313	6.3472	11.754
0.20328	4.019	0.92678	2.1313	6.3472	11.754
0.20328	4.019	0.92678	2.1313	6.3472	11.754
0.20328	4.019	0.92678	2.1313	6.3472	11.754
0.20328	4.0173	0.92948	2.1313	6.3472	11.754
0.20328	4.0173	0.92948	2.1313	6.3472	11.754
0.20328	4.0158	0.93196	2.1313	6.3472	11.754
0.20328	4.0158	0.93196	2.1313	6.3472	11.754
0.20328	4.0158	0.93196	2.1313	6.3472	11.754
0.20328	4.0142	0.93501	2.1313	6.3472	11.754
0.20328	4.0142	0.93501	2.1313	6.3472	11.754
0.20327	4.0124	0.93802	2.1313	6.3472	11.754
0.20327	4.0124	0.93802	2.1313	6.3472	11.754
0.20327	4.0124	0.93802	2.1313	6.3472	11.754
0.20327	4.0106	0.94124	2.1313	6.3472	11.754
0.20327	4.0106	0.94124	2.1313	6.3472	11.754
0.20327	4.0088	0.94466	2.1314	6.3472	11.754
0.20327	4.0088	0.94466	2.1314	6.3472	11.754
0.20327	4.0088	0.94466	2.1314	6.3472	11.754
0.20326	4.0068	0.94796	2.1314	6.3472	11.754
0.20326	4.0068	0.94796	2.1314	6.3472	11.754
0.20326	4.0049	0.95166	2.1314	6.3472	11.754
0.20326	4.0049	0.95166	2.1314	6.3472	11.754
0.20326	4.0049	0.95166	2.1314	6.3472	11.754
0.20326	4.0029	0.95491	2.1314	6.3472	11.754
0.20326	4.0029	0.95491	2.1314	6.3472	11.754
0.20325	4.0009	0.95859	2.1314	6.3472	11.754
0.20325	4.0009	0.95859	2.1314	6.3472	11.754
0.20325	4.0009	0.95859	2.1314	6.3472	11.754
0.20325	3.999	0.9621	2.1314	6.3472	11.754
0.20325	3.999	0.9621	2.1314	6.3472	11.754
0.20324	3.9972	0.96575	2.1314	6.3472	11.754
0.20324	3.9972	0.96575	2.1314	6.3472	11.754
0.20324	3.9972	0.96575	2.1314	6.3472	11.754
0.20323	3.9953	0.96957	2.1314	6.3472	11.754
0.20323	3.9953	0.96957	2.1314	6.3472	11.754
0.20322	3.9934	0.97301	2.1314	6.3472	11.754
0.20322	3.9934	0.97301	2.1314	6.3472	11.754
0.20322	3.9934	0.97301	2.1314	6.3472	11.754
0.20322	3.9915	0.97675	2.1314	6.3472	11.754
0.20322	3.9915	0.97675	2.1314	6.3472	11.754
0.20321	3.9896	0.98013	2.1314	6.3472	11.754
0.20321	3.9896	0.98013	2.1314	6.3472	11.754
0.20321	3.9896	0.98013	2.1314	6.3472	11.754
0.2032	3.9879	0.98379	2.1315	6.3472	11.754
0.2032	3.9879	0.98379	2.1315	6.3472	11.754
0.20319	3.986	0.9875	2.1315	6.3472	11.754
0.20319	3.986	0.9875	2.1315	6.3472	11.754
0.20319	3.986	0.9875	2.1315	6.3472	11.754
0.20317	3.9842	0.99098	2.1316	6.3472	11.754
0.20317	3.9842	0.99098	2.1316	6.3472	11.754
0.20313	3.9825	0.99462	2.1316	6.3472	11.754
0.20313	3.9825	0.99462	2.1316	6.3472	11.754
0.20313	3.9825	0.99462	2.1316	6.3472	11.754
0.20307	3.9808	0.99803	2.1318	6.3472	11.754
0.20307	3.9808	0.99803	2.1318	6.3472	11.754
0.20299	3.9793	1.0012	2.1319	6.3472	11.754
0.20299	3.9793	1.0012	2.1319	6.3472	11.754
0.20299	3.9793	1.0012	2.1319	6.3472	11.754
0.2029	3.9778	1.0048	2.132	6.3472	11.754
0.2029	3.9778	1.0048	2.132	6.3472	11.754
0.20275	3.9764	1.0081	2.1321	6.3472	11.754
0.20275	3.9764	1.0081	2.1321	6.3472	11.754
0.20275	3.9764	1.0081	2.1321	6.3472	11.754
0.20254	3.975	1.0112	2.1322	6.3472	11.754
0.20254	3.975	1.0112	2.1322	6.3472	11.754
0.20234	3.9735	1.0145	2.1323	6.3472	11.754
0.20234	3.9735	1.0145	2.1323	6.3472	11.754
0.20234	3.9735	1.0145	2.1323	6.3472	11.754
0.20215	3.9722	1.0177	2.1323	6.3472	11.754
0.20215	3.9722	1.0177	2.1323	6.3472	11.754
0.20201	3.9709	1.0208	2.1324	6.3472	11.754
0.20201	3.9709	1.0208	2.1324	6.3472	11.754
0.20201	3.9709	1.0208	2.1324	6.3472	11.754
0.2019	3.9696	1.024	2.1324	6.3472	11.754
0.2019	3.9696	1.024	2.1324	6.3472	11.754
0.20175	3.9684	1.0269	2.1324	6.3472	11.754
0.20175	3.9684	1.0269	2.1324	6.3472	11.754
0.20175	3.9684	1.0269	2.1324	6.3472	11.754
0.20159	3.9673	1.0298	2.1324	6.3472	11.754
0.20159	3.9673	1.0298	2.1324	6.3472	11.754
0.20142	3.9662	1.0328	2.1325	6.3472	11.754
0.20142	3.9662	1.0328	2.1325	6.3472	11.754
0.20142	3.9662	1.0328	2.1325	6.3472	11.754
0.20125	3.9652	1.0357	2.1325	6.3472	11.754
0.20125	3.9652	1.0357	2.1325	6.3472	11.754
0.2011	3.9641	1.0386	2.1325	6.3472	11.754
0.2011	3.9641	1.0386	2.1325	6.3472	11.754
0.2011	3.9641	1.0386	2.1325	6.3472	11.754
0.20091	3.9632	1.0413	2.1325	6.3472	11.754
0.20091	3.9632	1.0413	2.1325	6.3472	11.754
0.20056	3.9623	1.044	2.1325	6.3472	11.754
0.20056	3.9623	1.044	2.1325	6.3472	11.754
0.20056	3.9623	1.044	2.1325	6.3472	11.754
0.20005	3.9614	1.0467	2.1326	6.3472	11.754
0.20005	3.9614	1.0467	2.1326	6.3472	11.754
0.19946	3.9605	1.0492	2.1326	6.3472	11.754
0.19946	3.9605	1.0492	2.1326	6.3472	11.754
0.19946	3.9605	1.0492	2.1326	6.3472	11.754
0.19873	3.9597	1.0518	2.1326	6.3472	11.754
0.19873	3.9597	1.0518	2.1326	6.3472	11.754
0.19772	3.9589	1.0543	2.1326	6.3472	11.754
0.19772	3.9589	1.0543	2.1326	6.3472	11.754
0.19772	3.9589	1.0543	2.1326	6.3472	11.754
0.19674	3.9582	1.0571	2.1326	6.3472	11.754
0.19674	3.9582	1.0571	2.1326	6.3472	11.754
0.1954	3.9574	1.0596	2.1326	6.3472	11.754
0.1954	3.9574	1.0596	2.1326	6.3472	11.754
0.1954	3.9574	1.0596	2.1326	6.3472	11.754
0.19413	3.9567	1.0624	2.1326	6.3472	11.754
0.19413	3.9567	1.0624	2.1326	6.3472	11.754
0.1928	3.9559	1.065	2.1326	6.3472	11.754
0.1928	3.9559	1.065	2.1326	6.3472	11.754
0.1928	3.9559	1.065	2.1326	6.3472	11.754
0.19113	3.9552	1.0673	2.1326	6.3472	11.754
0.19113	3.9552	1.0673	2.1326	6.3472	11.754
0.18953	3.9544	1.07	2.1326	6.3472	11.754
0.18953	3.9544	1.07	2.1326	6.3472	11.754
0.18953	3.9544	1.07	2.1326	6.3472	11.754
0.18753	3.9536	1.0725	2.1326	6.3472	11.754
0.18753	3.9536	1.0725	2.1326	6.3472	11.754
0.18529	3.9528	1.0751	2.1326	6.3472	11.754
0.18529	3.9528	1.0751	2.1326	6.3472	11.754
0.18529	3.9528	1.0751	2.1326	6.3472	11.754
0.18274	3.952	1.0778	2.1326	6.3472	11.754
0.18274	3.952	1.0778	2.1326	6.3472	11.754
0.18053	3.9512	1.0808	2.1326	6.3472	11.754
0.18053	3.9512	1.0808	2.1326	6.3472	11.754
0.18053	3.9512	1.0808	2.1326	6.3472	11.754
0.17794	3.9503	1.0836	2.1326	6.3472	11.754
0.17794	3.9503	1.0836	2.1326	6.3472	11.754
0.17546	3.9492	1.0862	2.1326	6.3472	11.754
0.17546	3.9492	1.0862	2.1326	6.3472	11.754
0.17546	3.9492	1.0862	2.1326	6.3472	11.754
0.17324	3.9483	1.0893	2.1326	6.3472	11.754
0.17324	3.9483	1.0893	2.1326	6.3472	11.754
0.17086	3.9471	1.0921	2.1326	6.3472	11.754
0.17086	3.9471	1.0921	2.1326	6.3472	11.754
0.17086	3.9471	1.0921	2.1326	6.3472	11.754
0.16856	3.946	1.0948	2.1326	6.3472	11.754
0.16856	3.946	1.0948	2.1326	6.3472	11.754
0.16609	3.9447	1.0979	2.1326	6.3472	11.754
0.16609	3.9447	1.0979	2.1326	6.3472	11.754
0.16609	3.9447	1.0979	2.1326	6.3472	11.754
0.16373	3.9434	1.1009	2.1327	6.3472	11.754
0.16373	3.9434	1.1009	2.1327	6.3472	11.754
0.1608	3.942	1.1039	2.1327	6.3472	11.754
0.1608	3.942	1.1039	2.1327	6.3472	11.754
0.1608	3.942	1.1039	2.1327	6.3472	11.754
0.15753	3.9406	1.1072	2.1327	6.3472	11.754
0.15753	3.9406	1.1072	2.1327	6.3472	11.754
0.15424	3.9393	1.1104	2.1327	6.3472	11.754
0.15424	3.9393	1.1104	2.1327	6.3472	11.754
0.15424	3.9393	1.1104	2.1327	6.3472	11.754
0.15096	3.9377	1.1139	2.1327	6.3472	11.754
0.15096	3.9377	1.1139	2.1327	6.3472	11.754
0.14727	3.9363	1.117	2.1327	6.3472	11.754
0.14727	3.9363	1.117	2.1327	6.3472	11.754
0.14727	3.9363	1.117	2.1327	6.3472	11.754
0.14382	3.9347	1.1204	2.1327	6.3472	11.754
0.14382	3.9347	1.1204	2.1327	6.3472	11.754
0.13969	3.9332	1.1234	2.1327	6.3472	11.754
0.13969	3.9332	1.1234	2.1327	6.3472	11.754
0.13969	3.9332	1.1234	2.1327	6.3472	11.754
0.13552	3.9317	1.1268	2.1327	6.3472	11.754
0.13552	3.9317	1.1268	2.1327	6.3472	11.754
0.13161	3.9302	1.1299	2.1327	6.3472	11.754
0.13161	3.9302	1.1299	2.1327	6.3472	11.754
0.13161	3.9302	1.1299	2.1327	6.3472	11.754
0.12698	3.9287	1.1332	2.1327	6.3472	11.754
0.12698	3.9287	1.1332	2.1327	6.3472	11.754
0.12306	3.9272	1.1364	2.1327	6.3472	11.754
0.12306	3.9272	1.1364	2.1327	6.3472	11.754
0.12306	3.9272	1.1364	2.1327	6.3472	11.754
0.11876	3.9259	1.1399	2.1327	6.3472	11.754
0.11876	3.9259	1.1399	2.1327	6.3472	11.754
0.11478	3.9244	1.143	2.1327	6.3472	11.754
0.11478	3.9244	1.143	2.1327	6.3472	11.754
0.11478	3.9244	1.143	2.1327	6.3472	11.754
0.11001	3.923	1.1463	2.1327	6.3472	11.754
0.11001	3.923	1.1463	2.1327	6.3472	11.754
0.10606	3.9216	1.1492	2.1327	6.3472	11.754
0.10606	3.9216	1.1492	2.1327	6.3472	11.754
0.10606	3.9216	1.1492	2.1327	6.3472	11.754
0.10168	3.9201	1.1522	2.1327	6.3472	11.754
0.10168	3.9201	1.1522	2.1327	6.3472	11.754
0.097587	3.9188	1.155	2.1327	6.3472	11.754
0.097587	3.9188	1.155	2.1327	6.3472	11.754
0.097587	3.9188	1.155	2.1327	6.3472	11.754
0.093687	3.9173	1.1581	2.1327	6.3472	11.754
0.093687	3.9173	1.1581	2.1327	6.3472	11.754
0.088895	3.9159	1.161	2.1327	6.3472	11.754
0.088895	3.9159	1.161	2.1327	6.3472	11.754
0.088895	3.9159	1.161	2.1327	6.3472	11.754
0.084674	3.9145	1.1637	2.1327	6.3472	11.754
0.084674	3.9145	1.1637	2.1327	6.3472	11.754
0.079665	3.9133	1.1665	2.1327	6.3472	11.754
0.079665	3.9133	1.1665	2.1327	6.3472	11.754
0.079665	3.9133	1.1665	2.1327	6.3472	11.754
0.075309	3.912	1.1692	2.1327	6.3472	11.754
0.075309	3.912	1.1692	2.1327	6.3472	11.754
0.069823	3.9108	1.1718	2.1327	6.3472	11.754
0.069823	3.9108	1.1718	2.1327	6.3472	11.754
0.069823	3.9108	1.1718	2.1327	6.3472	11.754
0.064593	3.9096	1.1742	2.1327	6.3472	11.754
0.064593	3.9096	1.1742	2.1327	6.3472	11.754
0.059697	3.9083	1.1766	2.1327	6.3472	11.754
0.059697	3.9083	1.1766	2.1327	6.3472	11.754
0.059697	3.9083	1.1766	2.1327	6.3472	11.754
0.053992	3.907	1.1787	2.1327	6.3472	11.754
0.053992	3.907	1.1787	2.1327	6.3472	11.754
0.048867	3.9059	1.1809	2.1327	6.3472	11.754
0.048867	3.9059	1.1809	2.1327	6.3472	11.754
0.048867	3.9059	1.1809	2.1327	6.3472	11.754
0.043292	3.9047	1.1832	2.1327	6.3472	11.754
0.043292	3.9047	1.1832	2.1327	6.3472	11.754
0.037932	3.9034	1.1851	2.1327	6.3472	11.754
0.037932	3.9034	1.1851	2.1327	6.3472	11.754
0.037932	3.9034	1.1851	2.1327	6.3472	11.754
0.032023	3.9023	1.1871	2.1327	6.3472	11.754
0.032023	3.9023	1.1871	2.1327	6.3472	11.754
0.026753	3.9014	1.1889	2.1327	6.3472	11.754
0.026753	3.9014	1.1889	2.1327	6.3472	11.754
0.026753	3.9014	1.1889	2.1327	6.3472	11.754
0.020676	3.9004	1.1908	2.1327	6.3472	11.754
0.020676	3.9004	1.1908	2.1327	6.3472	11.754
0.015063	3.8994	1.1924	2.1327	6.3472	11.754
0.015063	3.8994	1.1924	2.1327	6.3472	11.754
0.015063	3.8994	1.1924	2.1327	6.3472	11.754
0.0086683	3.8986	1.194	2.1327	6.3472	11.754
0.0086683	3.8986	1.194	2.1327	6.3472	11.754
0.0029133	3.8977	1.1956	2.1327	6.3472	11.754
0.0029133	3.8977	1.1956	2.1327	6.3472	11.754
0.0029133	3.8977	1.1956	2.1327	6.3472	11.754
-0.0028235	3.8968	1.1971	2.1327	6.3472	11.754
-0.0028235	3.8968	1.1971	2.1327	6.3472	11.754
-0.0092362	3.8959	1.1985	2.1327	6.3472	11.754
-0.0092362	3.8959	1.1985	2.1327	6.3472	11.754
-0.0092362	3.8959	1.1985	2.1327	6.3472	11.754
-0.015039	3.8951	1.1998	2.1327	6.3472	11.754
-0.015039	3.8951	1.1998	2.1327	6.3472	11.754
-0.021566	3.8943	1.2009	2.1327	6.3472	11.754
-0.021566	3.8943	1.2009	2.1327	6.3472	11.754
-0.021566	3.8943	1.2009	2.1327	6.3472	11.754
-0.027435	3.8935	1.2021	2.1327	6.3472	11.754
-0.027435	3.8935	1.2021	2.1327	6.3472	11.754
-0.034069	3.8926	1.2032	2.1327	6.3472	11.754
-0.034069	3.8926	1.2032	2.1327	6.3472	11.754
-0.034069	3.8926	1.2032	2.1327	6.3472	11.754
-0.039956	3.8919	1.2042	2.1327	6.3472	11.754
-0.039956	3.8919	1.2042	2.1327	6.3472	11.754
-0.046487	3.8911	1.2053	2.1327	6.3472	11.754
-0.046487	3.8911	1.2053	2.1327	6.3472	11.754
-0.046487	3.8911	1.2053	2.1327	6.3472	11.754
-0.052615	3.8904	1.2063	2.1327	6.3472	11.754
-0.052615	3.8904	1.2063	2.1327	6.3472	11.754
-0.058618	3.8896	1.2072	2.1327	6.3472	11.754
-0.058618	3.8896	1.2072	2.1327	6.3472	11.754
-0.058618	3.8896	1.2072	2.1327	6.3472	11.754
-0.065017	3.8889	1.2081	2.1327	6.3472	11.754
-0.065017	3.8889	1.2081	2.1327	6.3472	11.754
-0.0715	3.8882	1.209	2.1327	6.3472	11.754
-0.0715	3.8882	1.209	2.1327	6.3472	11.754
-0.0715	3.8882	1.209	2.1327	6.3472	11.754
-0.078179	3.8875	1.2099	2.1327	6.3472	11.754
-0.078179	3.8875	1.2099	2.1327	6.3472	11.754
-0.08403	3.8868	1.2107	2.1327	6.3472	11.754
-0.08403	3.8868	1.2107	2.1327	6.3472	11.754
-0.08403	3.8868	1.2107	2.1327	6.3472	11.754
-0.090503	3.886	1.2115	2.1327	6.3472	11.754
-0.090503	3.886	1.2115	2.1327	6.3472	11.754
-0.096571	3.8853	1.2122	2.1327	6.3472	11.754
-0.096571	3.8853	1.2122	2.1327	6.3472	11.754
-0.096571	3.8853	1.2122	2.1327	6.3472	11.754
-0.10268	3.8848	1.2129	2.1327	6.3472	11.754
-0.10268	3.8848	1.2129	2.1327	6.3472	11.754
-0.10921	3.8841	1.2138	2.1327	6.3472	11.754
-0.10921	3.8841	1.2138	2.1327	6.3472	11.754
-0.10921	3.8841	1.2138	2.1327	6.3472	11.754
-0.11527	3.8835	1.2144	2.1327	6.3472	11.754
-0.11527	3.8835	1.2144	2.1327	6.3472	11.754
-0.12137	3.8829	1.2151	2.1327	6.3472	11.754
-0.12137	3.8829	1.2151	2.1327	6.3472	11.754
-0.12137	3.8829	1.2151	2.1327	6.3472	11.754
-0.12815	3.8823	1.2157	2.1327	6.3472	11.754
-0.12815	3.8823	1.2157	2.1327	6.3472	11.754
-0.13411	3.8816	1.2162	2.1327	6.3472	11.754
-0.13411	3.8816	1.2162	2.1327	6.3472	11.754
-0.13411	3.8816	1.2162	2.1327	6.3472	11.754
-0.1407	3.881	1.2167	2.1327	6.3472	11.754
-0.1407	3.881	1.2167	2.1327	6.3472	11.754
-0.14654	3.8804	1.2171	2.1327	6.3472	11.754
-0.14654	3.8804	1.2171	2.1327	6.3472	11.754
-0.14654	3.8804	1.2171	2.1327	6.3472	11.754
-0.15312	3.8798	1.2176	2.1327	6.3472	11.754
-0.15312	3.8798	1.2176	2.1327	6.3472	11.754
-0.15893	3.8792	1.2181	2.1327	6.3472	11.754
-0.15893	3.8792	1.2181	2.1327	6.3472	11.754
-0.15893	3.8792	1.2181	2.1327	6.3472	11.754
-0.16569	3.8786	1.2186	2.1327	6.3472	11.754
-0.16569	3.8786	1.2186	2.1327	6.3472	11.754
-0.17155	3.8779	1.2191	2.1327	6.3472	11.754
-0.17155	3.8779	1.2191	2.1327	6.3472	11.754
-0.17155	3.8779	1.2191	2.1327	6.3472	11.754
-0.17823	3.8773	1.2195	2.1327	6.3472	11.754
-0.17823	3.8773	1.2195	2.1327	6.3472	11.754
-0.18438	3.8767	1.2198	2.1327	6.3472	11.754
-0.18438	3.8767	1.2198	2.1327	6.3472	11.754
-0.18438	3.8767	1.2198	2.1327	6.3472	11.754
-0.19046	3.8761	1.2201	2.1327	6.3472	11.754
-0.19046	3.8761	1.2201	2.1327	6.3472	11.754
-0.1969	3.8755	1.2204	2.1327	6.3472	11.754
-0.1969	3.8755	1.2204	2.1327	6.3472	11.754
-0.1969	3.8755	1.2204	2.1327	6.3472	11.754
-0.20335	3.8749	1.2207	2.1327	6.3472	11.754
-0.20335	3.8749	1.2207	2.1327	6.3472	11.754
-0.20917	3.8744	1.2211	2.1327	6.3472	11.754
-0.20917	3.8744	1.2211	2.1327	6.3472	11.754
-0.20917	3.8744	1.2211	2.1327	6.3472	11.754
-0.21552	3.8741	1.2215	2.1327	6.3472	11.754
-0.21552	3.8741	1.2215	2.1327	6.3472	11.754
-0.22216	3.8736	1.2219	2.1327	6.3472	11.754
-0.22216	3.8736	1.2219	2.1327	6.3472	11.754
-0.22216	3.8736	1.2219	2.1327	6.3472	11.754
-0.2278	3.8731	1.2223	2.1327	6.3472	11.754
-0.2278	3.8731	1.2223	2.1327	6.3472	11.754
-0.23431	3.8727	1.2226	2.1327	6.3472	11.754
-0.23431	3.8727	1.2226	2.1327	6.3472	11.754
-0.23431	3.8727	1.2226	2.1327	6.3472	11.754
-0.24041	3.8723	1.223	2.1327	6.3472	11.754
-0.24041	3.8723	1.223	2.1327	6.3472	11.754
-0.24672	3.8719	1.2233	2.1327	6.3472	11.754
-0.24672	3.8719	1.2233	2.1327	6.3472	11.754
-0.24672	3.8719	1.2233	2.1327	6.3472	11.754
-0.25264	3.8715	1.2235	2.1327	6.3472	11.754
-0.25264	3.8715	1.2235	2.1327	6.3472	11.754
-0.25901	3.8711	1.2239	2.1327	6.3472	11.754
-0.25901	3.8711	1.2239	2.1327	6.3472	11.754
-0.25901	3.8711	1.2239	2.1327	6.3472	11.754
-0.2659	3.8708	1.2243	2.1327	6.3472	11.754
-0.2659	3.8708	1.2243	2.1327	6.3472	11.754
-0.27181	3.8704	1.2248	2.1327	6.3472	11.754
-0.27181	3.8704	1.2248	2.1327	6.3472	11.754
-0.27181	3.8704	1.2248	2.1327	6.3472	11.754
-0.27788	3.8701	1.2253	2.1327	6.3472	11.754
-0.27788	3.8701	1.2253	2.1327	6.3472	11.754
-0.28384	3.8697	1.2258	2.1327	6.3472	11.754
-0.28384	3.8697	1.2258	2.1327	6.3472	11.754
-0.28384	3.8697	1.2258	2.1327	6.3472	11.754
-0.29036	3.8693	1.2262	2.1327	6.3472	11.754
-0.29036	3.8693	1.2262	2.1327	6.3472	11.754
-0.29682	3.8691	1.2266	2.1327	6.3472	11.754
-0.29682	3.8691	1.2266	2.1327	6.3472	11.754
-0.29682	3.8691	1.2266	2.1327	6.3472	11.754
-0.30318	3.8688	1.2271	2.1327	6.3472	11.754
-0.30318	3.8688	1.2271	2.1327	6.3472	11.754
-0.30933	3.8685	1.2275	2.1327	6.3472	11.754
-0.30933	3.8685	1.2275	2.1327	6.3472	11.754
-0.30933	3.8685	1.2275	2.1327	6.3472	11.754
-0.31587	3.8684	1.228	2.1327	6.3472	11.754
-0.31587	3.8684	1.228	2.1327	6.3472	11.754
-0.32159	3.8682	1.2285	2.1327	6.3472	11.754
-0.32159	3.8682	1.2285	2.1327	6.3472	11.754
-0.32159	3.8682	1.2285	2.1327	6.3472	11.754
-0.32871	3.8679	1.229	2.1327	6.3472	11.754
-0.32871	3.8679	1.229	2.1327	6.3472	11.754
-0.33461	3.8677	1.2295	2.1327	6.3472	11.754
-0.33461	3.8677	1.2295	2.1327	6.3472	11.754
-0.33461	3.8677	1.2295	2.1327	6.3472	11.754
-0.34114	3.8676	1.23	2.1327	6.3472	11.754
-0.34114	3.8676	1.23	2.1327	6.3472	11.754
-0.34706	3.8674	1.2305	2.1327	6.3472	11.754
-0.34706	3.8674	1.2305	2.1327	6.3472	11.754
-0.34706	3.8674	1.2305	2.1327	6.3472	11.754
-0.3539	3.8672	1.2309	2.1327	6.3472	11.754
-0.3539	3.8672	1.2309	2.1327	6.3472	11.754
-0.36008	3.8669	1.2314	2.1327	6.3472	11.754
-0.36008	3.8669	1.2314	2.1327	6.3472	11.754
-0.36008	3.8669	1.2314	2.1327	6.3472	11.754
-0.36588	3.8668	1.232	2.1327	6.3472	11.754
-0.36588	3.8668	1.232	2.1327	6.3472	11.754
-0.37208	3.8666	1.2325	2.1327	6.3472	11.754
-0.37208	3.8666	1.2325	2.1327	6.3472	11.754
-0.37208	3.8666	1.2325	2.1327	6.3472	11.754
-0.3788	3.8664	1.2331	2.1327	6.3472	11.754
-0.3788	3.8664	1.2331	2.1327	6.3472	11.754
-0.3847	3.8663	1.2338	2.1327	6.3472	11.754
-0.3847	3.8663	1.2338	2.1327	6.3472	11.754
-0.3847	3.8663	1.2338	2.1327	6.3472	11.754
-0.39095	3.8662	1.2345	2.1327	6.3472	11.754
-0.39095	3.8662	1.2345	2.1327	6.3472	11.754
-0.39744	3.8662	1.2353	2.1327	6.3472	11.754
-0.39744	3.8662	1.2353	2.1327	6.3472	11.754
-0.39744	3.8662	1.2353	2.1327	6.3472	11.754
-0.40398	3.8662	1.2361	2.1327	6.3472	11.754
-0.40398	3.8662	1.2361	2.1327	6.3472	11.754
-0.41001	3.8662	1.2371	2.1327	6.3472	11.754
-0.41001	3.8662	1.2371	2.1327	6.3472	11.754
-0.41001	3.8662	1.2371	2.1327	6.3472	11.754
-0.41618	3.8662	1.238	2.1327	6.3472	11.754
-0.41618	3.8662	1.238	2.1327	6.3472	11.754
-0.42246	3.8662	1.2392	2.1327	6.3472	11.754
-0.42246	3.8662	1.2392	2.1327	6.3472	11.754
-0.42246	3.8662	1.2392	2.1327	6.3472	11.754
-0.42859	3.8662	1.2403	2.1327	6.3472	11.754
-0.42859	3.8662	1.2403	2.1327	6.3472	11.754
-0.43511	3.8662	1.2414	2.1327	6.3472	11.754
-0.43511	3.8662	1.2414	2.1327	6.3472	11.754
-0.43511	3.8662	1.2414	2.1327	6.3472	11.754
-0.44134	3.8662	1.2427	2.1327	6.3472	11.754
-0.44134	3.8662	1.2427	2.1327	6.3472	11.754
-0.44716	3.8661	1.244	2.1327	6.3472	11.754
-0.44716	3.8661	1.244	2.1327	6.3472	11.754
-0.44716	3.8661	1.244	2.1327	6.3472	11.754
-0.45338	3.8661	1.2454	2.1327	6.3472	11.754
-0.45338	3.8661	1.2454	2.1327	6.3472	11.754
-0.46002	3.8661	1.2468	2.1327	6.3472	11.754
-0.46002	3.8661	1.2468	2.1327	6.3472	11.754
-0.46002	3.8661	1.2468	2.1327	6.3472	11.754
-0.46624	3.8661	1.2483	2.1327	6.3472	11.754
-0.46624	3.8661	1.2483	2.1327	6.3472	11.754
-0.47244	3.8661	1.2498	2.1327	6.3472	11.754
-0.47244	3.8661	1.2498	2.1327	6.3472	11.754
-0.47244	3.8661	1.2498	2.1327	6.3472	11.754
-0.47886	3.8661	1.2514	2.1327	6.3472	11.754
-0.47886	3.8661	1.2514	2.1327	6.3472	11.754
-0.48569	3.8661	1.2533	2.1327	6.3472	11.754
-0.48569	3.8661	1.2533	2.1327	6.3472	11.754
-0.48569	3.8661	1.2533	2.1327	6.3472	11.754
-0.49252	3.8661	1.2552	2.1327	6.3472	11.754
-0.49252	3.8661	1.2552	2.1327	6.3472	11.754
-0.49849	3.8661	1.2573	2.1327	6.3472	11.754
-0.49849	3.8661	1.2573	2.1327	6.3472	11.754
-0.49849	3.8661	1.2573	2.1327	6.3472	11.754
-0.5045	3.8661	1.2595	2.1327	6.3472	11.754
-0.5045	3.8661	1.2595	2.1327	6.3472	11.754
-0.51117	3.8661	1.2616	2.1328	6.3472	11.754
-0.51117	3.8661	1.2616	2.1328	6.3472	11.754
-0.51117	3.8661	1.2616	2.1328	6.3472	11.754
-0.51796	3.8661	1.2639	2.1328	6.3472	11.754
-0.51796	3.8661	1.2639	2.1328	6.3472	11.754
-0.52382	3.8661	1.266	2.1328	6.3472	11.754
-0.52382	3.8661	1.266	2.1328	6.3472	11.754
-0.52382	3.8661	1.266	2.1328	6.3472	11.754
-0.53031	3.8661	1.2681	2.1328	6.3472	11.754
-0.53031	3.8661	1.2681	2.1328	6.3472	11.754
-0.53646	3.8661	1.2702	2.1328	6.3472	11.754
-0.53646	3.8661	1.2702	2.1328	6.3472	11.754
-0.53646	3.8661	1.2702	2.1328	6.3472	11.754
-0.54299	3.8661	1.272	2.1328	6.3472	11.754
-0.54299	3.8661	1.272	2.1328	6.3472	11.754
-0.54902	3.8661	1.2739	2.1329	6.3472	11.754
-0.54902	3.8661	1.2739	2.1329	6.3472	11.754
-0.54902	3.8661	1.2739	2.1329	6.3472	11.754
-0.55503	3.8661	1.276	2.1329	6.3472	11.754
-0.55503	3.8661	1.276	2.1329	6.3472	11.754
-0.56114	3.8661	1.2777	2.133	6.3472	11.754
-0.56114	3.8661	1.2777	2.133	6.3472	11.754
-0.56114	3.8661	1.2777	2.133	6.3472	11.754
-0.56773	3.8661	1.2797	2.133	6.3472	11.754
-0.56773	3.8661	1.2797	2.133	6.3472	11.754
-0.57368	3.8661	1.2814	2.1331	6.3472	11.754
-0.57368	3.8661	1.2814	2.1331	6.3472	11.754
-0.57368	3.8661	1.2814	2.1331	6.3472	11.754
-0.58055	3.8661	1.2832	2.1331	6.3472	11.754
-0.58055	3.8661	1.2832	2.1331	6.3472	11.754
-0.58713	3.8661	1.2849	2.1332	6.3472	11.754
-0.58713	3.8661	1.2849	2.1332	6.3472	11.754
-0.58713	3.8661	1.2849	2.1332	6.3472	11.754
-0.59285	3.8661	1.2864	2.1332	6.3472	11.754
-0.59285	3.8661	1.2864	2.1332	6.3472	11.754
-0.59939	3.8661	1.2878	2.1332	6.3472	11.754
-0.59939	3.8661	1.2878	2.1332	6.3472	11.754
-0.59939	3.8661	1.2878	2.1332	6.3472	11.754
-0.60584	3.8661	1.2893	2.1332	6.3472	11.754
-0.60584	3.8661	1.2893	2.1332	6.3472	11.754
-0.61199	3.8661	1.2907	2.1332	6.3472	11.754
-0.61199	3.8661	1.2907	2.1332	6.3472	11.754
-0.61199	3.8661	1.2907	2.1332	6.3472	11.754
-0.61763	3.8661	1.292	2.1332	6.3472	11.754
-0.61763	3.8661	1.292	2.1332	6.3472	11.754
-0.62419	3.8662	1.2932	2.1332	6.3472	11.754
-0.62419	3.8662	1.2932	2.1332	6.3472	11.754
-0.62419	3.8662	1.2932	2.1332	6.3472	11.754
-0.63037	3.8662	1.2944	2.1332	6.3472	11.754
-0.63037	3.8662	1.2944	2.1332	6.3472	11.754
-0.63686	3.8662	1.2955	2.1332	6.3472	11.754
-0.63686	3.8662	1.2955	2.1332	6.3472	11.754
-0.63686	3.8662	1.2955	2.1332	6.3472	11.754
-0.64328	3.8662	1.2966	2.1333	6.3472	11.754
-0.64328	3.8662	1.2966	2.1333	6.3472	11.754
-0.64933	3.8662	1.2976	2.1333	6.3472	11.754
-0.64933	3.8662	1.2976	2.1333	6.3472	11.754
-0.64933	3.8662	1.2976	2.1333	6.3472	11.754
-0.65546	3.8662	1.2985	2.1333	6.3472	11.754
-0.65546	3.8662	1.2985	2.1333	6.3472	11.754
-0.66223	3.8662	1.2995	2.1333	6.3472	11.754
-0.66223	3.8662	1.2995	2.1333	6.3472	11.754
-0.66223	3.8662	1.2995	2.1333	6.3472	11.754
-0.66801	3.8662	1.3003	2.1333	6.3472	11.754
-0.66801	3.8662	1.3003	2.1333	6.3472	11.754
-0.67466	3.8662	1.3011	2.1333	6.3472	11.754
-0.67466	3.8662	1.3011	2.1333	6.3472	11.754
-0.67466	3.8662	1.3011	2.1333	6.3472	11.754
-0.68103	3.8662	1.302	2.1333	6.3472	11.754
-0.68103	3.8662	1.302	2.1333	6.3472	11.754
-0.68725	3.8662	1.3028	2.1333	6.3472	11.754
-0.68725	3.8662	1.3028	2.1333	6.3472	11.754
-0.68725	3.8662	1.3028	2.1333	6.3472	11.754
-0.69292	3.8663	1.3035	2.1333	6.3472	11.754
-0.69292	3.8663	1.3035	2.1333	6.3472	11.754
-0.69956	3.8663	1.3042	2.1333	6.3472	11.754
-0.69956	3.8663	1.3042	2.1333	6.3472	11.754
-0.69956	3.8663	1.3042	2.1333	6.3472	11.754
-0.70558	3.8664	1.3049	2.1333	6.3472	11.754
-0.70558	3.8664	1.3049	2.1333	6.3472	11.754
-0.71153	3.8664	1.3055	2.1333	6.3472	11.754
-0.71153	3.8664	1.3055	2.1333	6.3472	11.754
-0.71153	3.8664	1.3055	2.1333	6.3472	11.754
-0.71822	3.8664	1.3062	2.1333	6.3472	11.754
-0.71822	3.8664	1.3062	2.1333	6.3472	11.754
-0.72434	3.8664	1.3068	2.1333	6.3472	11.754
-0.72434	3.8664	1.3068	2.1333	6.3472	11.754
-0.72434	3.8664	1.3068	2.1333	6.3472	11.754
-0.73067	3.8664	1.3074	2.1333	6.3472	11.754
-0.73067	3.8664	1.3074	2.1333	6.3472	11.754
-0.73709	3.8664	1.3079	2.1333	6.3472	11.754
-0.73709	3.8664	1.3079	2.1333	6.3472	11.754
-0.73709	3.8664	1.3079	2.1333	6.3472	11.754
-0.7433	3.8664	1.3084	2.1333	6.3472	11.754
-0.7433	3.8664	1.3084	2.1333	6.3472	11.754
-0.7498	3.8664	1.3089	2.1333	6.3472	11.754
-0.7498	3.8664	1.3089	2.1333	6.3472	11.754
-0.7498	3.8664	1.3089	2.1333	6.3472	11.754
-0.75571	3.8664	1.3094	2.1333	6.3472	11.754
-0.75571	3.8664	1.3094	2.1333	6.3472	11.754
-0.76213	3.8664	1.3099	2.1333	6.3472	11.754
-0.76213	3.8664	1.3099	2.1333	6.3472	11.754
-0.76213	3.8664	1.3099	2.1333	6.3472	11.754
-0.76883	3.8665	1.3103	2.1333	6.3472	11.754
-0.76883	3.8665	1.3103	2.1333	6.3472	11.754
-0.77498	3.8665	1.3108	2.1333	6.3472	11.754
-0.77498	3.8665	1.3108	2.1333	6.3472	11.754
-0.77498	3.8665	1.3108	2.1333	6.3472	11.754
-0.78129	3.8665	1.3112	2.1333	6.3472	11.754
-0.78129	3.8665	1.3112	2.1333	6.3472	11.754
-0.78706	3.8665	1.3117	2.1333	6.3472	11.754
-0.78706	3.8665	1.3117	2.1333	6.3472	11.754
-0.78706	3.8665	1.3117	2.1333	6.3472	11.754
-0.7935	3.8665	1.3121	2.1333	6.3471	11.754
-0.7935	3.8665	1.3121	2.1333	6.3471	11.754
-0.79978	3.8666	1.3125	2.1333	6.3471	11.754
-0.79978	3.8666	1.3125	2.1333	6.3471	11.754
-0.79978	3.8666	1.3125	2.1333	6.3471	11.754
-0.80634	3.8666	1.3129	2.1333	6.3471	11.754
-0.80634	3.8666	1.3129	2.1333	6.3471	11.754
-0.81238	3.8666	1.3134	2.1333	6.3471	11.754
-0.81238	3.8666	1.3134	2.1333	6.3471	11.754
-0.81238	3.8666	1.3134	2.1333	6.3471	11.754
-0.81814	3.8666	1.314	2.1333	6.3471	11.754
-0.81814	3.8666	1.314	2.1333	6.3471	11.754
-0.82464	3.8666	1.3146	2.1333	6.3471	11.754
-0.82464	3.8666	1.3146	2.1333	6.3471	11.754
-0.82464	3.8666	1.3146	2.1333	6.3471	11.754
-0.83106	3.8666	1.3152	2.1333	6.3471	11.754
-0.83106	3.8666	1.3152	2.1333	6.3471	11.754
-0.83718	3.8666	1.3159	2.1333	6.3471	11.754
-0.83718	3.8666	1.3159	2.1333	6.3471	11.754
-0.83718	3.8666	1.3159	2.1333	6.3471	11.754
-0.84334	3.8666	1.3166	2.1333	6.3471	11.754
-0.84334	3.8666	1.3166	2.1333	6.3471	11.754
-0.85003	3.8666	1.3174	2.1333	6.3471	11.754
-0.85003	3.8666	1.3174	2.1333	6.3471	11.754
-0.85003	3.8666	1.3174	2.1333	6.3471	11.754
-0.85628	3.8666	1.3181	2.1333	6.3471	11.754
-0.85628	3.8666	1.3181	2.1333	6.3471	11.754
-0.86271	3.8666	1.319	2.1333	6.3471	11.754
-0.86271	3.8666	1.319	2.1333	6.3471	11.754
-0.86271	3.8666	1.319	2.1333	6.3471	11.754
-0.86904	3.8666	1.3198	2.1333	6.3471	11.754
-0.86904	3.8666	1.3198	2.1333	6.3471	11.754
-0.87503	3.8666	1.3208	2.1333	6.3471	11.754
-0.87503	3.8666	1.3208	2.1333	6.3471	11.754
-0.87503	3.8666	1.3208	2.1333	6.3471	11.754
-0.88167	3.8666	1.3219	2.1333	6.3471	11.754
-0.88167	3.8666	1.3219	2.1333	6.3471	11.754
-0.88777	3.8666	1.323	2.1333	6.3471	11.754
-0.88777	3.8666	1.323	2.1333	6.3471	11.754
-0.88777	3.8666	1.323	2.1333	6.3471	11.754
-0.8938	3.8666	1.324	2.1333	6.3471	11.754
-0.8938	3.8666	1.324	2.1333	6.3471	11.754
-0.90035	3.8666	1.3253	2.1333	6.3471	11.754
-0.90035	3.8666	1.3253	2.1333	6.3471	11.754
-0.90035	3.8666	1.3253	2.1333	6.3471	11.754
-0.90641	3.8666	1.3267	2.1333	6.3471	11.754
-0.90641	3.8666	1.3267	2.1333	6.3471	11.754
-0.91268	3.8666	1.328	2.1333	6.3471	11.754
-0.91268	3.8666	1.328	2.1333	6.3471	11.754
-0.91268	3.8666	1.328	2.1333	6.3471	11.754
-0.91894	3.8666	1.3296	2.1333	6.3471	11.754
-0.91894	3.8666	1.3296	2.1333	6.3471	11.754
-0.92559	3.8667	1.3311	2.1333	6.3471	11.754
-0.92559	3.8667	1.3311	2.1333	6.3471	11.754
-0.92559	3.8667	1.3311	2.1333	6.3471	11.754
-0.93157	3.8667	1.3329	2.1333	6.3471	11.754
-0.93157	3.8667	1.3329	2.1333	6.3471	11.754
-0.93787	3.8667	1.3348	2.1333	6.3471	11.754
-0.93787	3.8667	1.3348	2.1333	6.3471	11.754
-0.93787	3.8667	1.3348	2.1333	6.3471	11.754
-0.94407	3.8667	1.3365	2.1333	6.3471	11.754
-0.94407	3.8667	1.3365	2.1333	6.3471	11.754
-0.95033	3.8668	1.3383	2.1333	6.3471	11.754
-0.95033	3.8668	1.3383	2.1333	6.3471	11.754
-0.95033	3.8668	1.3383	2.1333	6.3471	11.754
-0.95647	3.8668	1.3405	2.1333	6.3471	11.754
-0.95647	3.8668	1.3405	2.1333	6.3471	11.754
-0.96222	3.8668	1.3425	2.1333	6.3471	11.754
-0.96222	3.8668	1.3425	2.1333	6.3471	11.754
-0.96222	3.8668	1.3425	2.1333	6.3471	11.754
-0.96879	3.8668	1.3448	2.1333	6.3471	11.754
-0.96879	3.8668	1.3448	2.1333	6.3471	11.754
-0.97524	3.8668	1.347	2.1333	6.3471	11.754
-0.97524	3.8668	1.347	2.1333	6.3471	11.754
-0.97524	3.8668	1.347	2.1333	6.3471	11.754
-0.982	3.8668	1.3492	2.1333	6.3471	11.754
-0.982	3.8668	1.3492	2.1333	6.3471	11.754
-0.98812	3.8668	1.3519	2.1333	6.3471	11.754
-0.98812	3.8668	1.3519	2.1333	6.3471	11.754
-0.98812	3.8668	1.3519	2.1333	6.3471	11.754
-0.99395	3.8669	1.3543	2.1333	6.3471	11.754
-0.99395	3.8669	1.3543	2.1333	6.3471	11.754
-1.0006	3.867	1.357	2.1333	6.3471	11.754
-1.0006	3.867	1.357	2.1333	6.3471	11.754
-1.0006	3.867	1.357	2.1333	6.3471	11.754
-1.0069	3.867	1.3595	2.1333	6.3471	11.754
-1.0069	3.867	1.3595	2.1333	6.3471	11.754
-1.013	3.8671	1.3624	2.1333	6.3471	11.754
-1.013	3.8671	1.3624	2.1333	6.3471	11.754
-1.013	3.8671	1.3624	2.1333	6.3471	11.754
-1.0188	3.8671	1.3651	2.1333	6.3471	11.754
-1.0188	3.8671	1.3651	2.1333	6.3471	11.754
-1.0251	3.8671	1.3677	2.1333	6.3471	11.754
-1.0251	3.8671	1.3677	2.1333	6.3471	11.754
-1.0251	3.8671	1.3677	2.1333	6.3471	11.754
-1.0318	3.8672	1.3704	2.1333	6.3471	11.754
-1.0318	3.8672	1.3704	2.1333	6.3471	11.754
-1.0378	3.8672	1.3732	2.1333	6.3471	11.754
-1.0378	3.8672	1.3732	2.1333	6.3471	11.754
-1.0378	3.8672	1.3732	2.1333	6.3471	11.754
-1.0436	3.8672	1.3763	2.1333	6.3471	11.754
-1.0436	3.8672	1.3763	2.1333	6.3471	11.754
-1.0505	3.8673	1.3792	2.1333	6.3471	11.754
-1.0505	3.8673	1.3792	2.1333	6.3471	11.754
-1.0505	3.8673	1.3792	2.1333	6.3471	11.754
-1.0562	3.8673	1.3821	2.1333	6.3471	11.754
-1.0562	3.8673	1.3821	2.1333	6.3471	11.754
-1.0625	3.8674	1.3849	2.1333	6.3471	11.754
-1.0625	3.8674	1.3849	2.1333	6.3471	11.754
-1.0625	3.8674	1.3849	2.1333	6.3471	11.754
-1.0687	3.8675	1.388	2.1333	6.3471	11.754
-1.0687	3.8675	1.388	2.1333	6.3471	11.754
-1.0747	3.8676	1.3912	2.1333	6.3471	11.754
-1.0747	3.8676	1.3912	2.1333	6.3471	11.754
-1.0747	3.8676	1.3912	2.1333	6.3471	11.754
-1.081	3.8678	1.3946	2.1333	6.3471	11.754
-1.081	3.8678	1.3946	2.1333	6.3471	11.754
-1.0868	3.8679	1.3981	2.1333	6.3471	11.754
-1.0868	3.8679	1.3981	2.1333	6.3471	11.754
-1.0868	3.8679	1.3981	2.1333	6.3471	11.754
-1.0931	3.868	1.4012	2.1333	6.3471	11.754
-1.0931	3.868	1.4012	2.1333	6.3471	11.754
-1.0997	3.8681	1.4046	2.1333	6.3471	11.754
-1.0997	3.8681	1.4046	2.1333	6.3471	11.754
-1.0997	3.8681	1.4046	2.1333	6.3471	11.754
-1.1055	3.8682	1.408	2.1333	6.3471	11.754
-1.1055	3.8682	1.408	2.1333	6.3471	11.754
-1.1117	3.8683	1.4115	2.1333	6.3471	11.754
-1.1117	3.8683	1.4115	2.1333	6.3471	11.754
-1.1117	3.8683	1.4115	2.1333	6.3471	11.754
-1.1174	3.8684	1.4151	2.1333	6.3471	11.754
-1.1174	3.8684	1.4151	2.1333	6.3471	11.754
-1.1231	3.8685	1.4186	2.1333	6.3471	11.754
-1.1231	3.8685	1.4186	2.1333	6.3471	11.754
-1.1231	3.8685	1.4186	2.1333	6.3471	11.754
-1.1284	3.8686	1.4225	2.1333	6.3471	11.754
-1.1284	3.8686	1.4225	2.1333	6.3471	11.754
-1.1341	3.8687	1.4262	2.1333	6.3471	11.754
-1.1341	3.8687	1.4262	2.1333	6.3471	11.754
-1.1341	3.8687	1.4262	2.1333	6.3471	11.754
-1.1392	3.8688	1.4296	2.1333	6.3471	11.754
-1.1392	3.8688	1.4296	2.1333	6.3471	11.754
-1.1446	3.8689	1.4332	2.1333	6.3471	11.754
-1.1446	3.8689	1.4332	2.1333	6.3471	11.754
-1.1446	3.8689	1.4332	2.1333	6.3471	11.754
-1.1493	3.869	1.4366	2.1333	6.3471	11.754
-1.1493	3.869	1.4366	2.1333	6.3471	11.754
-1.1546	3.8691	1.4399	2.1333	6.3471	11.754
-1.1546	3.8691	1.4399	2.1333	6.3471	11.754
-1.1546	3.8691	1.4399	2.1333	6.3471	11.754
-1.1597	3.8692	1.4436	2.1333	6.3471	11.754
-1.1597	3.8692	1.4436	2.1333	6.3471	11.754
-1.1644	3.8694	1.447	2.1333	6.3471	11.754
-1.1644	3.8694	1.447	2.1333	6.3471	11.754
-1.1644	3.8694	1.447	2.1333	6.3471	11.754
-1.1697	3.8697	1.4506	2.1333	6.3471	11.754
-1.1697	3.8697	1.4506	2.1333	6.3471	11.754
-1.1745	3.8699	1.4537	2.1333	6.3471	11.754
-1.1745	3.8699	1.4537	2.1333	6.3471	11.754
-1.1745	3.8699	1.4537	2.1333	6.3471	11.754
-1.179	3.8702	1.4571	2.1333	6.3471	11.754
-1.179	3.8702	1.4571	2.1333	6.3471	11.754
-1.1837	3.8705	1.4604	2.1333	6.3471	11.754
-1.1837	3.8705	1.4604	2.1333	6.3471	11.754
-1.1837	3.8705	1.4604	2.1333	6.3471	11.754
-1.1884	3.8707	1.4636	2.1333	6.3471	11.754
-1.1884	3.8707	1.4636	2.1333	6.3471	11.754
-1.1931	3.871	1.4666	2.1333	6.3471	11.754
-1.1931	3.871	1.4666	2.1333	6.3471	11.754
-1.1931	3.871	1.4666	2.1333	6.3471	11.754
-1.1973	3.8714	1.47	2.1333	6.3471	11.754
-1.1973	3.8714	1.47	2.1333	6.3471	11.754
-1.2018	3.8717	1.4728	2.1333	6.3471	11.754
-1.2018	3.8717	1.4728	2.1333	6.3471	11.754
-1.2018	3.8717	1.4728	2.1333	6.3471	11.754
-1.2059	3.872	1.476	2.1333	6.3471	11.754
-1.2059	3.872	1.476	2.1333	6.3471	11.754
-1.2099	3.8723	1.4789	2.1333	6.3471	11.754
-1.2099	3.8723	1.4789	2.1333	6.3471	11.754
-1.2099	3.8723	1.4789	2.1333	6.3471	11.754
-1.2139	3.8726	1.4817	2.1333	6.3471	11.754
-1.2139	3.8726	1.4817	2.1333	6.3471	11.754
-1.2176	3.8729	1.4847	2.1333	6.3471	11.754
-1.2176	3.8729	1.4847	2.1333	6.3471	11.754
-1.2176	3.8729	1.4847	2.1333	6.3471	11.754
-1.221	3.8732	1.4875	2.1333	6.3471	11.754
-1.221	3.8732	1.4875	2.1333	6.3471	11.754
-1.2246	3.8735	1.4905	2.1333	6.3471	11.754
-1.2246	3.8735	1.4905	2.1333	6.3471	11.754
-1.2246	3.8735	1.4905	2.1333	6.3471	11.754
-1.2279	3.8739	1.4933	2.1333	6.3471	11.754
-1.2279	3.8739	1.4933	2.1333	6.3471	11.754
-1.2312	3.8742	1.4961	2.1333	6.3471	11.754
-1.2312	3.8742	1.4961	2.1333	6.3471	11.754
-1.2312	3.8742	1.4961	2.1333	6.3471	11.754
-1.2344	3.8745	1.4985	2.1333	6.3471	11.754
-1.2344	3.8745	1.4985	2.1333	6.3471	11.754
-1.2373	3.8749	1.5013	2.1333	6.3471	11.754
-1.2373	3.8749	1.5013	2.1333	6.3471	11.754
-1.2373	3.8749	1.5013	2.1333	6.3471	11.754
-1.2403	3.8753	1.5038	2.1333	6.3471	11.754
-1.2403	3.8753	1.5038	2.1333	6.3471	11.754
-1.2431	3.8756	1.5062	2.1333	6.3471	11.754
-1.2431	3.8756	1.5062	2.1333	6.3471	11.754
-1.2431	3.8756	1.5062	2.1333	6.3471	11.754
-1.2462	3.8758	1.5088	2.1333	6.3471	11.754
-1.2462	3.8758	1.5088	2.1333	6.3471	11.754
-1.2488	3.8761	1.5113	2.1333	6.3471	11.754
-1.2488	3.8761	1.5113	2.1333	6.3471	11.754
-1.2488	3.8761	1.5113	2.1333	6.3471	11.754
-1.2516	3.8763	1.5137	2.1333	6.3471	11.754
-1.2516	3.8763	1.5137	2.1333	6.3471	11.754
-1.2542	3.8765	1.5157	2.1333	6.3471	11.754
-1.2542	3.8765	1.5157	2.1333	6.3471	11.754
-1.2542	3.8765	1.5157	2.1333	6.3471	11.754
-1.2564	3.8767	1.5178	2.1333	6.3471	11.754
-1.2564	3.8767	1.5178	2.1333	6.3471	11.754
-1.2589	3.8769	1.5198	2.1333	6.3471	11.754
-1.2589	3.8769	1.5198	2.1333	6.3471	11.754
-1.2589	3.8769	1.5198	2.1333	6.3471	11.754
-1.2611	3.8771	1.5215	2.1333	6.3471	11.754
-1.2611	3.8771	1.5215	2.1333	6.3471	11.754
-1.2633	3.8772	1.5234	2.1333	6.3471	11.754
-1.2633	3.8772	1.5234	2.1333	6.3471	11.754
-1.2633	3.8772	1.5234	2.1333	6.3471	11.754
-1.2654	3.8774	1.5252	2.1333	6.3471	11.754
-1.2654	3.8774	1.5252	2.1333	6.3471	11.754
-1.2675	3.8776	1.5269	2.1333	6.3471	11.754
-1.2675	3.8776	1.5269	2.1333	6.3471	11.754
-1.2675	3.8776	1.5269	2.1333	6.3471	11.754
-1.2698	3.8778	1.5285	2.1333	6.3471	11.754
-1.2698	3.8778	1.5285	2.1333	6.3471	11.754
-1.2718	3.878	1.53	2.1333	6.3471	11.754
-1.2718	3.878	1.53	2.1333	6.3471	11.754
-1.2718	3.878	1.53	2.1333	6.3471	11.754
-1.2738	3.8782	1.5313	2.1333	6.3471	11.754
-1.2738	3.8782	1.5313	2.1333	6.3471	11.754
-1.2754	3.8784	1.5325	2.1333	6.3471	11.754
-1.2754	3.8784	1.5325	2.1333	6.3471	11.754
-1.2754	3.8784	1.5325	2.1333	6.3471	11.754
-1.2772	3.8786	1.5339	2.1333	6.3471	11.754
-1.2772	3.8786	1.5339	2.1333	6.3471	11.754
-1.2787	3.8787	1.5352	2.1333	6.3471	11.754
-1.2787	3.8787	1.5352	2.1333	6.3471	11.754
-1.2787	3.8787	1.5352	2.1333	6.3471	11.754
-1.2802	3.8789	1.5363	2.1333	6.3471	11.754
-1.2802	3.8789	1.5363	2.1333	6.3471	11.754
-1.2816	3.879	1.5375	2.1333	6.3471	11.754
-1.2816	3.879	1.5375	2.1333	6.3471	11.754
-1.2816	3.879	1.5375	2.1333	6.3471	11.754
-1.2829	3.8792	1.5385	2.1333	6.3471	11.754
-1.2829	3.8792	1.5385	2.1333	6.3471	11.754
-1.2839	3.8794	1.5395	2.1333	6.3471	11.754
-1.2839	3.8794	1.5395	2.1333	6.3471	11.754
-1.2839	3.8794	1.5395	2.1333	6.3471	11.754
-1.285	3.8795	1.5406	2.1333	6.3471	11.754
-1.285	3.8795	1.5406	2.1333	6.3471	11.754
-1.286	3.8796	1.5414	2.1333	6.3471	11.754
-1.286	3.8796	1.5414	2.1333	6.3471	11.754
-1.286	3.8796	1.5414	2.1333	6.3471	11.754
-1.287	3.8796	1.5423	2.1333	6.3471	11.754
-1.287	3.8796	1.5423	2.1333	6.3471	11.754
-1.2879	3.8797	1.543	2.1333	6.3471	11.754
-1.2879	3.8797	1.543	2.1333	6.3471	11.754
-1.2879	3.8797	1.543	2.1333	6.3471	11.754
-1.2888	3.8797	1.5438	2.1333	6.3471	11.754
-1.2888	3.8797	1.5438	2.1333	6.3471	11.754
-1.2895	3.8798	1.5445	2.1333	6.3471	11.754
-1.2895	3.8798	1.5445	2.1333	6.3471	11.754
-1.2895	3.8798	1.5445	2.1333	6.3471	11.754
-1.2903	3.8799	1.5452	2.1333	6.3471	11.754
-1.2903	3.8799	1.5452	2.1333	6.3471	11.754
-1.291	3.88	1.5458	2.1333	6.3471	11.754
-1.291	3.88	1.5458	2.1333	6.3471	11.754
-1.291	3.88	1.5458	2.1333	6.3471	11.754
-1.2919	3.8801	1.5463	2.1333	6.3471	11.754
-1.2919	3.8801	1.5463	2.1333	6.3471	11.754
-1.2926	3.8803	1.5468	2.1333	6.3471	11.754
-1.2926	3.8803	1.5468	2.1333	6.3471	11.754
-1.2926	3.8803	1.5468	2.1333	6.3471	11.754
-1.2932	3.8803	1.5473	2.1333	6.3471	11.754
-1.2932	3.8803	1.5473	2.1333	6.3471	11.754
-1.2938	3.8804	1.5478	2.1333	6.3471	11.754
-1.2938	3.8804	1.5478	2.1333	6.3471	11.754
-1.2938	3.8804	1.5478	2.1333	6.3471	11.754
-1.2943	3.8805	1.5484	2.1333	6.3471	11.754
-1.2943	3.8805	1.5484	2.1333	6.3471	11.754
-1.2948	3.8806	1.5488	2.1333	6.3471	11.754
-1.2948	3.8806	1.5488	2.1333	6.3471	11.754
-1.2948	3.8806	1.5488	2.1333	6.3471	11.754
-1.2953	3.8807	1.5493	2.1333	6.3471	11.754
-1.2953	3.8807	1.5493	2.1333	6.3471	11.754
-1.2957	3.8809	1.5497	2.1333	6.3471	11.754
-1.2957	3.8809	1.5497	2.1333	6.3471	11.754
-1.2957	3.8809	1.5497	2.1333	6.3471	11.754
-1.2961	3.8811	1.5502	2.1333	6.3471	11.754
-1.2961	3.8811	1.5502	2.1333	6.3471	11.754
-1.2965	3.8813	1.5505	2.1333	6.3471	11.754
-1.2965	3.8813	1.5505	2.1333	6.3471	11.754
-1.2965	3.8813	1.5505	2.1333	6.3471	11.754
-1.2968	3.8814	1.5508	2.1333	6.3471	11.754
-1.2968	3.8814	1.5508	2.1333	6.3471	11.754
-1.2971	3.8815	1.5512	2.1333	6.3471	11.754
-1.2971	3.8815	1.5512	2.1333	6.3471	11.754
-1.2971	3.8815	1.5512	2.1333	6.3471	11.754
-1.2975	3.8817	1.5515	2.1333	6.3471	11.754
-1.2975	3.8817	1.5515	2.1333	6.3471	11.754
-1.2977	3.8818	1.5518	2.1333	6.3471	11.754
-1.2977	3.8818	1.5518	2.1333	6.3471	11.754
-1.2977	3.8818	1.5518	2.1333	6.3471	11.754
-1.298	3.8819	1.5521	2.1333	6.3471	11.754
-1.298	3.8819	1.5521	2.1333	6.3471	11.754
-1.2982	3.882	1.5524	2.1333	6.3471	11.754
-1.2982	3.882	1.5524	2.1333	6.3471	11.754
-1.2982	3.882	1.5524	2.1333	6.3471	11.754
-1.2984	3.8821	1.5525	2.1333	6.3471	11.754
-1.2984	3.8821	1.5525	2.1333	6.3471	11.754
-1.2986	3.8822	1.5527	2.1333	6.3471	11.754
-1.2986	3.8822	1.5527	2.1333	6.3471	11.754
-1.2986	3.8822	1.5527	2.1333	6.3471	11.754
-1.2989	3.8822	1.5529	2.1333	6.3471	11.754
-1.2989	3.8822	1.5529	2.1333	6.3471	11.754
-1.2992	3.8824	1.5531	2.1333	6.3471	11.754
-1.2992	3.8824	1.5531	2.1333	6.3471	11.754
-1.2992	3.8824	1.5531	2.1333	6.3471	11.754
-1.2994	3.8826	1.5533	2.1333	6.3471	11.754
-1.2994	3.8826	1.5533	2.1333	6.3471	11.754
-1.2996	3.8827	1.5535	2.1333	6.3471	11.754
-1.2996	3.8827	1.5535	2.1333	6.3471	11.754
-1.2996	3.8827	1.5535	2.1333	6.3471	11.754
-1.2997	3.8828	1.5537	2.1333	6.3471	11.754
-1.2997	3.8828	1.5537	2.1333	6.3471	11.754
-1.3	3.883	1.5539	2.1333	6.3471	11.754
-1.3	3.883	1.5539	2.1333	6.3471	11.754
-1.3	3.883	1.5539	2.1333	6.3471	11.754
-1.3002	3.8831	1.554	2.1333	6.3471	11.754
-1.3002	3.8831	1.554	2.1333	6.3471	11.754
-1.3003	3.8834	1.5542	2.1333	6.3471	11.754
-1.3003	3.8834	1.5542	2.1333	6.3471	11.754
-1.3003	3.8834	1.5542	2.1333	6.3471	11.754
-1.3004	3.8836	1.5543	2.1333	6.3471	11.754
-1.3004	3.8836	1.5543	2.1333	6.3471	11.754
-1.3005	3.8838	1.5544	2.1333	6.3471	11.754
-1.3005	3.8838	1.5544	2.1333	6.3471	11.754
-1.3005	3.8838	1.5544	2.1333	6.3471	11.754
-1.3007	3.884	1.5546	2.1333	6.3471	11.754
-1.3007	3.884	1.5546	2.1333	6.3471	11.754
-1.3009	3.8842	1.5547	2.1333	6.3471	11.754
-1.3009	3.8842	1.5547	2.1333	6.3471	11.754
-1.3009	3.8842	1.5547	2.1333	6.3471	11.754
-1.3011	3.8844	1.5548	2.1333	6.3471	11.754
-1.3011	3.8844	1.5548	2.1333	6.3471	11.754
-1.3012	3.8846	1.555	2.1333	6.3471	11.754
-1.3012	3.8846	1.555	2.1333	6.3471	11.754
-1.3012	3.8846	1.555	2.1333	6.3471	11.754
-1.3013	3.8847	1.5551	2.1333	6.3471	11.754
-1.3013	3.8847	1.5551	2.1333	6.3471	11.754
-1.3014	3.8849	1.5552	2.1333	6.3471	11.754
-1.3014	3.8849	1.5552	2.1333	6.3471	11.754
-1.3014	3.8849	1.5552	2.1333	6.3471	11.754
-1.3015	3.8851	1.5553	2.1333	6.3471	11.754
-1.3015	3.8851	1.5553	2.1333	6.3471	11.754
-1.3016	3.8852	1.5554	2.1333	6.3471	11.754
-1.3016	3.8852	1.5554	2.1333	6.3471	11.754
-1.3016	3.8852	1.5554	2.1333	6.3471	11.754
-1.3017	3.8853	1.5554	2.1333	6.3471	11.754
-1.3017	3.8853	1.5554	2.1333	6.3471	11.754
-1.3018	3.8854	1.5555	2.1333	6.3471	11.754
-1.3018	3.8854	1.5555	2.1333	6.3471	11.754
-1.3018	3.8854	1.5555	2.1333	6.3471	11.754
-1.302	3.8856	1.5556	2.1333	6.3471	11.754
-1.302	3.8856	1.5556	2.1333	6.3471	11.754
-1.302	3.8858	1.5557	2.1333	6.3471	11.754
-1.302	3.8858	1.5557	2.1333	6.3471	11.754
-1.302	3.8858	1.5557	2.1333	6.3471	11.754
-1.3021	3.886	1.5558	2.1333	6.3471	11.754
-1.3021	3.886	1.5558	2.1333	6.3471	11.754
-1.3021	3.8861	1.5559	2.1333	6.3471	11.754
-1.3021	3.8861	1.5559	2.1333	6.3471	11.754
-1.3021	3.8861	1.5559	2.1333	6.3471	11.754
-1.3022	3.8862	1.556	2.1333	6.3471	11.754
-1.3022	3.8862	1.556	2.1333	6.3471	11.754
-1.3022	3.8863	1.556	2.1333	6.3471	11.754
-1.3022	3.8863	1.556	2.1333	6.3471	11.754
-1.3022	3.8863	1.556	2.1333	6.3471	11.754
-1.3022	3.8865	1.5561	2.1333	6.3471	11.754
-1.3022	3.8865	1.5561	2.1333	6.3471	11.754
-1.3023	3.8866	1.5561	2.1333	6.3471	11.754
-1.3023	3.8866	1.5561	2.1333	6.3471	11.754
-1.3023	3.8866	1.5561	2.1333	6.3471	11.754
-1.3023	3.8868	1.5562	2.1333	6.3471	11.754
-1.3023	3.8868	1.5562	2.1333	6.3471	11.754
-1.3023	3.8869	1.5562	2.1333	6.3471	11.754
-1.3023	3.8869	1.5562	2.1333	6.3471	11.754
-1.3023	3.8869	1.5562	2.1333	6.3471	11.754
-1.3024	3.887	1.5562	2.1333	6.3471	11.754
-1.3024	3.887	1.5562	2.1333	6.3471	11.754
-1.3025	3.8871	1.5562	2.1333	6.3471	11.754
-1.3025	3.8871	1.5562	2.1333	6.3471	11.754
-1.3025	3.8871	1.5562	2.1333	6.3471	11.754
-1.3026	3.8872	1.5562	2.1333	6.3471	11.754
-1.3026	3.8872	1.5562	2.1333	6.3471	11.754
-1.3027	3.8874	1.5563	2.1333	6.3471	11.754
-1.3027	3.8874	1.5563	2.1333	6.3471	11.754
-1.3027	3.8874	1.5563	2.1333	6.3471	11.754
-1.3028	3.8876	1.5563	2.1333	6.3471	11.754
-1.3028	3.8876	1.5563	2.1333	6.3471	11.754
-1.3029	3.8877	1.5563	2.1333	6.3471	11.754
-1.3029	3.8877	1.5563	2.1333	6.3471	11.754
-1.3029	3.8877	1.5563	2.1333	6.3471	11.754
-1.303	3.8878	1.5563	2.1333	6.3471	11.754
-1.303	3.8878	1.5563	2.1333	6.3471	11.754
-1.303	3.888	1.5563	2.1333	6.3471	11.754
-1.303	3.888	1.5563	2.1333	6.3471	11.754
-1.303	3.888	1.5563	2.1333	6.3471	11.754
