1.5103	3.8634	2.1046	2.0975	6.375	11.754
1.5103	3.8634	2.1046	2.0975	6.375	11.754
1.5103	3.8634	2.1046	2.0975	6.375	11.754
1.5103	3.8634	2.1046	2.0975	6.375	11.754
1.5103	3.8634	2.1046	2.0975	6.375	11.754
1.5103	3.8634	2.1046	2.0975	6.375	11.754
1.5103	3.8634	2.1046	2.0975	6.375	11.754
1.5103	3.8634	2.1046	2.0975	6.375	11.754
1.5103	3.8634	2.1046	2.0975	6.375	11.754
1.5103	3.8634	2.1046	2.0975	6.375	11.754
1.5103	3.8634	2.1046	2.0975	6.375	11.754
1.5103	3.8634	2.1046	2.0975	6.375	11.754
1.5103	3.8634	2.1046	2.0975	6.375	11.754
1.5103	3.8634	2.1046	2.0975	6.375	11.754
1.5103	3.8634	2.1046	2.0975	6.375	11.754
1.5103	3.8634	2.1046	2.0975	6.375	11.754
1.5103	3.8634	2.1046	2.0975	6.375	11.754
1.5103	3.8634	2.1046	2.0975	6.375	11.754
1.5103	3.8634	2.1046	2.0975	6.375	11.754
1.5103	3.8634	2.1046	2.0975	6.375	11.754
1.5103	3.8634	2.1046	2.0975	6.375	11.754
1.5103	3.8634	2.1046	2.0975	6.375	11.754
1.5103	3.8634	2.1046	2.0975	6.375	11.754
1.5103	3.8634	2.1046	2.0975	6.375	11.754
1.5103	3.8634	2.1046	2.0975	6.375	11.754
1.5103	3.8634	2.1046	2.0975	6.375	11.754
1.5103	3.8634	2.1046	2.0975	6.375	11.754
1.5103	3.8634	2.1046	2.0975	6.375	11.754
1.5103	3.8634	2.1046	2.0975	6.375	11.754
1.5103	3.8634	2.1046	2.0975	6.375	11.754
1.5103	3.8634	2.1046	2.0975	6.375	11.754
1.5103	3.8634	2.1046	2.0975	6.375	11.754
1.5103	3.8634	2.1046	2.0975	6.375	11.754
1.5103	3.8634	2.1046	2.0975	6.375	11.754
1.5103	3.8634	2.1046	2.0975	6.375	11.754
1.5103	3.8634	2.1046	2.0975	6.375	11.754
1.5103	3.8634	2.1046	2.0975	6.375	11.754
1.5103	3.8634	2.1046	2.0975	6.375	11.754
1.5103	3.8634	2.1046	2.0975	6.375	11.754
1.5103	3.8634	2.1046	2.0975	6.375	11.754
1.5103	3.8634	2.1046	2.0975	6.375	11.754
1.5103	3.8634	2.1046	2.0975	6.375	11.754
1.5103	3.8634	2.1046	2.0975	6.375	11.754
1.5103	3.8634	2.1046	2.0975	6.375	11.754
1.5103	3.8634	2.1046	2.0975	6.375	11.754
1.5103	3.8634	2.1046	2.0975	6.375	11.754
1.5103	3.8634	2.1046	2.0975	6.375	11.754
1.5103	3.8634	2.1046	2.0975	6.375	11.754
1.5103	3.8634	2.1046	2.0975	6.375	11.754
1.5103	3.8634	2.1046	2.0975	6.375	11.754
1.5103	3.8634	2.1046	2.0975	6.375	11.754
1.5103	3.8634	2.1046	2.0975	6.375	11.754
1.5103	3.8634	2.1046	2.0975	6.375	11.754
1.5103	3.8634	2.1046	2.0975	6.375	11.754
1.5103	3.8634	2.1046	2.0975	6.375	11.754
1.5103	3.8634	2.1046	2.0975	6.375	11.754
1.5103	3.8634	2.1046	2.0975	6.375	11.754
1.5103	3.8634	2.1046	2.0975	6.375	11.754
1.5103	3.8634	2.1046	2.0975	6.375	11.754
1.5103	3.8634	2.1046	2.0975	6.375	11.754
1.5103	3.8634	2.1046	2.0975	6.375	11.754
1.5103	3.8634	2.1046	2.0975	6.375	11.754
1.5103	3.8634	2.1046	2.0975	6.375	11.754
1.5103	3.8634	2.1046	2.0975	6.375	11.754
1.5103	3.8634	2.1046	2.0975	6.375	11.754
1.5103	3.8634	2.1046	2.0975	6.375	11.754
1.5103	3.8634	2.1046	2.0975	6.375	11.754
1.5103	3.8634	2.1046	2.0975	6.375	11.754
1.5103	3.8634	2.1046	2.0975	6.375	11.754
1.5103	3.8634	2.1046	2.0975	6.375	11.754
1.5103	3.8634	2.1046	2.0975	6.375	11.754
1.5103	3.8634	2.1046	2.0975	6.375	11.754
1.5103	3.8634	2.1046	2.0975	6.375	11.754
1.5103	3.8634	2.1046	2.0975	6.375	11.754
1.5103	3.8634	2.1046	2.0975	6.375	11.754
1.5103	3.8634	2.1046	2.0975	6.375	11.754
1.5103	3.8634	2.1046	2.0975	6.375	11.754
1.5103	3.8634	2.1046	2.0975	6.375	11.754
1.5103	3.8634	2.1046	2.0975	6.375	11.754
1.5103	3.8634	2.1046	2.0975	6.375	11.754
1.5103	3.8634	2.1046	2.0975	6.375	11.754
1.5103	3.8634	2.1046	2.0975	6.375	11.754
1.5103	3.8634	2.1046	2.0975	6.375	11.754
1.5103	3.8634	2.1046	2.0975	6.375	11.754
1.5103	3.8634	2.1046	2.0975	6.375	11.754
1.5103	3.8634	2.1046	2.0975	6.375	11.754
1.5103	3.8634	2.1046	2.0975	6.375	11.754
1.5103	3.8634	2.1046	2.0975	6.375	11.754
1.5103	3.8634	2.1046	2.0975	6.375	11.754
1.5103	3.8634	2.1046	2.0975	6.375	11.754
1.5103	3.8634	2.1046	2.0975	6.375	11.754
1.5103	3.8634	2.1046	2.0975	6.375	11.754
1.5103	3.8634	2.1046	2.0975	6.375	11.754
1.5103	3.8634	2.1046	2.0975	6.375	11.754
1.5103	3.8634	2.1046	2.0975	6.375	11.754
1.5103	3.8634	2.1046	2.0975	6.375	11.754
1.5103	3.8634	2.1046	2.0975	6.375	11.754
1.5103	3.8634	2.1046	2.0975	6.375	11.754
1.5103	3.8634	2.1046	2.0975	6.375	11.754
1.5103	3.8634	2.1046	2.0975	6.375	11.754
1.5103	3.8634	2.1046	2.0975	6.375	11.754
1.5103	3.8634	2.1046	2.0975	6.375	11.754
1.5103	3.8634	2.1046	2.0975	6.375	11.754
1.5103	3.8634	2.1046	2.0975	6.375	11.754
1.5103	3.8634	2.1046	2.0975	6.375	11.754
1.5103	3.8634	2.1046	2.0975	6.375	11.754
1.5103	3.8635	2.1046	2.0975	6.375	11.754
1.5103	3.8635	2.1046	2.0975	6.375	11.754
1.5103	3.8635	2.1046	2.0975	6.375	11.754
1.5103	3.8635	2.1046	2.0975	6.375	11.754
1.5103	3.8635	2.1046	2.0975	6.375	11.754
1.5103	3.8635	2.1045	2.0975	6.375	11.754
1.5103	3.8635	2.1045	2.0975	6.375	11.754
1.5103	3.8635	2.1044	2.0975	6.375	11.754
1.5103	3.8635	2.1044	2.0975	6.375	11.754
1.5103	3.8635	2.1044	2.0975	6.375	11.754
1.5103	3.8635	2.1042	2.0975	6.375	11.754
1.5103	3.8635	2.1042	2.0975	6.375	11.754
1.5103	3.8635	2.1039	2.0975	6.375	11.754
1.5103	3.8635	2.1039	2.0975	6.375	11.754
1.5103	3.8635	2.1039	2.0975	6.375	11.754
1.5102	3.8635	2.1036	2.0975	6.375	11.754
1.5102	3.8635	2.1036	2.0975	6.375	11.754
1.5102	3.8635	2.1032	2.0975	6.375	11.754
1.5102	3.8635	2.1032	2.0976	6.375	11.754
1.5102	3.8635	2.1032	2.0976	6.375	11.754
1.5101	3.8635	2.1026	2.0976	6.375	11.754
1.5101	3.8635	2.1026	2.0976	6.375	11.754
1.51	3.8635	2.1021	2.0976	6.375	11.754
1.51	3.8635	2.1021	2.0976	6.375	11.754
1.51	3.8635	2.1021	2.0976	6.375	11.754
1.5098	3.8635	2.1014	2.0976	6.375	11.754
1.5098	3.8635	2.1014	2.0976	6.375	11.754
1.5095	3.8635	2.1006	2.0976	6.375	11.754
1.5095	3.8635	2.1006	2.0976	6.375	11.754
1.5095	3.8635	2.1006	2.0976	6.375	11.754
1.5092	3.8636	2.0998	2.0976	6.375	11.754
1.5092	3.8636	2.0998	2.0976	6.375	11.754
1.5088	3.8636	2.0989	2.0976	6.375	11.754
1.5088	3.8636	2.0989	2.0976	6.375	11.754
1.5088	3.8636	2.0989	2.0976	6.375	11.754
1.5083	3.8637	2.0979	2.0976	6.375	11.754
1.5083	3.8637	2.0979	2.0976	6.375	11.754
1.5077	3.8638	2.0969	2.0976	6.375	11.754
1.5077	3.8638	2.0969	2.0976	6.375	11.754
1.5077	3.8638	2.0969	2.0976	6.375	11.754
1.5067	3.8638	2.0958	2.0976	6.375	11.754
1.5067	3.8638	2.0958	2.0976	6.375	11.754
1.5054	3.8638	2.0946	2.0976	6.375	11.754
1.5054	3.8638	2.0946	2.0976	6.375	11.754
1.5054	3.8638	2.0946	2.0976	6.375	11.754
1.5041	3.8639	2.0931	2.0976	6.375	11.754
1.5041	3.8639	2.0931	2.0976	6.375	11.754
1.5025	3.8639	2.0914	2.0976	6.375	11.754
1.5025	3.8639	2.0914	2.0976	6.375	11.754
1.5025	3.8639	2.0914	2.0976	6.375	11.754
1.5006	3.8639	2.0897	2.0976	6.375	11.754
1.5006	3.8639	2.0897	2.0976	6.375	11.754
1.4988	3.8639	2.0881	2.0976	6.375	11.754
1.4988	3.8639	2.0881	2.0976	6.375	11.754
1.4988	3.8639	2.0881	2.0976	6.375	11.754
1.4967	3.8639	2.0862	2.0976	6.375	11.754
1.4967	3.8639	2.0862	2.0976	6.375	11.754
1.4946	3.8639	2.0842	2.0976	6.375	11.754
1.4946	3.8639	2.0842	2.0976	6.375	11.754
1.4946	3.8639	2.0842	2.0976	6.375	11.754
1.4926	3.8639	2.082	2.0976	6.375	11.754
1.4926	3.8639	2.082	2.0976	6.375	11.754
1.4904	3.8639	2.0797	2.0976	6.375	11.754
1.4904	3.8639	2.0797	2.0976	6.375	11.754
1.4904	3.8639	2.0797	2.0976	6.375	11.754
1.4883	3.8639	2.0774	2.0976	6.375	11.754
1.4883	3.8639	2.0774	2.0976	6.375	11.754
1.486	3.8639	2.0748	2.0976	6.375	11.754
1.486	3.8639	2.0748	2.0976	6.375	11.754
1.486	3.8639	2.0748	2.0976	6.375	11.754
1.4838	3.8639	2.072	2.0976	6.375	11.754
1.4838	3.8639	2.072	2.0976	6.375	11.754
1.4817	3.8639	2.0691	2.0976	6.375	11.754
1.4817	3.8639	2.0691	2.0976	6.375	11.754
1.4817	3.8639	2.0691	2.0976	6.375	11.754
1.4794	3.8639	2.0661	2.0976	6.375	11.754
1.4794	3.8639	2.0661	2.0976	6.375	11.754
1.4774	3.8639	2.0635	2.0976	6.375	11.754
1.4774	3.8639	2.0635	2.0976	6.375	11.754
1.4774	3.8639	2.0635	2.0976	6.375	11.754
1.4752	3.8639	2.0605	2.0976	6.375	11.754
1.4752	3.8639	2.0605	2.0976	6.375	11.754
1.473	3.8639	2.0574	2.0976	6.375	11.754
1.473	3.8639	2.0574	2.0976	6.375	11.754
1.473	3.8639	2.0574	2.0976	6.375	11.754
1.4708	3.8639	2.0542	2.0976	6.375	11.754
1.4708	3.8639	2.0542	2.0976	6.375	11.754
1.4688	3.8639	2.0509	2.0976	6.375	11.754
1.4688	3.8639	2.0509	2.0976	6.375	11.754
1.4688	3.8639	2.0509	2.0976	6.375	11.754
1.4665	3.8639	2.0476	2.0976	6.375	11.754
1.4665	3.8639	2.0476	2.0976	6.375	11.754
1.4643	3.8639	2.0441	2.0976	6.375	11.754
1.4643	3.8639	2.0441	2.0976	6.375	11.754
1.4643	3.8639	2.0441	2.0976	6.375	11.754
1.4619	3.8639	2.0408	2.0976	6.375	11.754
1.4619	3.8639	2.0408	2.0976	6.375	11.754
1.4594	3.8639	2.0379	2.0977	6.375	11.754
1.4594	3.8639	2.0379	2.0977	6.375	11.754
1.4594	3.8639	2.0379	2.0977	6.375	11.754
1.4569	3.8639	2.0345	2.0978	6.375	11.754
1.4569	3.8639	2.0345	2.0978	6.375	11.754
1.4541	3.8639	2.0311	2.0978	6.375	11.754
1.4541	3.8639	2.0311	2.0981	6.375	11.754
1.4541	3.8639	2.0311	2.0981	6.375	11.754
1.4514	3.8639	2.0275	2.0984	6.375	11.754
1.4514	3.8639	2.0275	2.0984	6.375	11.754
1.4482	3.8639	2.0242	2.0984	6.375	11.754
1.4482	3.8639	2.0242	2.0987	6.375	11.754
1.4482	3.8639	2.0242	2.0987	6.375	11.754
1.4451	3.8639	2.0205	2.0994	6.375	11.754
1.4451	3.8639	2.0205	2.0994	6.375	11.754
1.4422	3.8639	2.0169	2.0994	6.375	11.754
1.4422	3.8639	2.0169	2.0999	6.375	11.754
1.4422	3.8639	2.0169	2.0999	6.375	11.754
1.439	3.8639	2.0131	2.1007	6.375	11.754
1.439	3.8639	2.0131	2.1007	6.375	11.754
1.4358	3.8639	2.0093	2.1007	6.375	11.754
1.4358	3.8639	2.0093	2.1014	6.375	11.754
1.4358	3.8639	2.0093	2.1014	6.375	11.754
1.433	3.8639	2.0059	2.1024	6.375	11.754
1.433	3.8639	2.0059	2.1024	6.375	11.754
1.43	3.8639	2.0019	2.1024	6.375	11.754
1.43	3.8639	2.0019	2.1033	6.375	11.754
1.43	3.8639	2.0019	2.1033	6.375	11.754
1.4272	3.8639	1.9977	2.1044	6.375	11.754
1.4272	3.8639	1.9977	2.1044	6.375	11.754
1.4242	3.8639	1.9937	2.1044	6.375	11.754
1.4242	3.8639	1.9937	2.1054	6.375	11.754
1.4242	3.8639	1.9937	2.1054	6.375	11.754
1.4215	3.8639	1.9897	2.1064	6.375	11.754
1.4215	3.8639	1.9897	2.1064	6.375	11.754
1.4185	3.8639	1.986	2.1064	6.375	11.754
1.4185	3.8639	1.986	2.1075	6.375	11.754
1.4185	3.8639	1.986	2.1075	6.375	11.754
1.4155	3.8639	1.9817	2.1086	6.375	11.754
1.4155	3.8639	1.9817	2.1086	6.375	11.754
1.4126	3.8639	1.9776	2.1086	6.375	11.754
1.4126	3.8639	1.9776	2.1099	6.375	11.754
1.4126	3.8639	1.9776	2.1099	6.375	11.754
1.4099	3.8639	1.9733	2.1114	6.375	11.754
1.4099	3.8639	1.9733	2.1114	6.375	11.754
1.4074	3.8639	1.9694	2.1114	6.375	11.754
1.4074	3.8639	1.9694	2.1133	6.375	11.754
1.4074	3.8639	1.9694	2.1133	6.375	11.754
1.4046	3.8639	1.9652	2.1152	6.375	11.754
1.4046	3.8639	1.9652	2.1152	6.375	11.754
1.402	3.8639	1.9608	2.1152	6.375	11.754
1.402	3.8639	1.9608	2.1175	6.375	11.754
1.402	3.8639	1.9608	2.1175	6.375	11.754
1.3989	3.8639	1.9565	2.1201	6.375	11.754
1.3989	3.8639	1.9565	2.1201	6.375	11.754
1.3958	3.8639	1.9523	2.1201	6.375	11.754
1.3958	3.8639	1.9523	2.1226	6.375	11.754
1.3958	3.8639	1.9523	2.1226	6.375	11.754
1.3925	3.8639	1.9481	2.1257	6.375	11.754
1.3925	3.8639	1.9481	2.1257	6.375	11.754
1.3893	3.864	1.9443	2.1257	6.375	11.754
1.3893	3.864	1.9443	2.1287	6.375	11.754
1.3893	3.864	1.9443	2.1287	6.375	11.754
1.386	3.864	1.9401	2.1327	6.375	11.754
1.386	3.864	1.9401	2.1327	6.375	11.754
1.3824	3.864	1.9358	2.1327	6.375	11.754
1.3824	3.864	1.9358	2.1363	6.375	11.754
1.3824	3.864	1.9358	2.1363	6.375	11.754
1.3787	3.864	1.932	2.1406	6.375	11.754
1.3787	3.864	1.932	2.1406	6.375	11.754
1.375	3.864	1.9277	2.1406	6.375	11.754
1.375	3.864	1.9277	2.1452	6.375	11.754
1.375	3.864	1.9277	2.1452	6.375	11.754
1.3716	3.864	1.9233	2.1493	6.375	11.754
1.3716	3.864	1.9233	2.1493	6.375	11.754
1.368	3.8641	1.9186	2.1493	6.375	11.754
1.368	3.8641	1.9186	2.1537	6.375	11.754
1.368	3.8641	1.9186	2.1537	6.375	11.754
1.3647	3.8641	1.914	2.1574	6.375	11.754
1.3647	3.8641	1.914	2.1574	6.375	11.754
1.3612	3.8641	1.9096	2.1574	6.375	11.754
1.3612	3.8641	1.9096	2.1613	6.375	11.754
1.3612	3.8641	1.9096	2.1613	6.375	11.754
1.3578	3.8641	1.9048	2.1655	6.375	11.754
1.3578	3.8641	1.9048	2.1655	6.375	11.754
1.3542	3.8641	1.8999	2.1655	6.375	11.754
1.3542	3.8641	1.8999	2.169	6.375	11.754
1.3542	3.8641	1.8999	2.169	6.375	11.754
1.351	3.8641	1.8954	2.1729	6.375	11.754
1.351	3.8641	1.8954	2.1729	6.375	11.754
1.3475	3.8641	1.8904	2.1729	6.375	11.754
1.3475	3.8641	1.8904	2.1766	6.375	11.754
1.3475	3.8641	1.8904	2.1766	6.375	11.754
1.3443	3.8641	1.8853	2.18	6.375	11.754
1.3443	3.8641	1.8853	2.18	6.375	11.754
1.3411	3.8641	1.8803	2.18	6.375	11.754
1.3411	3.8641	1.8803	2.1832	6.375	11.754
1.3411	3.8641	1.8803	2.1832	6.375	11.754
1.3378	3.8641	1.8751	2.1861	6.375	11.754
1.3378	3.8641	1.8751	2.1861	6.375	11.754
1.3348	3.8641	1.8703	2.1861	6.375	11.754
1.3348	3.8641	1.8703	2.1893	6.375	11.754
1.3348	3.8641	1.8703	2.1893	6.375	11.754
1.3313	3.8641	1.8652	2.192	6.375	11.754
1.3313	3.8641	1.8652	2.192	6.375	11.754
1.3276	3.8641	1.8599	2.192	6.375	11.754
1.3276	3.8641	1.8599	2.1952	6.375	11.754
1.3276	3.8641	1.8599	2.1952	6.375	11.754
1.3241	3.8641	1.8548	2.1983	6.375	11.754
1.3241	3.8641	1.8548	2.1983	6.375	11.754
1.3202	3.8641	1.8503	2.1983	6.375	11.754
1.3202	3.8641	1.8503	2.2011	6.375	11.754
1.3202	3.8641	1.8503	2.2011	6.375	11.754
1.3164	3.8641	1.8452	2.2041	6.375	11.754
1.3164	3.8641	1.8452	2.2041	6.375	11.754
1.3122	3.8641	1.8402	2.2041	6.375	11.754
1.3122	3.8641	1.8402	2.2066	6.375	11.754
1.3122	3.8641	1.8402	2.2066	6.375	11.754
1.3081	3.8641	1.8357	2.2091	6.375	11.754
1.3081	3.8641	1.8357	2.2091	6.375	11.754
1.303	3.8641	1.8308	2.2115	6.375	11.754
1.303	3.8641	1.8308	2.2115	6.375	11.754
1.303	3.8641	1.8308	2.2115	6.375	11.754
1.2987	3.8641	1.8258	2.2138	6.375	11.754
1.2987	3.8641	1.8258	2.2138	6.375	11.754
1.2939	3.8642	1.8208	2.216	6.375	11.754
1.2939	3.8642	1.8208	2.216	6.375	11.754
1.2939	3.8642	1.8208	2.216	6.375	11.754
1.289	3.8642	1.8163	2.2179	6.375	11.754
1.289	3.8642	1.8163	2.2179	6.375	11.754
1.2845	3.8642	1.8111	2.2179	6.375	11.754
1.2845	3.8642	1.8111	2.2199	6.375	11.754
1.2845	3.8642	1.8111	2.2199	6.375	11.754
1.2798	3.8642	1.8061	2.2218	6.375	11.754
1.2798	3.8642	1.8061	2.2218	6.375	11.754
1.2753	3.8643	1.801	2.2218	6.375	11.754
1.2753	3.8643	1.801	2.2237	6.375	11.754
1.2753	3.8643	1.801	2.2237	6.375	11.754
1.2704	3.8643	1.7964	2.2255	6.375	11.754
1.2704	3.8643	1.7964	2.2255	6.375	11.754
1.2661	3.8643	1.7912	2.2255	6.375	11.754
1.2661	3.8643	1.7912	2.2272	6.375	11.754
1.2661	3.8643	1.7912	2.2272	6.375	11.754
1.2614	3.8643	1.786	2.229	6.375	11.754
1.2614	3.8643	1.786	2.229	6.375	11.754
1.2567	3.8643	1.7807	2.229	6.375	11.754
1.2567	3.8643	1.7807	2.2307	6.375	11.754
1.2567	3.8643	1.7807	2.2307	6.375	11.754
1.2526	3.8643	1.7755	2.2321	6.375	11.754
1.2526	3.8643	1.7755	2.2321	6.375	11.754
1.2483	3.8643	1.7702	2.2321	6.375	11.754
1.2483	3.8643	1.7702	2.2336	6.375	11.754
1.2483	3.8643	1.7702	2.2336	6.375	11.754
1.244	3.8643	1.7655	2.235	6.375	11.754
1.244	3.8643	1.7655	2.235	6.375	11.754
1.2396	3.8643	1.7604	2.235	6.375	11.754
1.2396	3.8643	1.7604	2.2363	6.375	11.754
1.2396	3.8643	1.7604	2.2363	6.375	11.754
1.2351	3.8643	1.7552	2.2375	6.375	11.754
1.2351	3.8643	1.7552	2.2375	6.375	11.754
1.2312	3.8643	1.7501	2.2375	6.375	11.754
1.2312	3.8643	1.7501	2.2386	6.375	11.754
1.2312	3.8643	1.7501	2.2386	6.375	11.754
1.2264	3.8643	1.7452	2.2395	6.375	11.754
1.2264	3.8643	1.7452	2.2395	6.375	11.754
1.2222	3.8644	1.7408	2.2395	6.375	11.754
1.2222	3.8644	1.7408	2.2407	6.375	11.754
1.2222	3.8644	1.7408	2.2407	6.375	11.754
1.2173	3.8644	1.736	2.2418	6.375	11.754
1.2173	3.8644	1.736	2.2418	6.375	11.754
1.2121	3.8645	1.7312	2.2418	6.375	11.754
1.2121	3.8645	1.7312	2.2429	6.375	11.754
1.2121	3.8645	1.7312	2.2429	6.375	11.754
1.2072	3.8645	1.7264	2.2438	6.375	11.754
1.2072	3.8645	1.7264	2.2438	6.375	11.754
1.2022	3.8645	1.7215	2.2438	6.375	11.754
1.2022	3.8645	1.7215	2.2448	6.375	11.754
1.2022	3.8645	1.7215	2.2448	6.375	11.754
1.1971	3.8645	1.7167	2.2456	6.375	11.754
1.1971	3.8645	1.7167	2.2456	6.375	11.754
1.1923	3.8646	1.7124	2.2456	6.375	11.754
1.1923	3.8646	1.7124	2.2466	6.375	11.754
1.1923	3.8646	1.7124	2.2466	6.375	11.754
1.1865	3.8647	1.7076	2.2474	6.375	11.754
1.1865	3.8647	1.7076	2.2474	6.375	11.754
1.1817	3.8647	1.7028	2.2474	6.375	11.754
1.1817	3.8647	1.7028	2.2481	6.375	11.754
1.1817	3.8647	1.7028	2.2481	6.375	11.754
1.1765	3.8647	1.6978	2.2488	6.375	11.754
1.1765	3.8647	1.6978	2.2488	6.375	11.754
1.1716	3.8647	1.6935	2.2488	6.375	11.754
1.1716	3.8647	1.6935	2.2496	6.375	11.754
1.1716	3.8647	1.6935	2.2496	6.375	11.754
1.1667	3.8647	1.6885	2.2504	6.375	11.754
1.1667	3.8647	1.6885	2.2504	6.375	11.754
1.1615	3.8648	1.6836	2.2504	6.375	11.754
1.1615	3.8648	1.6836	2.2512	6.375	11.754
1.1615	3.8648	1.6836	2.2512	6.375	11.754
1.1569	3.8648	1.6785	2.252	6.375	11.754
1.1569	3.8648	1.6785	2.252	6.375	11.754
1.1518	3.8648	1.674	2.252	6.375	11.754
1.1518	3.8648	1.674	2.2528	6.375	11.754
1.1518	3.8648	1.674	2.2528	6.375	11.754
1.1475	3.8648	1.6688	2.2535	6.375	11.754
1.1475	3.8648	1.6688	2.2535	6.375	11.754
1.1427	3.8648	1.6637	2.2535	6.375	11.754
1.1427	3.8648	1.6637	2.2543	6.375	11.754
1.1427	3.8648	1.6637	2.2543	6.375	11.754
1.1379	3.8648	1.6592	2.255	6.375	11.754
1.1379	3.8648	1.6592	2.255	6.375	11.754
1.1336	3.8648	1.6542	2.255	6.375	11.754
1.1336	3.8648	1.6542	2.2557	6.375	11.754
1.1336	3.8648	1.6542	2.2557	6.375	11.754
1.129	3.8648	1.6493	2.2563	6.375	11.754
1.129	3.8648	1.6493	2.2563	6.375	11.754
1.1241	3.8648	1.6442	2.2563	6.375	11.754
1.1241	3.8648	1.6442	2.2568	6.375	11.754
1.1241	3.8648	1.6442	2.2568	6.375	11.754
1.1189	3.8648	1.6399	2.2573	6.375	11.754
1.1189	3.8648	1.6399	2.2573	6.375	11.754
1.1144	3.8648	1.635	2.2573	6.375	11.754
1.1144	3.8648	1.635	2.2578	6.375	11.754
1.1144	3.8648	1.635	2.2578	6.375	11.754
1.1091	3.8648	1.6304	2.2582	6.375	11.754
1.1091	3.8648	1.6304	2.2582	6.375	11.754
1.104	3.8648	1.6257	2.2582	6.375	11.754
1.104	3.8648	1.6257	2.2588	6.375	11.754
1.104	3.8648	1.6257	2.2588	6.375	11.754
1.0986	3.8648	1.621	2.2593	6.375	11.754
1.0986	3.8648	1.621	2.2593	6.375	11.754
1.0931	3.8649	1.6168	2.2593	6.375	11.754
1.0931	3.8649	1.6168	2.2598	6.375	11.754
1.0931	3.8649	1.6168	2.2598	6.375	11.754
1.0882	3.8649	1.6122	2.2602	6.375	11.754
1.0882	3.8649	1.6122	2.2602	6.375	11.754
1.0828	3.8649	1.6075	2.2602	6.375	11.754
1.0828	3.8649	1.6075	2.2606	6.375	11.754
1.0828	3.8649	1.6075	2.2606	6.375	11.754
1.078	3.8649	1.6028	2.2611	6.375	11.754
1.078	3.8649	1.6028	2.2611	6.375	11.754
1.0725	3.8649	1.5987	2.2611	6.375	11.754
1.0725	3.8649	1.5987	2.2614	6.375	11.754
1.0725	3.8649	1.5987	2.2614	6.375	11.754
1.0674	3.8649	1.5939	2.2618	6.375	11.754
1.0674	3.8649	1.5939	2.2618	6.375	11.754
1.0623	3.865	1.5891	2.2618	6.375	11.754
1.0623	3.865	1.5891	2.2623	6.375	11.754
1.0623	3.865	1.5891	2.2623	6.375	11.754
1.0576	3.865	1.5843	2.2626	6.375	11.754
1.0576	3.865	1.5843	2.2626	6.375	11.754
1.0524	3.865	1.5796	2.2626	6.375	11.754
1.0524	3.865	1.5796	2.263	6.375	11.754
1.0524	3.865	1.5796	2.263	6.375	11.754
1.0476	3.8651	1.5754	2.2634	6.375	11.754
1.0476	3.8651	1.5754	2.2634	6.375	11.754
1.043	3.8652	1.5708	2.2634	6.375	11.754
1.043	3.8652	1.5708	2.2638	6.375	11.754
1.043	3.8652	1.5708	2.2638	6.375	11.754
1.0383	3.8654	1.5662	2.2643	6.375	11.754
1.0383	3.8654	1.5662	2.2643	6.375	11.754
1.0336	3.8654	1.5615	2.2643	6.375	11.754
1.0336	3.8654	1.5615	2.2647	6.375	11.754
1.0336	3.8654	1.5615	2.2647	6.375	11.754
1.0294	3.8654	1.5574	2.265	6.375	11.754
1.0294	3.8654	1.5574	2.265	6.375	11.754
1.0249	3.8655	1.5528	2.265	6.375	11.754
1.0249	3.8655	1.5528	2.2653	6.375	11.754
1.0249	3.8655	1.5528	2.2653	6.375	11.754
1.0204	3.8655	1.5483	2.2657	6.375	11.754
1.0204	3.8655	1.5483	2.2657	6.375	11.754
1.0158	3.8656	1.5438	2.2657	6.375	11.754
1.0158	3.8656	1.5438	2.2661	6.375	11.754
1.0158	3.8656	1.5438	2.2661	6.375	11.754
1.0106	3.8656	1.5398	2.2666	6.375	11.754
1.0106	3.8656	1.5398	2.2666	6.375	11.754
1.0061	3.8656	1.5355	2.2666	6.375	11.754
1.0061	3.8656	1.5355	2.2672	6.375	11.754
1.0061	3.8656	1.5355	2.2672	6.375	11.754
1.0008	3.8657	1.5311	2.2678	6.375	11.754
1.0008	3.8657	1.5311	2.2678	6.375	11.754
0.9963	3.8658	1.5267	2.2678	6.375	11.754
0.9963	3.8658	1.5267	2.2686	6.375	11.754
0.9963	3.8658	1.5267	2.2686	6.375	11.754
0.9911	3.866	1.5224	2.2693	6.375	11.754
0.9911	3.866	1.5224	2.2693	6.375	11.754
0.9856	3.8662	1.5185	2.2693	6.375	11.754
0.9856	3.8662	1.5185	2.27	6.375	11.754
0.9856	3.8662	1.5185	2.27	6.375	11.754
0.98079	3.8663	1.5142	2.2707	6.375	11.754
0.98079	3.8663	1.5142	2.2707	6.375	11.754
0.9753	3.8663	1.5098	2.2707	6.375	11.754
0.9753	3.8663	1.5098	2.2715	6.375	11.754
0.9753	3.8663	1.5098	2.2715	6.375	11.754
0.97087	3.8664	1.5055	2.2722	6.375	11.754
0.97087	3.8664	1.5055	2.2722	6.375	11.754
0.96566	3.8666	1.5014	2.2722	6.375	11.754
0.96566	3.8666	1.5014	2.2731	6.375	11.754
0.96566	3.8666	1.5014	2.2731	6.375	11.754
0.96049	3.8666	1.4968	2.2738	6.375	11.754
0.96049	3.8666	1.4968	2.2738	6.375	11.754
0.95574	3.8666	1.4923	2.2738	6.375	11.754
0.95574	3.8666	1.4923	2.2746	6.375	11.754
0.95574	3.8666	1.4923	2.2746	6.375	11.754
0.95087	3.8666	1.4876	2.2753	6.375	11.754
0.95087	3.8666	1.4876	2.2753	6.375	11.754
0.94613	3.8667	1.483	2.2753	6.375	11.754
0.94613	3.8667	1.483	2.2761	6.375	11.754
0.94613	3.8667	1.483	2.2761	6.375	11.754
0.94175	3.8668	1.4787	2.2768	6.375	11.754
0.94175	3.8668	1.4787	2.2768	6.375	11.754
0.93695	3.8669	1.4739	2.2768	6.375	11.754
0.93695	3.8669	1.4739	2.2775	6.375	11.754
0.93695	3.8669	1.4739	2.2775	6.375	11.754
0.93246	3.867	1.4692	2.2782	6.375	11.754
0.93246	3.867	1.4692	2.2782	6.375	11.754
0.92807	3.867	1.4644	2.2782	6.375	11.754
0.92807	3.867	1.4644	2.2789	6.375	11.754
0.92807	3.867	1.4644	2.2789	6.375	11.754
0.92403	3.8671	1.4601	2.2795	6.375	11.754
0.92403	3.8671	1.4601	2.2795	6.375	11.754
0.91972	3.8672	1.4553	2.2795	6.375	11.754
0.91972	3.8672	1.4553	2.2802	6.375	11.754
0.91972	3.8672	1.4553	2.2802	6.375	11.754
0.9148	3.8674	1.4505	2.2807	6.375	11.754
0.9148	3.8674	1.4505	2.2807	6.375	11.754
0.90985	3.8675	1.4459	2.2807	6.375	11.754
0.90985	3.8675	1.4459	2.2812	6.375	11.754
0.90985	3.8675	1.4459	2.2812	6.375	11.754
0.90531	3.8676	1.4412	2.2818	6.375	11.754
0.90531	3.8676	1.4412	2.2818	6.375	11.754
0.90013	3.8679	1.4369	2.2818	6.375	11.754
0.90013	3.8679	1.4369	2.2825	6.375	11.754
0.90013	3.8679	1.4369	2.2825	6.375	11.754
0.89517	3.8681	1.4321	2.283	6.375	11.754
0.89517	3.8681	1.4321	2.283	6.375	11.754
0.88995	3.8683	1.4273	2.283	6.375	11.754
0.88995	3.8683	1.4273	2.2837	6.375	11.754
0.88995	3.8683	1.4273	2.2837	6.375	11.754
0.8849	3.8684	1.4225	2.2842	6.375	11.754
0.8849	3.8684	1.4225	2.2842	6.375	11.754
0.87995	3.8686	1.4181	2.2842	6.375	11.754
0.87995	3.8686	1.4181	2.2847	6.375	11.754
0.87995	3.8686	1.4181	2.2847	6.375	11.754
0.87502	3.8688	1.4133	2.2853	6.375	11.754
0.87502	3.8688	1.4133	2.2853	6.375	11.754
0.87032	3.8689	1.4083	2.2853	6.375	11.754
0.87032	3.8689	1.4083	2.2858	6.375	11.754
0.87032	3.8689	1.4083	2.2858	6.375	11.754
0.86515	3.869	1.4033	2.2863	6.375	11.754
0.86515	3.869	1.4033	2.2863	6.375	11.754
0.8605	3.869	1.3983	2.2863	6.375	11.754
0.8605	3.869	1.3983	2.2868	6.375	11.754
0.8605	3.869	1.3983	2.2868	6.375	11.754
0.85608	3.8691	1.3937	2.2874	6.375	11.754
0.85608	3.8691	1.3937	2.2874	6.375	11.754
0.85135	3.8692	1.3888	2.2874	6.375	11.754
0.85135	3.8692	1.3888	2.288	6.375	11.754
0.85135	3.8692	1.3888	2.288	6.375	11.754
0.84658	3.8694	1.3837	2.2886	6.375	11.754
0.84658	3.8694	1.3837	2.2886	6.375	11.754
0.8424	3.8695	1.3787	2.2886	6.375	11.754
0.8424	3.8695	1.3787	2.2891	6.375	11.754
0.8424	3.8695	1.3787	2.2891	6.375	11.754
0.83798	3.8695	1.374	2.2896	6.375	11.754
0.83798	3.8695	1.374	2.2896	6.375	11.754
0.83352	3.8696	1.369	2.2896	6.375	11.754
0.83352	3.8696	1.369	2.2901	6.375	11.754
0.83352	3.8696	1.369	2.2901	6.375	11.754
0.82903	3.8697	1.364	2.2906	6.375	11.754
0.82903	3.8697	1.364	2.2906	6.375	11.754
0.82465	3.8699	1.3593	2.2906	6.375	11.754
0.82465	3.8699	1.3593	2.2909	6.375	11.754
0.82465	3.8699	1.3593	2.2909	6.375	11.754
0.81977	3.8699	1.3543	2.2911	6.375	11.754
0.81977	3.8699	1.3543	2.2911	6.375	11.754
0.81523	3.8701	1.3494	2.2911	6.375	11.754
0.81523	3.8701	1.3494	2.2914	6.375	11.754
0.81523	3.8701	1.3494	2.2914	6.375	11.754
0.81031	3.8703	1.3444	2.2917	6.375	11.754
0.81031	3.8703	1.3444	2.2917	6.375	11.754
0.80567	3.8705	1.34	2.2917	6.375	11.754
0.80567	3.8705	1.34	2.2921	6.375	11.754
0.80567	3.8705	1.34	2.2921	6.375	11.754
0.79987	3.8707	1.3353	2.2924	6.375	11.754
0.79987	3.8707	1.3353	2.2924	6.375	11.754
0.79456	3.8708	1.3306	2.2924	6.375	11.754
0.79456	3.8708	1.3306	2.2925	6.375	11.754
0.79456	3.8708	1.3306	2.2925	6.375	11.754
0.7898	3.871	1.3257	2.2928	6.375	11.754
0.7898	3.871	1.3257	2.2928	6.375	11.754
0.78493	3.8713	1.3213	2.2928	6.375	11.754
0.78493	3.8713	1.3213	2.2931	6.375	11.754
0.78493	3.8713	1.3213	2.2931	6.375	11.754
0.77956	3.8715	1.3166	2.2933	6.375	11.754
0.77956	3.8715	1.3166	2.2933	6.375	11.754
0.77481	3.8717	1.3118	2.2933	6.375	11.754
0.77481	3.8717	1.3118	2.2934	6.375	11.754
0.77481	3.8717	1.3118	2.2934	6.375	11.754
0.76941	3.8718	1.307	2.2935	6.375	11.754
0.76941	3.8718	1.307	2.2935	6.375	11.754
0.76481	3.872	1.3027	2.2935	6.375	11.754
0.76481	3.872	1.3027	2.2937	6.375	11.754
0.76481	3.872	1.3027	2.2937	6.375	11.754
0.75984	3.8722	1.298	2.2939	6.375	11.754
0.75984	3.8722	1.298	2.2939	6.375	11.754
0.75472	3.8724	1.2933	2.2939	6.375	11.754
0.75472	3.8724	1.2933	2.2943	6.375	11.754
0.75472	3.8724	1.2933	2.2943	6.375	11.754
0.75024	3.8726	1.2886	2.2945	6.375	11.754
0.75024	3.8726	1.2886	2.2945	6.375	11.754
0.74545	3.8728	1.2842	2.2945	6.375	11.754
0.74545	3.8728	1.2842	2.2947	6.375	11.754
0.74545	3.8728	1.2842	2.2947	6.375	11.754
0.74069	3.873	1.28	2.295	6.375	11.754
0.74069	3.873	1.28	2.295	6.375	11.754
0.73624	3.8733	1.2756	2.295	6.375	11.754
0.73624	3.8733	1.2756	2.2953	6.375	11.754
0.73624	3.8733	1.2756	2.2953	6.375	11.754
0.73107	3.8736	1.2711	2.2956	6.375	11.754
0.73107	3.8736	1.2711	2.2956	6.375	11.754
0.72567	3.8738	1.2668	2.2956	6.375	11.754
0.72567	3.8738	1.2668	2.2957	6.375	11.754
0.72567	3.8738	1.2668	2.2957	6.375	11.754
0.72089	3.874	1.2626	2.2958	6.375	11.754
0.72089	3.874	1.2626	2.2958	6.375	11.754
0.71539	3.8743	1.2587	2.2958	6.375	11.754
0.71539	3.8743	1.2587	2.296	6.375	11.754
0.71539	3.8743	1.2587	2.296	6.375	11.754
0.71053	3.8746	1.2546	2.2962	6.375	11.754
0.71053	3.8746	1.2546	2.2962	6.375	11.754
0.70449	3.875	1.2504	2.2962	6.375	11.754
0.70449	3.875	1.2504	2.2965	6.375	11.754
0.70449	3.875	1.2504	2.2965	6.375	11.754
0.6993	3.8753	1.2464	2.2967	6.375	11.754
0.6993	3.8753	1.2464	2.2967	6.375	11.754
0.69368	3.8755	1.2428	2.2967	6.375	11.754
0.69368	3.8755	1.2428	2.2968	6.375	11.754
0.69368	3.8755	1.2428	2.2968	6.375	11.754
0.68836	3.8757	1.2387	2.2969	6.375	11.754
0.68836	3.8757	1.2387	2.2969	6.375	11.754
0.6824	3.8759	1.2347	2.2969	6.375	11.754
0.6824	3.8759	1.2347	2.297	6.375	11.754
0.6824	3.8759	1.2347	2.297	6.375	11.754
0.67669	3.8762	1.2307	2.2972	6.375	11.754
0.67669	3.8762	1.2307	2.2972	6.375	11.754
0.67166	3.8764	1.2266	2.2972	6.375	11.754
0.67166	3.8764	1.2266	2.2975	6.375	11.754
0.67166	3.8764	1.2266	2.2975	6.375	11.754
0.66606	3.8766	1.2231	2.2977	6.375	11.754
0.66606	3.8766	1.2231	2.2977	6.375	11.754
0.6609	3.8767	1.2191	2.2977	6.375	11.754
0.6609	3.8767	1.2191	2.2979	6.375	11.754
0.6609	3.8767	1.2191	2.2979	6.375	11.754
0.65552	3.8768	1.2151	2.2981	6.375	11.754
0.65552	3.8768	1.2151	2.2981	6.375	11.754
0.65031	3.877	1.2114	2.2981	6.375	11.754
0.65031	3.877	1.2114	2.2983	6.375	11.754
0.65031	3.877	1.2114	2.2983	6.375	11.754
0.64563	3.8772	1.2074	2.2987	6.375	11.754
0.64563	3.8772	1.2074	2.2987	6.375	11.754
0.64038	3.8774	1.2035	2.2987	6.375	11.754
0.64038	3.8774	1.2035	2.2991	6.375	11.754
0.64038	3.8774	1.2035	2.2991	6.375	11.754
0.63517	3.8777	1.1998	2.2993	6.375	11.754
0.63517	3.8777	1.1998	2.2993	6.375	11.754
0.62993	3.8778	1.1962	2.2993	6.375	11.754
0.62993	3.8778	1.1962	2.2995	6.375	11.754
0.62993	3.8778	1.1962	2.2995	6.375	11.754
0.62534	3.8779	1.1924	2.2996	6.375	11.754
0.62534	3.8779	1.1924	2.2996	6.375	11.754
0.62024	3.8781	1.1888	2.2996	6.375	11.754
0.62024	3.8781	1.1888	2.2998	6.375	11.754
0.62024	3.8781	1.1888	2.2998	6.375	11.754
0.61447	3.8784	1.1848	2.3	6.375	11.754
0.61447	3.8784	1.1848	2.3	6.375	11.754
0.60943	3.8786	1.1813	2.3	6.375	11.754
0.60943	3.8786	1.1813	2.3002	6.375	11.754
0.60943	3.8786	1.1813	2.3002	6.375	11.754
0.60388	3.8788	1.1775	2.3002	6.375	11.754
0.60388	3.8788	1.1775	2.3002	6.375	11.754
0.59868	3.8789	1.1737	2.3002	6.375	11.754
0.59868	3.8789	1.1737	2.3003	6.375	11.754
0.59868	3.8789	1.1737	2.3003	6.375	11.754
0.5928	3.879	1.1698	2.3003	6.375	11.754
0.5928	3.879	1.1698	2.3003	6.375	11.754
0.58678	3.8793	1.1663	2.3003	6.375	11.754
0.58678	3.8793	1.1663	2.3003	6.3749	11.754
0.58678	3.8793	1.1663	2.3003	6.3749	11.754
0.58174	3.8795	1.1626	2.3003	6.3749	11.754
0.58174	3.8795	1.1626	2.3003	6.3749	11.754
0.5763	3.8796	1.1588	2.3003	6.3749	11.754
0.5763	3.8796	1.1588	2.3004	6.3749	11.754
0.5763	3.8796	1.1588	2.3004	6.3749	11.754
0.57095	3.8798	1.1549	2.3004	6.3749	11.754
0.57095	3.8798	1.1549	2.3004	6.3749	11.754
0.56521	3.8798	1.1515	2.3004	6.3749	11.754
0.56521	3.8798	1.1515	2.3005	6.3749	11.754
0.56521	3.8798	1.1515	2.3005	6.3749	11.754
0.55983	3.8799	1.1475	2.3005	6.3749	11.754
0.55983	3.8799	1.1475	2.3005	6.3749	11.754
0.55499	3.88	1.1437	2.3005	6.3749	11.754
0.55499	3.88	1.1437	2.3007	6.3748	11.754
0.55499	3.88	1.1437	2.3007	6.3748	11.754
0.54956	3.8801	1.1401	2.301	6.3747	11.754
0.54956	3.8801	1.1401	2.301	6.3747	11.754
0.54443	3.8802	1.1362	2.301	6.3747	11.754
0.54443	3.8802	1.1362	2.3012	6.3745	11.754
0.54443	3.8802	1.1362	2.3012	6.3745	11.754
0.53944	3.8803	1.1323	2.3014	6.3744	11.754
0.53944	3.8803	1.1323	2.3014	6.3744	11.754
0.5351	3.8803	1.1288	2.3014	6.3744	11.754
0.5351	3.8803	1.1288	2.3016	6.3743	11.754
0.5351	3.8803	1.1288	2.3016	6.3743	11.754
0.53008	3.8804	1.125	2.3017	6.3742	11.754
0.53008	3.8804	1.125	2.3017	6.3742	11.754
0.52472	3.8804	1.1212	2.3017	6.3742	11.754
0.52472	3.8804	1.1212	2.3018	6.3738	11.754
0.52472	3.8804	1.1212	2.3018	6.3738	11.754
0.5194	3.8805	1.1175	2.3019	6.3735	11.754
0.5194	3.8805	1.1175	2.3019	6.3735	11.754
0.5147	3.8807	1.1142	2.3019	6.3735	11.754
0.5147	3.8807	1.1142	2.302	6.3731	11.754
0.5147	3.8807	1.1142	2.302	6.3731	11.754
0.50953	3.8809	1.1105	2.3021	6.3728	11.754
0.50953	3.8809	1.1105	2.3021	6.3728	11.754
0.50406	3.8811	1.107	2.3021	6.3728	11.754
0.50406	3.8811	1.107	2.3021	6.3724	11.754
0.50406	3.8811	1.107	2.3021	6.3724	11.754
0.49877	3.8812	1.1037	2.3021	6.3722	11.754
0.49877	3.8812	1.1037	2.3021	6.3722	11.754
0.493	3.8812	1.1002	2.3021	6.3722	11.754
0.493	3.8812	1.1002	2.3022	6.3719	11.754
0.493	3.8812	1.1002	2.3022	6.3719	11.754
0.48813	3.8813	1.0965	2.3022	6.3714	11.754
0.48813	3.8813	1.0965	2.3022	6.3714	11.754
0.4832	3.8814	1.0932	2.3022	6.3714	11.754
0.4832	3.8814	1.0932	2.3022	6.3708	11.754
0.4832	3.8814	1.0932	2.3022	6.3708	11.754
0.47796	3.8816	1.0898	2.3023	6.3701	11.754
0.47796	3.8816	1.0898	2.3023	6.3701	11.754
0.47221	3.8817	1.0863	2.3023	6.3701	11.754
0.47221	3.8817	1.0863	2.3023	6.3695	11.754
0.47221	3.8817	1.0863	2.3023	6.3695	11.754
0.46721	3.8817	1.0827	2.3023	6.369	11.754
0.46721	3.8817	1.0827	2.3023	6.369	11.754
0.46217	3.8817	1.0796	2.3023	6.369	11.754
0.46217	3.8817	1.0796	2.3024	6.3686	11.754
0.46217	3.8817	1.0796	2.3024	6.3686	11.754
0.45742	3.8818	1.076	2.3025	6.3681	11.754
0.45742	3.8818	1.076	2.3025	6.3681	11.754
0.45228	3.8818	1.0728	2.3025	6.3681	11.754
0.45228	3.8818	1.0728	2.3025	6.3675	11.754
0.45228	3.8818	1.0728	2.3025	6.3675	11.754
0.44731	3.8818	1.0693	2.3026	6.3669	11.754
0.44731	3.8818	1.0693	2.3026	6.3669	11.754
0.44315	3.8818	1.0659	2.3026	6.3669	11.754
0.44315	3.8818	1.0659	2.3026	6.3663	11.754
0.44315	3.8818	1.0659	2.3026	6.3663	11.754
0.43852	3.8818	1.0626	2.3026	6.3657	11.754
0.43852	3.8818	1.0626	2.3026	6.3657	11.754
0.43389	3.8818	1.0592	2.3026	6.3657	11.754
0.43389	3.8818	1.0592	2.3026	6.3651	11.754
0.43389	3.8818	1.0592	2.3026	6.3651	11.754
0.42896	3.8819	1.0559	2.3026	6.3644	11.754
0.42896	3.8819	1.0559	2.3026	6.3644	11.754
0.42409	3.8819	1.0523	2.3026	6.3644	11.754
0.42409	3.8819	1.0523	2.3027	6.3637	11.754
0.42409	3.8819	1.0523	2.3027	6.3637	11.754
0.41967	3.8819	1.049	2.3027	6.3628	11.754
0.41967	3.8819	1.049	2.3027	6.3628	11.754
0.41474	3.882	1.0454	2.3027	6.3628	11.754
0.41474	3.882	1.0454	2.3027	6.3619	11.754
0.41474	3.882	1.0454	2.3027	6.3619	11.754
0.40992	3.8821	1.0419	2.3027	6.361	11.754
0.40992	3.8821	1.0419	2.3027	6.361	11.754
0.40488	3.8821	1.0383	2.3027	6.361	11.754
0.40488	3.8821	1.0383	2.3027	6.3602	11.754
0.40488	3.8821	1.0383	2.3027	6.3602	11.754
0.40039	3.8821	1.0349	2.3027	6.3593	11.754
0.40039	3.8821	1.0349	2.3027	6.3593	11.754
0.39563	3.8821	1.0311	2.3027	6.3593	11.754
0.39563	3.8821	1.0311	2.3027	6.3583	11.754
0.39563	3.8821	1.0311	2.3027	6.3583	11.754
0.39098	3.8821	1.0275	2.3027	6.3574	11.754
0.39098	3.8821	1.0275	2.3027	6.3574	11.754
0.3863	3.8822	1.0235	2.3027	6.3574	11.754
0.3863	3.8822	1.0235	2.3027	6.3562	11.754
0.3863	3.8822	1.0235	2.3027	6.3562	11.754
0.38146	3.8822	1.0194	2.3027	6.355	11.754
0.38146	3.8822	1.0194	2.3027	6.355	11.754
0.37725	3.8823	1.0158	2.3027	6.355	11.754
0.37725	3.8823	1.0158	2.3027	6.3539	11.754
0.37725	3.8823	1.0158	2.3027	6.3539	11.754
0.37277	3.8823	1.0119	2.3027	6.353	11.754
0.37277	3.8823	1.0119	2.3027	6.353	11.754
0.36827	3.8823	1.0084	2.3027	6.353	11.754
0.36827	3.8823	1.0084	2.3027	6.3521	11.754
0.36827	3.8823	1.0084	2.3027	6.3521	11.754
0.36426	3.8823	1.0042	2.3028	6.3512	11.754
0.36426	3.8823	1.0042	2.3028	6.3512	11.754
0.35989	3.8824	1.0004	2.3028	6.3512	11.754
0.35989	3.8824	1.0004	2.3028	6.3504	11.754
0.35989	3.8824	1.0004	2.3028	6.3504	11.754
0.35573	3.8826	0.99634	2.3028	6.3495	11.754
0.35573	3.8826	0.99634	2.3028	6.3495	11.754
0.35204	3.8826	0.99226	2.3028	6.3495	11.754
0.35204	3.8826	0.99226	2.3028	6.3486	11.754
0.35204	3.8826	0.99226	2.3028	6.3486	11.754
0.34815	3.8827	0.98829	2.3028	6.3479	11.754
0.34815	3.8827	0.98829	2.3028	6.3479	11.754
0.34395	3.8827	0.98446	2.3028	6.3479	11.754
0.34395	3.8827	0.98446	2.3028	6.3469	11.754
0.34395	3.8827	0.98446	2.3028	6.3469	11.754
0.33998	3.8828	0.98036	2.3028	6.346	11.754
0.33998	3.8828	0.98036	2.3028	6.346	11.754
0.33546	3.8829	0.97678	2.3028	6.346	11.754
0.33546	3.8829	0.97678	2.3028	6.345	11.754
0.33546	3.8829	0.97678	2.3028	6.345	11.754
0.33127	3.883	0.97272	2.3028	6.3441	11.754
0.33127	3.883	0.97272	2.3028	6.3441	11.754
0.32756	3.883	0.96886	2.3028	6.3441	11.754
0.32756	3.883	0.96886	2.3028	6.3431	11.754
0.32756	3.883	0.96886	2.3028	6.3431	11.754
0.32346	3.883	0.96523	2.3028	6.3423	11.754
0.32346	3.883	0.96523	2.3028	6.3423	11.754
0.31913	3.883	0.9614	2.3028	6.3423	11.754
0.31913	3.883	0.9614	2.3028	6.3414	11.754
0.31913	3.883	0.9614	2.3028	6.3414	11.754
0.31508	3.8831	0.95764	2.3028	6.3404	11.754
0.31508	3.8831	0.95764	2.3028	6.3404	11.754
0.31076	3.8832	0.95363	2.3028	6.3404	11.754
0.31076	3.8832	0.95363	2.3028	6.3393	11.754
0.31076	3.8832	0.95363	2.3028	6.3393	11.754
0.3072	3.8833	0.94964	2.3028	6.3382	11.754
0.3072	3.8833	0.94964	2.3028	6.3382	11.754
0.30317	3.8834	0.94617	2.3028	6.3382	11.754
0.30317	3.8834	0.94617	2.3029	6.3374	11.754
0.30317	3.8834	0.94617	2.3029	6.3374	11.754
0.29937	3.8834	0.94233	2.3029	6.3365	11.754
0.29937	3.8834	0.94233	2.3029	6.3365	11.754
0.29523	3.8834	0.93885	2.3029	6.3365	11.754
0.29523	3.8834	0.93885	2.3029	6.3357	11.754
0.29523	3.8834	0.93885	2.3029	6.3357	11.754
0.29144	3.8835	0.9348	2.3029	6.3349	11.754
0.29144	3.8835	0.9348	2.3029	6.3349	11.754
0.28785	3.8835	0.9311	2.3029	6.3349	11.754
0.28785	3.8835	0.9311	2.3029	6.3341	11.754
0.28785	3.8835	0.9311	2.3029	6.3341	11.754
0.28479	3.8836	0.92762	2.3029	6.3333	11.754
0.28479	3.8836	0.92762	2.3029	6.3333	11.754
0.28158	3.8836	0.92388	2.3029	6.3333	11.754
0.28158	3.8836	0.92388	2.3029	6.3326	11.754
0.28158	3.8836	0.92388	2.3029	6.3326	11.754
0.27846	3.8836	0.92062	2.3029	6.3319	11.754
0.27846	3.8836	0.92062	2.3029	6.3319	11.754
0.27545	3.8836	0.91687	2.3029	6.3319	11.754
0.27545	3.8836	0.91687	2.3029	6.3312	11.754
0.27545	3.8836	0.91687	2.3029	6.3312	11.754
0.27197	3.8837	0.91349	2.3029	6.3303	11.754
0.27197	3.8837	0.91349	2.3029	6.3303	11.754
0.26875	3.8837	0.90974	2.3029	6.3303	11.754
0.26875	3.8837	0.90974	2.3029	6.3294	11.754
0.26875	3.8837	0.90974	2.3029	6.3294	11.754
0.26589	3.8837	0.90645	2.3029	6.3285	11.754
0.26589	3.8837	0.90645	2.3029	6.3285	11.754
0.263	3.8838	0.90306	2.3029	6.3285	11.754
0.263	3.8838	0.90306	2.3029	6.3276	11.754
0.263	3.8838	0.90306	2.3029	6.3276	11.754
0.26059	3.8838	0.89961	2.3029	6.3269	11.754
0.26059	3.8838	0.89961	2.3029	6.3269	11.754
0.2579	3.8838	0.89647	2.3029	6.3269	11.754
0.2579	3.8838	0.89647	2.3029	6.3262	11.754
0.2579	3.8838	0.89647	2.3029	6.3262	11.754
0.2553	3.8838	0.8929	2.3029	6.3254	11.754
0.2553	3.8838	0.8929	2.3029	6.3254	11.754
0.25237	3.8838	0.8897	2.3029	6.3254	11.754
0.25237	3.8838	0.8897	2.3029	6.3246	11.754
0.25237	3.8838	0.8897	2.3029	6.3246	11.754
0.2495	3.8839	0.88604	2.3029	6.3238	11.754
0.2495	3.8839	0.88604	2.3029	6.3238	11.754
0.24697	3.884	0.88292	2.3029	6.3238	11.754
0.24697	3.884	0.88292	2.3029	6.3231	11.754
0.24697	3.884	0.88292	2.3029	6.3231	11.754
0.24418	3.8841	0.87963	2.3029	6.3224	11.754
0.24418	3.8841	0.87963	2.3029	6.3224	11.754
0.24177	3.8841	0.87662	2.3029	6.3224	11.754
0.24177	3.8841	0.87662	2.3029	6.3218	11.754
0.24177	3.8841	0.87662	2.3029	6.3218	11.754
0.23945	3.8842	0.87333	2.3029	6.3212	11.754
0.23945	3.8842	0.87333	2.3029	6.3212	11.754
0.23725	3.8842	0.87005	2.3029	6.3212	11.754
0.23725	3.8842	0.87005	2.3029	6.3207	11.754
0.23725	3.8842	0.87005	2.3029	6.3207	11.754
0.23536	3.8842	0.86707	2.3029	6.3201	11.754
0.23536	3.8842	0.86707	2.3029	6.3201	11.754
0.23325	3.8843	0.8638	2.3029	6.3201	11.754
0.23325	3.8843	0.8638	2.3029	6.3195	11.754
0.23325	3.8843	0.8638	2.3029	6.3195	11.754
0.23139	3.8844	0.861	2.3029	6.3191	11.754
0.23139	3.8844	0.861	2.3029	6.3191	11.754
0.22938	3.8844	0.85805	2.3029	6.3191	11.754
0.22938	3.8844	0.85805	2.3029	6.3187	11.754
0.22938	3.8844	0.85805	2.3029	6.3187	11.754
0.22762	3.8844	0.85521	2.3029	6.3185	11.754
0.22762	3.8844	0.85521	2.3029	6.3185	11.754
0.22592	3.8844	0.85281	2.3029	6.3185	11.754
0.22592	3.8844	0.85281	2.3029	6.3183	11.754
0.22592	3.8844	0.85281	2.3029	6.3183	11.754
0.22437	3.8844	0.85021	2.3029	6.3181	11.754
0.22437	3.8844	0.85021	2.3029	6.3181	11.754
0.22305	3.8844	0.84752	2.3029	6.3181	11.754
0.22305	3.8844	0.84752	2.3029	6.3178	11.754
0.22305	3.8844	0.84752	2.3029	6.3178	11.754
0.22162	3.8845	0.8452	2.3029	6.3176	11.754
0.22162	3.8845	0.8452	2.3029	6.3176	11.754
0.22035	3.8845	0.84278	2.3029	6.3176	11.754
0.22035	3.8845	0.84278	2.3029	6.3174	11.754
0.22035	3.8845	0.84278	2.3029	6.3174	11.754
0.21912	3.8845	0.84045	2.3029	6.3171	11.754
0.21912	3.8845	0.84045	2.3029	6.3171	11.754
0.21785	3.8845	0.83844	2.3029	6.3171	11.754
0.21785	3.8845	0.83844	2.3029	6.3169	11.754
0.21785	3.8845	0.83844	2.3029	6.3169	11.754
0.21671	3.8845	0.83637	2.3029	6.3165	11.754
0.21671	3.8845	0.83637	2.3029	6.3165	11.754
0.21548	3.8846	0.83438	2.3029	6.3165	11.754
0.21548	3.8846	0.83438	2.3029	6.3163	11.754
0.21548	3.8846	0.83438	2.3029	6.3163	11.754
0.21433	3.8846	0.83274	2.3029	6.3161	11.754
0.21433	3.8846	0.83274	2.3029	6.3161	11.754
0.21326	3.8846	0.83093	2.3029	6.3161	11.754
0.21326	3.8846	0.83093	2.3029	6.3158	11.754
0.21326	3.8846	0.83093	2.3029	6.3158	11.754
0.21215	3.8846	0.82914	2.3029	6.3155	11.754
0.21215	3.8846	0.82914	2.3029	6.3155	11.754
0.21111	3.8846	0.82761	2.3029	6.3155	11.754
0.21111	3.8846	0.82761	2.3029	6.3153	11.754
0.21111	3.8846	0.82761	2.3029	6.3153	11.754
0.21019	3.8846	0.82594	2.3029	6.3152	11.754
0.21019	3.8846	0.82594	2.3029	6.3152	11.754
0.20918	3.8847	0.82452	2.3029	6.3152	11.754
0.20918	3.8847	0.82452	2.3029	6.315	11.754
0.20918	3.8847	0.82452	2.3029	6.315	11.754
0.20837	3.8847	0.82306	2.3029	6.3149	11.754
0.20837	3.8847	0.82306	2.3029	6.3149	11.754
0.20752	3.8847	0.82168	2.3029	6.3149	11.754
0.20752	3.8847	0.82168	2.3029	6.3148	11.754
0.20752	3.8847	0.82168	2.3029	6.3148	11.754
0.20676	3.8847	0.8205	2.3029	6.3147	11.754
0.20676	3.8847	0.8205	2.3029	6.3147	11.754
0.20606	3.8847	0.81946	2.3029	6.3147	11.754
0.20606	3.8847	0.81946	2.3029	6.3146	11.754
0.20606	3.8847	0.81946	2.3029	6.3146	11.754
0.20542	3.8848	0.81834	2.3029	6.3145	11.754
0.20542	3.8848	0.81834	2.3029	6.3145	11.754
0.20474	3.8848	0.81738	2.3029	6.3145	11.754
0.20474	3.8848	0.81738	2.3029	6.3144	11.754
0.20474	3.8848	0.81738	2.3029	6.3144	11.754
0.20411	3.8848	0.81643	2.3029	6.3143	11.754
0.20411	3.8848	0.81643	2.3029	6.3143	11.754
0.20353	3.8848	0.8155	2.3029	6.3143	11.754
0.20353	3.8848	0.8155	2.3029	6.3142	11.754
0.20353	3.8848	0.8155	2.3029	6.3142	11.754
0.20294	3.8848	0.81473	2.3029	6.3141	11.754
0.20294	3.8848	0.81473	2.3029	6.3141	11.754
0.20233	3.8848	0.81387	2.3029	6.3141	11.754
0.20233	3.8848	0.81387	2.3029	6.3141	11.754
0.20233	3.8848	0.81387	2.3029	6.3141	11.754
0.20179	3.8848	0.81318	2.3029	6.3141	11.754
0.20179	3.8848	0.81318	2.3029	6.3141	11.754
0.20118	3.8848	0.81247	2.3029	6.3141	11.754
0.20118	3.8848	0.81247	2.3029	6.314	11.754
0.20118	3.8848	0.81247	2.3029	6.314	11.754
0.20066	3.8848	0.81185	2.3029	6.314	11.754
0.20066	3.8848	0.81185	2.3029	6.314	11.754
0.2002	3.8848	0.81114	2.3029	6.314	11.754
0.2002	3.8848	0.81114	2.3029	6.3139	11.754
0.2002	3.8848	0.81114	2.3029	6.3139	11.754
0.19977	3.8848	0.81047	2.3029	6.3139	11.754
0.19977	3.8848	0.81047	2.3029	6.3139	11.754
0.1994	3.8848	0.8098	2.3029	6.3139	11.754
0.1994	3.8848	0.8098	2.3029	6.3138	11.754
0.1994	3.8848	0.8098	2.3029	6.3138	11.754
0.19902	3.8848	0.80918	2.3029	6.3138	11.754
0.19902	3.8848	0.80918	2.3029	6.3138	11.754
0.19869	3.8848	0.80858	2.3029	6.3138	11.754
0.19869	3.8848	0.80858	2.3029	6.3137	11.754
0.19869	3.8848	0.80858	2.3029	6.3137	11.754
0.19837	3.8848	0.80804	2.3029	6.3136	11.754
0.19837	3.8848	0.80804	2.3029	6.3136	11.754
0.19814	3.8848	0.8075	2.3029	6.3136	11.754
0.19814	3.8848	0.8075	2.3029	6.3135	11.754
0.19814	3.8848	0.8075	2.3029	6.3135	11.754
0.19798	3.8848	0.80697	2.3029	6.3134	11.754
0.19798	3.8848	0.80697	2.3029	6.3134	11.754
0.19776	3.8848	0.80645	2.3029	6.3134	11.754
0.19776	3.8848	0.80645	2.3029	6.3133	11.754
0.19776	3.8848	0.80645	2.3029	6.3133	11.754
0.19755	3.8848	0.806	2.3029	6.3132	11.754
0.19755	3.8848	0.806	2.3029	6.3132	11.754
0.1974	3.8848	0.80557	2.3029	6.3132	11.754
0.1974	3.8848	0.80557	2.3029	6.3131	11.754
0.1974	3.8848	0.80557	2.3029	6.3131	11.754
0.19728	3.8848	0.80519	2.3029	6.3131	11.754
0.19728	3.8848	0.80519	2.3029	6.3131	11.754
0.19718	3.8848	0.80486	2.3029	6.3131	11.754
0.19718	3.8848	0.80486	2.3029	6.3131	11.754
0.19718	3.8848	0.80486	2.3029	6.3131	11.754
0.19706	3.8848	0.80454	2.3029	6.313	11.754
0.19706	3.8848	0.80454	2.3029	6.313	11.754
0.1969	3.8848	0.8042	2.3029	6.313	11.754
0.1969	3.8848	0.8042	2.3029	6.313	11.754
0.1969	3.8848	0.8042	2.3029	6.313	11.754
0.19673	3.8848	0.80395	2.3029	6.313	11.754
0.19673	3.8848	0.80395	2.3029	6.313	11.754
0.19658	3.8848	0.80365	2.3029	6.313	11.754
0.19658	3.8848	0.80365	2.3029	6.313	11.754
0.19658	3.8848	0.80365	2.3029	6.313	11.754
0.1965	3.8848	0.80335	2.3029	6.3129	11.754
0.1965	3.8848	0.80335	2.3029	6.3129	11.754
0.19643	3.8848	0.80313	2.3029	6.3129	11.754
0.19643	3.8848	0.80313	2.3029	6.3129	11.754
0.19643	3.8848	0.80313	2.3029	6.3129	11.754
0.19639	3.8848	0.8029	2.3029	6.3129	11.754
0.19639	3.8848	0.8029	2.3029	6.3129	11.754
0.19634	3.8848	0.80261	2.3029	6.3129	11.754
0.19634	3.8848	0.80261	2.3029	6.3129	11.754
0.19634	3.8848	0.80261	2.3029	6.3129	11.754
0.1963	3.8848	0.80234	2.3029	6.3129	11.754
0.1963	3.8848	0.80234	2.3029	6.3129	11.754
0.19626	3.8848	0.80217	2.3029	6.3129	11.754
0.19626	3.8848	0.80217	2.3029	6.3129	11.754
0.19626	3.8848	0.80217	2.3029	6.3129	11.754
0.19622	3.8848	0.80197	2.3029	6.3128	11.754
0.19622	3.8848	0.80197	2.3029	6.3128	11.754
0.19617	3.8848	0.80176	2.3029	6.3128	11.754
0.19617	3.8848	0.80176	2.3029	6.3128	11.754
0.19617	3.8848	0.80176	2.3029	6.3128	11.754
0.19611	3.8848	0.80154	2.3029	6.3128	11.754
0.19611	3.8848	0.80154	2.3029	6.3128	11.754
0.19605	3.8848	0.80136	2.3029	6.3128	11.754
0.19605	3.8848	0.80136	2.3029	6.3128	11.754
0.19605	3.8848	0.80136	2.3029	6.3128	11.754
0.19599	3.8848	0.80124	2.3029	6.3127	11.754
0.19599	3.8848	0.80124	2.3029	6.3127	11.754
0.19593	3.8848	0.80113	2.3029	6.3127	11.754
0.19593	3.8848	0.80113	2.3029	6.3127	11.754
0.19593	3.8848	0.80113	2.3029	6.3127	11.754
0.19588	3.8848	0.801	2.3029	6.3127	11.754
0.19588	3.8848	0.801	2.3029	6.3127	11.754
0.19585	3.8848	0.80088	2.3029	6.3127	11.754
0.19585	3.8848	0.80088	2.3029	6.3127	11.754
0.19585	3.8848	0.80088	2.3029	6.3127	11.754
0.19583	3.8848	0.80075	2.3029	6.3127	11.754
0.19583	3.8848	0.80075	2.3029	6.3127	11.754
0.19581	3.8848	0.80064	2.3029	6.3127	11.754
0.19581	3.8848	0.80064	2.3029	6.3127	11.754
0.19581	3.8848	0.80064	2.3029	6.3127	11.754
0.19579	3.8848	0.80056	2.3029	6.3127	11.754
0.19579	3.8848	0.80056	2.3029	6.3127	11.754
0.19576	3.8848	0.80049	2.3029	6.3127	11.754
0.19576	3.8848	0.80049	2.3029	6.3127	11.754
0.19576	3.8848	0.80049	2.3029	6.3127	11.754
0.19573	3.8848	0.80043	2.3029	6.3127	11.754
0.19573	3.8848	0.80043	2.3029	6.3127	11.754
0.19569	3.8848	0.80037	2.3029	6.3127	11.754
0.19569	3.8848	0.80037	2.3029	6.3127	11.754
0.19569	3.8848	0.80037	2.3029	6.3127	11.754
0.19565	3.8848	0.80032	2.3029	6.3127	11.754
0.19565	3.8848	0.80032	2.3029	6.3127	11.754
0.1956	3.8848	0.80027	2.3029	6.3127	11.754
0.1956	3.8848	0.80027	2.3029	6.3126	11.754
0.1956	3.8848	0.80027	2.3029	6.3126	11.754
0.19557	3.8848	0.8002	2.3029	6.3126	11.754
0.19557	3.8848	0.8002	2.3029	6.3126	11.754
0.19555	3.8848	0.80013	2.3029	6.3126	11.754
0.19555	3.8848	0.80013	2.3029	6.3126	11.754
0.19555	3.8848	0.80013	2.3029	6.3126	11.754
0.19554	3.8848	0.80004	2.3029	6.3126	11.754
0.19554	3.8848	0.80004	2.3029	6.3126	11.754
0.19554	3.8848	0.79992	2.3029	6.3126	11.754
0.19554	3.8848	0.79992	2.3029	6.3126	11.754
0.19554	3.8848	0.79992	2.3029	6.3126	11.754
0.19554	3.8848	0.79978	2.3029	6.3126	11.754
0.19554	3.8848	0.79978	2.3029	6.3126	11.754
0.19554	3.8848	0.79964	2.3029	6.3126	11.754
0.19554	3.8848	0.79964	2.3029	6.3125	11.754
0.19554	3.8848	0.79964	2.3029	6.3125	11.754
0.19553	3.8848	0.79949	2.3029	6.3125	11.754
0.19553	3.8848	0.79949	2.3029	6.3125	11.754
0.19553	3.8848	0.79938	2.3029	6.3125	11.754
0.19553	3.8848	0.79938	2.3029	6.3125	11.754
0.19553	3.8848	0.79938	2.3029	6.3125	11.754
0.19553	3.8848	0.79927	2.3029	6.3125	11.754
0.19553	3.8848	0.79927	2.3029	6.3125	11.754
0.19552	3.8848	0.79915	2.3029	6.3125	11.754
0.19552	3.8848	0.79915	2.3029	6.3124	11.754
0.19552	3.8848	0.79915	2.3029	6.3124	11.754
0.19551	3.8848	0.79903	2.3029	6.3124	11.754
0.19551	3.8848	0.79903	2.3029	6.3124	11.754
0.1955	3.8848	0.7989	2.3029	6.3124	11.754
0.1955	3.8848	0.7989	2.3029	6.3124	11.754
0.1955	3.8848	0.7989	2.3029	6.3124	11.754
0.19549	3.8848	0.79875	2.3029	6.3124	11.754
0.19549	3.8848	0.79875	2.3029	6.3124	11.754
0.19549	3.8848	0.79861	2.3029	6.3124	11.754
0.19549	3.8848	0.79861	2.3029	6.3123	11.754
0.19549	3.8848	0.79861	2.3029	6.3123	11.754
0.19549	3.8848	0.79848	2.3029	6.3122	11.754
0.19549	3.8848	0.79848	2.3029	6.3122	11.754
0.19548	3.8848	0.79836	2.3029	6.3122	11.754
0.19548	3.8848	0.79836	2.3029	6.3121	11.754
0.19548	3.8848	0.79836	2.3029	6.3121	11.754
0.19546	3.8848	0.79827	2.3029	6.312	11.754
0.19546	3.8848	0.79827	2.3029	6.312	11.754
0.19544	3.8848	0.7982	2.3029	6.312	11.754
0.19544	3.8848	0.7982	2.3029	6.3119	11.754
0.19544	3.8848	0.7982	2.3029	6.3119	11.754
0.19542	3.8848	0.79816	2.3029	6.3119	11.754
0.19542	3.8848	0.79816	2.3029	6.3119	11.754
0.19541	3.8848	0.79814	2.3029	6.3119	11.754
0.19541	3.8848	0.79814	2.3029	6.3119	11.754
0.19541	3.8848	0.79814	2.3029	6.3119	11.754
0.19541	3.8848	0.79811	2.3029	6.3118	11.754
0.19541	3.8848	0.79811	2.3029	6.3118	11.754
0.19541	3.8848	0.79806	2.3029	6.3118	11.754
0.19541	3.8848	0.79806	2.3029	6.3118	11.754
0.19541	3.8848	0.79806	2.3029	6.3118	11.754
0.19541	3.8848	0.79799	2.3029	6.3118	11.754
0.19541	3.8848	0.79799	2.3029	6.3118	11.754
0.19541	3.8848	0.79792	2.3029	6.3118	11.754
0.19541	3.8848	0.79792	2.3029	6.3118	11.754
0.19541	3.8848	0.79792	2.3029	6.3118	11.754
0.19541	3.8848	0.79785	2.3029	6.3118	11.754
0.19541	3.8848	0.79785	2.3029	6.3118	11.754
0.19541	3.8848	0.79778	2.3029	6.3118	11.754
0.19541	3.8848	0.79778	2.3029	6.3118	11.754
0.19541	3.8848	0.79778	2.3029	6.3118	11.754
0.19539	3.8848	0.79771	2.3029	6.3118	11.754
0.19539	3.8848	0.79771	2.3029	6.3118	11.754
0.19538	3.8848	0.79765	2.3029	6.3118	11.754
0.19538	3.8848	0.79765	2.3029	6.3118	11.754
0.19538	3.8848	0.79765	2.3029	6.3118	11.754
0.19538	3.8848	0.79762	2.3029	6.3118	11.754
0.19538	3.8848	0.79762	2.3029	6.3118	11.754
0.19538	3.8848	0.7976	2.3029	6.3118	11.754
0.19538	3.8848	0.7976	2.3029	6.3118	11.754
0.19538	3.8848	0.7976	2.3029	6.3118	11.754
0.19537	3.8848	0.7976	2.3029	6.3118	11.754
0.19537	3.8848	0.7976	2.3029	6.3118	11.754
0.19537	3.8848	0.79759	2.3029	6.3118	11.754
0.19537	3.8848	0.79759	2.3029	6.3118	11.754
0.19537	3.8848	0.79759	2.3029	6.3118	11.754
0.19537	3.8848	0.79759	2.3029	6.3118	11.754
0.19537	3.8848	0.79759	2.3029	6.3118	11.754
0.19537	3.8848	0.79759	2.3029	6.3118	11.754
0.19537	3.8848	0.79759	2.3029	6.3118	11.754
0.19537	3.8848	0.79759	2.3029	6.3118	11.754
0.19537	3.8848	0.79758	2.3029	6.3118	11.754
0.19537	3.8848	0.79758	2.3029	6.3118	11.754
0.19537	3.8848	0.79758	2.3029	6.3118	11.754
0.19537	3.8848	0.79758	2.3029	6.3118	11.754
0.19537	3.8848	0.79758	2.3029	6.3118	11.754
0.19537	3.8848	0.79758	2.3029	6.3118	11.754
0.19537	3.8848	0.79758	2.3029	6.3118	11.754
0.19537	3.8848	0.79758	2.3029	6.3118	11.754
0.19537	3.8848	0.79758	2.3029	6.3118	11.754
0.19537	3.8848	0.79758	2.3029	6.3118	11.754
0.19537	3.8848	0.79757	2.3029	6.3118	11.754
0.19537	3.8848	0.79757	2.3029	6.3118	11.754
0.19536	3.8848	0.79757	2.3029	6.3118	11.754
0.19536	3.8848	0.79757	2.3029	6.3117	11.754
0.19536	3.8848	0.79757	2.3029	6.3117	11.754
0.19536	3.8848	0.79756	2.3029	6.3117	11.754
0.19536	3.8848	0.79756	2.3029	6.3117	11.754
0.19535	3.8848	0.79756	2.3029	6.3117	11.754
0.19535	3.8848	0.79756	2.3029	6.3117	11.754
0.19535	3.8848	0.79756	2.3029	6.3117	11.754
0.19535	3.8848	0.79756	2.3029	6.3117	11.754
0.19535	3.8848	0.79756	2.3029	6.3117	11.754
0.19535	3.8848	0.79756	2.3029	6.3117	11.754
0.19535	3.8848	0.79756	2.3029	6.3117	11.754
0.19535	3.8848	0.79756	2.3029	6.3117	11.754
0.19535	3.8848	0.79756	2.3029	6.3117	11.754
0.19535	3.8848	0.79756	2.3029	6.3117	11.754
0.19535	3.8848	0.79756	2.3029	6.3117	11.754
0.19535	3.8848	0.79756	2.3029	6.3117	11.754
0.19535	3.8848	0.79756	2.3029	6.3117	11.754
0.19535	3.8848	0.79756	2.3029	6.3117	11.754
0.19535	3.8848	0.79756	2.3029	6.3117	11.754
0.19535	3.8848	0.79756	2.3029	6.3117	11.754
0.19535	3.8848	0.79756	2.3029	6.3117	11.754
0.19535	3.8848	0.79756	2.3029	6.3117	11.754
0.19535	3.8848	0.79756	2.3029	6.3117	11.754
0.19535	3.8848	0.79756	2.3029	6.3117	11.754
0.19535	3.8848	0.79756	2.3029	6.3117	11.754
0.19535	3.8848	0.79756	2.3029	6.3117	11.754
0.19535	3.8848	0.79756	2.3029	6.3117	11.754
0.19535	3.8848	0.79755	2.3029	6.3117	11.754
0.19535	3.8848	0.79755	2.3029	6.3117	11.754
0.19534	3.8848	0.79755	2.3029	6.3117	11.754
0.19534	3.8848	0.79755	2.3029	6.3117	11.754
0.19534	3.8848	0.79755	2.3029	6.3117	11.754
0.19534	3.8848	0.79755	2.3029	6.3117	11.754
0.19534	3.8848	0.79755	2.3029	6.3117	11.754
0.19534	3.8848	0.79755	2.3029	6.3117	11.754
0.19534	3.8848	0.79755	2.3029	6.3117	11.754
0.19534	3.8848	0.79755	2.3029	6.3117	11.754
0.19534	3.8848	0.79755	2.3029	6.3117	11.754
0.19534	3.8848	0.79755	2.3029	6.3117	11.754
0.19534	3.8848	0.79755	2.3029	6.3117	11.754
0.19534	3.8848	0.79755	2.3029	6.3117	11.754
0.19534	3.8848	0.79755	2.3029	6.3117	11.754
0.19534	3.8848	0.79755	2.3029	6.3117	11.754
0.19534	3.8848	0.79755	2.3029	6.3117	11.754
0.19534	3.8848	0.79755	2.3029	6.3117	11.754
0.19534	3.8848	0.79755	2.3029	6.3117	11.754
0.19534	3.8848	0.79755	2.3029	6.3117	11.754
0.19534	3.8848	0.79755	2.3029	6.3117	11.754
0.19534	3.8848	0.79755	2.3029	6.3117	11.754
0.19534	3.8848	0.79755	2.3029	6.3117	11.754
0.19534	3.8848	0.79755	2.3029	6.3117	11.754
0.19534	3.8848	0.79755	2.3029	6.3117	11.754
0.19534	3.8848	0.79755	2.3029	6.3117	11.754
0.19534	3.8848	0.79755	2.3029	6.3117	11.754
0.19534	3.8848	0.79755	2.3029	6.3117	11.754
0.19534	3.8848	0.79755	2.3029	6.3117	11.754
0.19534	3.8848	0.79755	2.3029	6.3117	11.754
0.19534	3.8848	0.79755	2.3029	6.3117	11.754
0.19534	3.8848	0.79755	2.3029	6.3117	11.754
0.19534	3.8848	0.79755	2.3029	6.3117	11.754
0.19534	3.8848	0.79755	2.3029	6.3117	11.754
0.19534	3.8848	0.79755	2.3029	6.3117	11.754
0.19534	3.8848	0.79755	2.3029	6.3117	11.754
0.19534	3.8848	0.79755	2.3029	6.3117	11.754
0.19534	3.8848	0.79755	2.3029	6.3117	11.754
0.19534	3.8848	0.79755	2.3029	6.3117	11.754
0.19534	3.8848	0.79755	2.3029	6.3117	11.754
0.19534	3.8848	0.79755	2.3029	6.3117	11.754
0.19534	3.8848	0.79755	2.3029	6.3117	11.754
0.19534	3.8848	0.79755	2.3029	6.3117	11.754
0.19534	3.8848	0.79755	2.3029	6.3117	11.754
0.19534	3.8848	0.79755	2.3029	6.3117	11.754
0.19533	3.8848	0.79755	2.3029	6.3117	11.754
0.19533	3.8848	0.79755	2.3029	6.3117	11.754
0.1953	3.8848	0.79755	2.3029	6.3117	11.754
0.1953	3.8848	0.79755	2.3029	6.3117	11.754
0.1953	3.8848	0.79755	2.3029	6.3117	11.754
0.19525	3.8848	0.79755	2.3029	6.3117	11.754
0.19525	3.8848	0.79755	2.3029	6.3117	11.754
0.19518	3.8848	0.79755	2.3029	6.3117	11.754
0.19518	3.8848	0.79755	2.3029	6.3117	11.754
0.19518	3.8848	0.79755	2.3029	6.3117	11.754
0.19512	3.8848	0.79755	2.3029	6.3117	11.754
0.19512	3.8848	0.79755	2.3029	6.3117	11.754
0.19508	3.8848	0.79755	2.3029	6.3117	11.754
0.19508	3.8848	0.79755	2.3029	6.3117	11.754
0.19508	3.8848	0.79755	2.3029	6.3117	11.754
0.19506	3.8848	0.79755	2.3029	6.3117	11.754
0.19506	3.8848	0.79755	2.3029	6.3117	11.754
0.19504	3.8848	0.79755	2.3029	6.3117	11.754
0.19504	3.8848	0.79755	2.3029	6.3117	11.754
0.19504	3.8848	0.79755	2.3029	6.3117	11.754
0.19501	3.8848	0.79755	2.3029	6.3117	11.754
0.19501	3.8848	0.79755	2.3029	6.3117	11.754
0.19495	3.8848	0.79755	2.3029	6.3117	11.754
0.19495	3.8848	0.79755	2.3029	6.3117	11.754
0.19495	3.8848	0.79755	2.3029	6.3117	11.754
0.19485	3.8848	0.79755	2.3029	6.3117	11.754
0.19485	3.8848	0.79755	2.3029	6.3117	11.754
0.19474	3.8848	0.79755	2.3029	6.3117	11.754
0.19474	3.8848	0.79755	2.3029	6.3117	11.754
0.19474	3.8848	0.79755	2.3029	6.3117	11.754
0.19465	3.8848	0.79755	2.3029	6.3117	11.754
0.19465	3.8848	0.79755	2.3029	6.3117	11.754
0.1946	3.8848	0.79756	2.3029	6.3117	11.754
0.1946	3.8848	0.79756	2.3029	6.3117	11.754
0.1946	3.8848	0.79756	2.3029	6.3117	11.754
0.19456	3.8848	0.79756	2.3029	6.3116	11.754
0.19456	3.8848	0.79756	2.3029	6.3116	11.754
0.19452	3.8848	0.79756	2.3029	6.3116	11.754
0.19452	3.8848	0.79756	2.3029	6.3116	11.754
0.19452	3.8848	0.79756	2.3029	6.3116	11.754
0.19447	3.8848	0.79755	2.3029	6.3116	11.754
0.19447	3.8848	0.79755	2.3029	6.3116	11.754
0.19442	3.8848	0.79755	2.3029	6.3116	11.754
0.19442	3.8848	0.79755	2.3029	6.3115	11.754
0.19442	3.8848	0.79755	2.3029	6.3115	11.754
0.19433	3.8848	0.79755	2.3029	6.3114	11.754
0.19433	3.8848	0.79755	2.3029	6.3114	11.754
0.19422	3.8848	0.79755	2.3029	6.3114	11.754
0.19422	3.8848	0.79755	2.3029	6.3112	11.754
0.19422	3.8848	0.79755	2.3029	6.3112	11.754
0.19406	3.8847	0.79755	2.3029	6.311	11.754
0.19406	3.8847	0.79755	2.3029	6.311	11.754
0.19386	3.8847	0.79754	2.3029	6.311	11.754
0.19386	3.8847	0.79754	2.3029	6.3108	11.754
0.19386	3.8847	0.79754	2.3029	6.3108	11.754
0.19358	3.8846	0.79754	2.3029	6.3106	11.754
0.19358	3.8846	0.79754	2.3029	6.3106	11.754
0.19338	3.8845	0.79752	2.3029	6.3106	11.754
0.19338	3.8845	0.79752	2.3029	6.3104	11.754
0.19338	3.8845	0.79752	2.3029	6.3104	11.754
0.19322	3.8845	0.79749	2.3029	6.3103	11.754
0.19322	3.8845	0.79749	2.3029	6.3103	11.754
0.19299	3.8844	0.79746	2.3029	6.3103	11.754
0.19299	3.8844	0.79746	2.3029	6.3102	11.754
0.19299	3.8844	0.79746	2.3029	6.3102	11.754
0.19269	3.8844	0.79745	2.3029	6.3101	11.754
0.19269	3.8844	0.79745	2.3029	6.3101	11.754
0.19232	3.8844	0.79743	2.3029	6.3101	11.754
0.19232	3.8844	0.79743	2.3029	6.3101	11.754
0.19232	3.8844	0.79743	2.3029	6.3101	11.754
0.19191	3.8844	0.79742	2.3029	6.31	11.754
0.19191	3.8844	0.79742	2.3029	6.31	11.754
0.19142	3.8844	0.79741	2.3029	6.31	11.754
0.19142	3.8844	0.79741	2.3029	6.3099	11.754
0.19142	3.8844	0.79741	2.3029	6.3099	11.754
0.19076	3.8844	0.79741	2.3029	6.3098	11.754
0.19076	3.8844	0.79741	2.3029	6.3098	11.754
0.18979	3.8843	0.7974	2.3029	6.3098	11.754
0.18979	3.8843	0.7974	2.3029	6.3098	11.754
0.18979	3.8843	0.7974	2.3029	6.3098	11.754
0.18883	3.8843	0.79739	2.3029	6.3098	11.754
0.18883	3.8843	0.79739	2.3029	6.3098	11.754
0.18759	3.8843	0.79739	2.3029	6.3098	11.754
0.18759	3.8843	0.79739	2.3029	6.3097	11.754
0.18759	3.8843	0.79739	2.3029	6.3097	11.754
0.18607	3.8843	0.79739	2.3029	6.3097	11.754
0.18607	3.8843	0.79739	2.3029	6.3097	11.754
0.18455	3.8843	0.79739	2.3029	6.3097	11.754
0.18455	3.8843	0.79739	2.3029	6.3097	11.754
0.18455	3.8843	0.79739	2.3029	6.3097	11.754
0.18278	3.8843	0.79739	2.3029	6.3097	11.754
0.18278	3.8843	0.79739	2.3029	6.3097	11.754
0.18094	3.8842	0.79739	2.3029	6.3097	11.754
0.18094	3.8842	0.79739	2.3029	6.3096	11.754
0.18094	3.8842	0.79739	2.3029	6.3096	11.754
0.17909	3.8842	0.7974	2.3029	6.3096	11.754
0.17909	3.8842	0.7974	2.3029	6.3096	11.754
0.17726	3.8842	0.7974	2.3029	6.3096	11.754
0.17726	3.8842	0.7974	2.3029	6.3096	11.754
0.17726	3.8842	0.7974	2.3029	6.3096	11.754
0.17564	3.8842	0.79741	2.3029	6.3096	11.754
0.17564	3.8842	0.79741	2.3029	6.3096	11.754
0.17381	3.8842	0.79742	2.3029	6.3096	11.754
0.17381	3.8842	0.79742	2.3029	6.3096	11.754
0.17381	3.8842	0.79742	2.3029	6.3096	11.754
0.17194	3.8842	0.79743	2.3029	6.3096	11.754
0.17194	3.8842	0.79743	2.3029	6.3096	11.754
0.1701	3.8842	0.79744	2.3029	6.3096	11.754
0.1701	3.8842	0.79744	2.3029	6.3096	11.754
0.1701	3.8842	0.79744	2.3029	6.3096	11.754
0.16803	3.8842	0.79745	2.3029	6.3096	11.754
0.16803	3.8842	0.79745	2.3029	6.3096	11.754
0.16616	3.8842	0.79747	2.3029	6.3096	11.754
0.16616	3.8842	0.79747	2.3029	6.3096	11.754
0.16616	3.8842	0.79747	2.3029	6.3096	11.754
0.16372	3.8841	0.79749	2.3029	6.3096	11.754
0.16372	3.8841	0.79749	2.3029	6.3096	11.754
0.16117	3.8841	0.79753	2.3029	6.3096	11.754
0.16117	3.8841	0.79753	2.3029	6.3096	11.754
0.16117	3.8841	0.79753	2.3029	6.3096	11.754
0.15833	3.8841	0.79758	2.3029	6.3096	11.754
0.15833	3.8841	0.79758	2.3029	6.3096	11.754
0.15534	3.8841	0.79766	2.3029	6.3096	11.754
0.15534	3.8841	0.79766	2.3029	6.3096	11.754
0.15534	3.8841	0.79766	2.3029	6.3096	11.754
0.15272	3.8841	0.79775	2.3029	6.3096	11.754
0.15272	3.8841	0.79775	2.3029	6.3096	11.754
0.14988	3.8841	0.79784	2.3029	6.3096	11.754
0.14988	3.8841	0.79784	2.3029	6.3096	11.754
0.14988	3.8841	0.79784	2.3029	6.3096	11.754
0.14727	3.8841	0.79795	2.3029	6.3096	11.754
0.14727	3.8841	0.79795	2.3029	6.3096	11.754
0.14462	3.8841	0.79818	2.3029	6.3096	11.754
0.14462	3.8841	0.79818	2.3029	6.3096	11.754
0.14462	3.8841	0.79818	2.3029	6.3096	11.754
0.14224	3.8841	0.79854	2.3029	6.3096	11.754
0.14224	3.8841	0.79854	2.3029	6.3096	11.754
0.13947	3.8841	0.79905	2.3029	6.3096	11.754
0.13947	3.8841	0.79905	2.3029	6.3096	11.754
0.13947	3.8841	0.79905	2.3029	6.3096	11.754
0.13681	3.884	0.7997	2.3029	6.3096	11.754
0.13681	3.884	0.7997	2.3029	6.3096	11.754
0.13375	3.884	0.8004	2.3029	6.3096	11.754
0.13375	3.884	0.8004	2.3029	6.3096	11.754
0.13375	3.884	0.8004	2.3029	6.3096	11.754
0.13098	3.8839	0.80122	2.3029	6.3096	11.754
0.13098	3.8839	0.80122	2.3029	6.3096	11.754
0.12785	3.8838	0.80224	2.3029	6.3096	11.754
0.12785	3.8838	0.80224	2.3029	6.3096	11.754
0.12785	3.8838	0.80224	2.3029	6.3096	11.754
0.1251	3.8837	0.80317	2.3029	6.3096	11.754
0.1251	3.8837	0.80317	2.3029	6.3096	11.754
0.12198	3.8835	0.80424	2.3029	6.3096	11.754
0.12198	3.8835	0.80424	2.3029	6.3095	11.754
0.12198	3.8835	0.80424	2.3029	6.3095	11.754
0.11918	3.8834	0.80532	2.3029	6.3095	11.754
0.11918	3.8834	0.80532	2.3029	6.3095	11.754
0.1161	3.8833	0.80637	2.3029	6.3095	11.754
0.1161	3.8833	0.80637	2.3029	6.3095	11.754
0.1161	3.8833	0.80637	2.3029	6.3095	11.754
0.11269	3.8831	0.80747	2.3029	6.3095	11.754
0.11269	3.8831	0.80747	2.3029	6.3095	11.754
0.10925	3.8829	0.80857	2.3029	6.3095	11.754
0.10925	3.8829	0.80857	2.3029	6.3095	11.754
0.10925	3.8829	0.80857	2.3029	6.3095	11.754
0.1059	3.8828	0.80973	2.3029	6.3095	11.754
0.1059	3.8828	0.80973	2.3029	6.3095	11.754
0.10256	3.8827	0.81091	2.3029	6.3095	11.754
0.10256	3.8827	0.81091	2.3029	6.3095	11.754
0.10256	3.8827	0.81091	2.3029	6.3095	11.754
0.099566	3.8826	0.81222	2.3029	6.3095	11.754
0.099566	3.8826	0.81222	2.3029	6.3095	11.754
0.096241	3.8826	0.81358	2.3029	6.3095	11.754
0.096241	3.8826	0.81358	2.3029	6.3095	11.754
0.096241	3.8826	0.81358	2.3029	6.3095	11.754
0.092582	3.8825	0.81498	2.3029	6.3095	11.754
0.092582	3.8825	0.81498	2.3029	6.3095	11.754
0.088772	3.8825	0.81649	2.3029	6.3095	11.754
0.088772	3.8825	0.81649	2.3029	6.3095	11.754
0.088772	3.8825	0.81649	2.3029	6.3095	11.754
0.085325	3.8824	0.81804	2.3029	6.3095	11.754
0.085325	3.8824	0.81804	2.3029	6.3095	11.754
0.081589	3.8823	0.81976	2.3029	6.3095	11.754
0.081589	3.8823	0.81976	2.3029	6.3095	11.754
0.081589	3.8823	0.81976	2.3029	6.3095	11.754
0.077968	3.8822	0.82128	2.3029	6.3095	11.754
0.077968	3.8822	0.82128	2.3029	6.3095	11.754
0.074748	3.8821	0.82294	2.3029	6.3095	11.754
0.074748	3.8821	0.82294	2.3029	6.3095	11.754
0.074748	3.8821	0.82294	2.3029	6.3095	11.754
0.070848	3.882	0.82449	2.3029	6.3094	11.754
0.070848	3.882	0.82449	2.3029	6.3094	11.754
0.066865	3.8819	0.82612	2.3029	6.3094	11.754
0.066865	3.8819	0.82612	2.3029	6.3094	11.754
0.066865	3.8819	0.82612	2.3029	6.3094	11.754
0.062376	3.8818	0.82783	2.3029	6.3094	11.754
0.062376	3.8818	0.82783	2.3029	6.3094	11.754
0.058101	3.8817	0.82954	2.3029	6.3094	11.754
0.058101	3.8817	0.82954	2.3029	6.3094	11.754
0.058101	3.8817	0.82954	2.3029	6.3094	11.754
0.053507	3.8816	0.83108	2.3029	6.3094	11.754
0.053507	3.8816	0.83108	2.3029	6.3094	11.754
0.048933	3.8815	0.83243	2.3029	6.3094	11.754
0.048933	3.8815	0.83243	2.3029	6.3094	11.754
0.048933	3.8815	0.83243	2.3029	6.3094	11.754
0.043286	3.8815	0.83382	2.3029	6.3094	11.754
0.043286	3.8815	0.83382	2.3029	6.3094	11.754
0.038079	3.8815	0.83515	2.3029	6.3094	11.754
0.038079	3.8815	0.83515	2.3029	6.3094	11.754
0.038079	3.8815	0.83515	2.3029	6.3094	11.754
0.033029	3.8815	0.8367	2.3029	6.3094	11.754
0.033029	3.8815	0.8367	2.3029	6.3094	11.754
0.027068	3.8815	0.83801	2.3029	6.3094	11.754
0.027068	3.8815	0.83801	2.3029	6.3094	11.754
0.027068	3.8815	0.83801	2.3029	6.3094	11.754
0.021275	3.8815	0.83945	2.3029	6.3094	11.754
0.021275	3.8815	0.83945	2.3029	6.3094	11.754
0.015143	3.8815	0.84094	2.3029	6.3094	11.754
0.015143	3.8815	0.84094	2.3029	6.3094	11.754
0.015143	3.8815	0.84094	2.3029	6.3094	11.754
0.0094202	3.8814	0.84243	2.3029	6.3094	11.754
0.0094202	3.8814	0.84243	2.3029	6.3094	11.754
0.0037134	3.8814	0.84391	2.3029	6.3094	11.754
0.0037134	3.8814	0.84391	2.3029	6.3094	11.754
0.0037134	3.8814	0.84391	2.3029	6.3094	11.754
-0.0027073	3.8813	0.84564	2.3029	6.3094	11.754
-0.0027073	3.8813	0.84564	2.3029	6.3094	11.754
-0.0090076	3.8813	0.84738	2.3029	6.3094	11.754
-0.0090076	3.8813	0.84738	2.3029	6.3094	11.754
-0.0090076	3.8813	0.84738	2.3029	6.3094	11.754
-0.014823	3.8813	0.8492	2.3029	6.3094	11.754
-0.014823	3.8813	0.8492	2.3029	6.3094	11.754
-0.020644	3.8813	0.85106	2.3029	6.3094	11.754
-0.020644	3.8813	0.85106	2.3029	6.3094	11.754
-0.020644	3.8813	0.85106	2.3029	6.3094	11.754
-0.027038	3.8813	0.85298	2.3029	6.3094	11.754
-0.027038	3.8813	0.85298	2.3029	6.3094	11.754
-0.033297	3.8813	0.85518	2.3029	6.3094	11.754
-0.033297	3.8813	0.85518	2.3029	6.3094	11.754
-0.033297	3.8813	0.85518	2.3029	6.3094	11.754
-0.039713	3.8813	0.8572	2.3029	6.3094	11.754
-0.039713	3.8813	0.8572	2.3029	6.3094	11.754
-0.045791	3.8812	0.85941	2.3029	6.3094	11.754
-0.045791	3.8812	0.85941	2.3029	6.3094	11.754
-0.045791	3.8812	0.85941	2.3029	6.3094	11.754
-0.051835	3.8812	0.86184	2.3029	6.3094	11.754
-0.051835	3.8812	0.86184	2.3029	6.3094	11.754
-0.058113	3.8812	0.86422	2.3029	6.3094	11.754
-0.058113	3.8812	0.86422	2.3029	6.3094	11.754
-0.058113	3.8812	0.86422	2.3029	6.3094	11.754
-0.064518	3.8812	0.86704	2.3029	6.3094	11.754
-0.064518	3.8812	0.86704	2.3029	6.3094	11.754
-0.07069	3.8812	0.8699	2.3029	6.3094	11.754
-0.07069	3.8812	0.8699	2.3029	6.3094	11.754
-0.07069	3.8812	0.8699	2.3029	6.3094	11.754
-0.077193	3.8812	0.87271	2.3029	6.3094	11.754
-0.077193	3.8812	0.87271	2.3029	6.3094	11.754
-0.08307	3.8812	0.87572	2.3029	6.3094	11.754
-0.08307	3.8812	0.87572	2.3029	6.3094	11.754
-0.08307	3.8812	0.87572	2.3029	6.3094	11.754
-0.089595	3.8812	0.87853	2.3029	6.3094	11.754
-0.089595	3.8812	0.87853	2.3029	6.3094	11.754
-0.096286	3.8811	0.88142	2.3029	6.3094	11.754
-0.096286	3.8811	0.88142	2.3029	6.3094	11.754
-0.096286	3.8811	0.88142	2.3029	6.3094	11.754
-0.1021	3.8811	0.88418	2.3029	6.3094	11.754
-0.1021	3.8811	0.88418	2.3029	6.3094	11.754
-0.10859	3.8811	0.88708	2.3029	6.3094	11.754
-0.10859	3.8811	0.88708	2.3029	6.3094	11.754
-0.10859	3.8811	0.88708	2.3029	6.3094	11.754
-0.11498	3.8811	0.89017	2.3029	6.3094	11.754
-0.11498	3.8811	0.89017	2.3029	6.3094	11.754
-0.12111	3.8811	0.89329	2.3029	6.3094	11.754
-0.12111	3.8811	0.89329	2.3029	6.3094	11.754
-0.12111	3.8811	0.89329	2.3029	6.3094	11.754
-0.12769	3.8811	0.89675	2.3029	6.3094	11.754
-0.12769	3.8811	0.89675	2.3029	6.3094	11.754
-0.13369	3.8811	0.90008	2.3029	6.3094	11.754
-0.13369	3.8811	0.90008	2.3029	6.3094	11.754
-0.13369	3.8811	0.90008	2.3029	6.3094	11.754
-0.1404	3.8811	0.90366	2.3029	6.3094	11.754
-0.1404	3.8811	0.90366	2.3029	6.3094	11.754
-0.14634	3.8811	0.90718	2.3029	6.3094	11.754
-0.14634	3.8811	0.90718	2.3029	6.3094	11.754
-0.14634	3.8811	0.90718	2.3029	6.3094	11.754
-0.15288	3.8811	0.91048	2.3029	6.3094	11.754
-0.15288	3.8811	0.91048	2.3029	6.3094	11.754
-0.1587	3.8811	0.91442	2.3029	6.3094	11.754
-0.1587	3.8811	0.91442	2.3029	6.3094	11.754
-0.1587	3.8811	0.91442	2.3029	6.3094	11.754
-0.16527	3.8811	0.91825	2.3029	6.3093	11.754
-0.16527	3.8811	0.91825	2.3029	6.3093	11.754
-0.17142	3.8811	0.92204	2.3029	6.3093	11.754
-0.17142	3.8811	0.92204	2.3029	6.3093	11.754
-0.17142	3.8811	0.92204	2.3029	6.3093	11.754
-0.17766	3.8811	0.92636	2.3029	6.3093	11.754
-0.17766	3.8811	0.92636	2.3029	6.3093	11.754
-0.18372	3.8811	0.93004	2.3029	6.3093	11.754
-0.18372	3.8811	0.93004	2.3029	6.3093	11.754
-0.18372	3.8811	0.93004	2.3029	6.3093	11.754
-0.19023	3.8811	0.9343	2.3029	6.3093	11.754
-0.19023	3.8811	0.9343	2.3029	6.3093	11.754
-0.19681	3.8811	0.93842	2.3029	6.3093	11.754
-0.19681	3.8811	0.93842	2.3029	6.3093	11.754
-0.19681	3.8811	0.93842	2.3029	6.3093	11.754
-0.2028	3.8811	0.94297	2.3029	6.3093	11.754
-0.2028	3.8811	0.94297	2.3029	6.3093	11.754
-0.20928	3.8811	0.94727	2.3029	6.3093	11.754
-0.20928	3.8811	0.94727	2.3029	6.3093	11.754
-0.20928	3.8811	0.94727	2.3029	6.3093	11.754
-0.21581	3.8811	0.95201	2.3029	6.3093	11.754
-0.21581	3.8811	0.95201	2.3029	6.3093	11.754
-0.22172	3.8811	0.95666	2.3029	6.3093	11.754
-0.22172	3.8811	0.95666	2.3029	6.3093	11.754
-0.22172	3.8811	0.95666	2.3029	6.3093	11.754
-0.22831	3.8811	0.96138	2.3029	6.3093	11.754
-0.22831	3.8811	0.96138	2.3029	6.3093	11.754
-0.23402	3.8811	0.96611	2.3029	6.3093	11.754
-0.23402	3.8811	0.96611	2.3029	6.3093	11.754
-0.23402	3.8811	0.96611	2.3029	6.3093	11.754
-0.24071	3.8811	0.97086	2.3029	6.3093	11.754
-0.24071	3.8811	0.97086	2.3029	6.3093	11.754
-0.24729	3.8811	0.97596	2.3029	6.3093	11.754
-0.24729	3.8811	0.97596	2.3029	6.3093	11.754
-0.24729	3.8811	0.97596	2.3029	6.3093	11.754
-0.25333	3.8811	0.98103	2.3029	6.3093	11.754
-0.25333	3.8811	0.98103	2.3029	6.3093	11.754
-0.25921	3.8811	0.98589	2.3029	6.3093	11.754
-0.25921	3.8811	0.98589	2.3029	6.3093	11.754
-0.25921	3.8811	0.98589	2.3029	6.3093	11.754
-0.26624	3.8811	0.99104	2.3029	6.3093	11.754
-0.26624	3.8811	0.99104	2.3029	6.3093	11.754
-0.27191	3.8811	0.99594	2.3029	6.3093	11.754
-0.27191	3.8811	0.99594	2.3029	6.3093	11.754
-0.27191	3.8811	0.99594	2.3029	6.3093	11.754
-0.27825	3.8811	1.0012	2.3029	6.3093	11.754
-0.27825	3.8811	1.0012	2.3029	6.3093	11.754
-0.28459	3.8811	1.0069	2.3029	6.3093	11.754
-0.28459	3.8811	1.0069	2.3029	6.3093	11.754
-0.28459	3.8811	1.0069	2.3029	6.3093	11.754
-0.29096	3.8811	1.0127	2.3029	6.3093	11.754
-0.29096	3.8811	1.0127	2.3029	6.3093	11.754
-0.2973	3.8811	1.0181	2.3029	6.3093	11.754
-0.2973	3.8811	1.0181	2.3029	6.3093	11.754
-0.2973	3.8811	1.0181	2.3029	6.3093	11.754
-0.30337	3.8811	1.0235	2.3029	6.3093	11.754
-0.30337	3.8811	1.0235	2.3029	6.3093	11.754
-0.3099	3.8811	1.029	2.3029	6.3093	11.754
-0.3099	3.8811	1.029	2.3029	6.3093	11.754
-0.3099	3.8811	1.029	2.3029	6.3093	11.754
-0.31634	3.8811	1.0353	2.3029	6.3093	11.754
-0.31634	3.8811	1.0353	2.3029	6.3093	11.754
-0.32221	3.8811	1.0409	2.3029	6.3093	11.754
-0.32221	3.8811	1.0409	2.3029	6.3093	11.754
-0.32221	3.8811	1.0409	2.3029	6.3093	11.754
-0.32868	3.8811	1.0471	2.3029	6.3093	11.754
-0.32868	3.8811	1.0471	2.3029	6.3093	11.754
-0.33526	3.8811	1.0528	2.3029	6.3093	11.754
-0.33526	3.8811	1.0528	2.3029	6.3093	11.754
-0.33526	3.8811	1.0528	2.3029	6.3093	11.754
-0.34123	3.8811	1.0585	2.3029	6.3093	11.754
-0.34123	3.8811	1.0585	2.3029	6.3093	11.754
-0.34769	3.881	1.0649	2.3029	6.3093	11.754
-0.34769	3.881	1.0649	2.3029	6.3093	11.754
-0.34769	3.881	1.0649	2.3029	6.3093	11.754
-0.35369	3.881	1.0711	2.3029	6.3093	11.754
-0.35369	3.881	1.0711	2.3029	6.3093	11.754
-0.3605	3.881	1.0767	2.3029	6.3093	11.754
-0.3605	3.881	1.0767	2.3029	6.3093	11.754
-0.3605	3.881	1.0767	2.3029	6.3093	11.754
-0.36631	3.881	1.0827	2.3029	6.3093	11.754
-0.36631	3.881	1.0827	2.3029	6.3093	11.754
-0.37291	3.881	1.0894	2.3029	6.3093	11.754
-0.37291	3.881	1.0894	2.3029	6.3093	11.754
-0.37291	3.881	1.0894	2.3029	6.3093	11.754
-0.37882	3.881	1.0948	2.3029	6.3093	11.754
-0.37882	3.881	1.0948	2.3029	6.3093	11.754
-0.38526	3.881	1.1015	2.3029	6.3093	11.754
-0.38526	3.881	1.1015	2.3029	6.3093	11.754
-0.38526	3.881	1.1015	2.3029	6.3093	11.754
-0.39115	3.881	1.1076	2.3029	6.3093	11.754
-0.39115	3.881	1.1076	2.3029	6.3093	11.754
-0.39763	3.881	1.1134	2.3029	6.3093	11.754
-0.39763	3.881	1.1134	2.3029	6.3093	11.754
-0.39763	3.881	1.1134	2.3029	6.3093	11.754
-0.4042	3.8809	1.1197	2.3029	6.3093	11.754
-0.4042	3.8809	1.1197	2.3029	6.3093	11.754
-0.41064	3.8809	1.1258	2.3029	6.3093	11.754
-0.41064	3.8809	1.1258	2.3029	6.3093	11.754
-0.41064	3.8809	1.1258	2.3029	6.3093	11.754
-0.41666	3.8809	1.1318	2.3029	6.3093	11.754
-0.41666	3.8809	1.1318	2.3029	6.3093	11.754
-0.42324	3.8809	1.1378	2.3029	6.3093	11.754
-0.42324	3.8809	1.1378	2.3029	6.3093	11.754
-0.42324	3.8809	1.1378	2.3029	6.3093	11.754
-0.42904	3.8809	1.1445	2.3029	6.3093	11.754
-0.42904	3.8809	1.1445	2.3029	6.3093	11.754
-0.43542	3.8809	1.1504	2.3029	6.3093	11.754
-0.43542	3.8809	1.1504	2.3029	6.3093	11.754
-0.43542	3.8809	1.1504	2.3029	6.3093	11.754
-0.44197	3.8809	1.1565	2.3029	6.3093	11.754
-0.44197	3.8809	1.1565	2.3029	6.3093	11.754
-0.44778	3.8809	1.1625	2.3029	6.3093	11.754
-0.44778	3.8809	1.1625	2.3029	6.3093	11.754
-0.44778	3.8809	1.1625	2.3029	6.3093	11.754
-0.45423	3.8809	1.1688	2.3029	6.3093	11.754
-0.45423	3.8809	1.1688	2.3029	6.3093	11.754
-0.46084	3.8808	1.175	2.3029	6.3093	11.754
-0.46084	3.8808	1.175	2.3029	6.3093	11.754
-0.46084	3.8808	1.175	2.3029	6.3093	11.754
-0.46677	3.8808	1.1816	2.3029	6.3093	11.754
-0.46677	3.8808	1.1816	2.3029	6.3093	11.754
-0.4735	3.8808	1.1873	2.3029	6.3093	11.754
-0.4735	3.8808	1.1873	2.3029	6.3093	11.754
-0.4735	3.8808	1.1873	2.3029	6.3093	11.754
-0.47926	3.8808	1.1939	2.3029	6.3093	11.754
-0.47926	3.8808	1.1939	2.3029	6.3093	11.754
-0.48599	3.8808	1.2001	2.3029	6.3093	11.754
-0.48599	3.8808	1.2001	2.3029	6.3093	11.754
-0.48599	3.8808	1.2001	2.3029	6.3093	11.754
-0.49192	3.8807	1.2064	2.3029	6.3093	11.754
-0.49192	3.8807	1.2064	2.3029	6.3093	11.754
-0.49861	3.8807	1.2128	2.3029	6.3093	11.754
-0.49861	3.8807	1.2128	2.3029	6.3093	11.754
-0.49861	3.8807	1.2128	2.3029	6.3093	11.754
-0.50517	3.8806	1.2191	2.3029	6.3093	11.754
-0.50517	3.8806	1.2191	2.3029	6.3093	11.754
-0.51107	3.8806	1.2251	2.3029	6.3093	11.754
-0.51107	3.8806	1.2251	2.3029	6.3093	11.754
-0.51107	3.8806	1.2251	2.3029	6.3093	11.754
-0.51776	3.8805	1.2316	2.3029	6.3093	11.754
-0.51776	3.8805	1.2316	2.3029	6.3093	11.754
-0.52414	3.8804	1.2378	2.3029	6.3093	11.754
-0.52414	3.8804	1.2378	2.3029	6.3093	11.754
-0.52414	3.8804	1.2378	2.3029	6.3093	11.754
-0.52998	3.8803	1.2438	2.3029	6.3093	11.754
-0.52998	3.8803	1.2438	2.3029	6.3093	11.754
-0.53661	3.8803	1.2502	2.3029	6.3093	11.754
-0.53661	3.8803	1.2502	2.3029	6.3093	11.754
-0.53661	3.8803	1.2502	2.3029	6.3093	11.754
-0.54252	3.8802	1.2567	2.3029	6.3093	11.754
-0.54252	3.8802	1.2567	2.3029	6.3093	11.754
-0.54906	3.8801	1.2628	2.3029	6.3093	11.754
-0.54906	3.8801	1.2628	2.3029	6.3093	11.754
-0.54906	3.8801	1.2628	2.3029	6.3093	11.754
-0.55542	3.88	1.269	2.3029	6.3093	11.754
-0.55542	3.88	1.269	2.3029	6.3093	11.754
-0.56136	3.88	1.2751	2.3029	6.3093	11.754
-0.56136	3.88	1.2751	2.3029	6.3093	11.754
-0.56136	3.88	1.2751	2.3029	6.3093	11.754
-0.56828	3.8799	1.2815	2.3029	6.3093	11.754
-0.56828	3.8799	1.2815	2.3029	6.3093	11.754
-0.57391	3.8798	1.2877	2.3029	6.3093	11.754
-0.57391	3.8798	1.2877	2.3029	6.3093	11.754
-0.57391	3.8798	1.2877	2.3029	6.3093	11.754
-0.58052	3.8798	1.2943	2.3029	6.3093	11.754
-0.58052	3.8798	1.2943	2.3029	6.3093	11.754
-0.58665	3.8797	1.2999	2.3029	6.3093	11.754
-0.58665	3.8797	1.2999	2.3029	6.3092	11.754
-0.58665	3.8797	1.2999	2.3029	6.3092	11.754
-0.59318	3.8796	1.3062	2.3029	6.3092	11.754
-0.59318	3.8796	1.3062	2.3029	6.3092	11.754
-0.59911	3.8795	1.3131	2.3029	6.3092	11.754
-0.59911	3.8795	1.3131	2.3029	6.3092	11.754
-0.59911	3.8795	1.3131	2.3029	6.3092	11.754
-0.60569	3.8794	1.3191	2.3029	6.3092	11.754
-0.60569	3.8794	1.3191	2.3029	6.3092	11.754
-0.61183	3.8793	1.3252	2.3029	6.3092	11.754
-0.61183	3.8793	1.3252	2.3029	6.3092	11.754
-0.61183	3.8793	1.3252	2.3029	6.3092	11.754
-0.61831	3.8792	1.3314	2.3029	6.3092	11.754
-0.61831	3.8792	1.3314	2.3029	6.3092	11.754
-0.62407	3.8792	1.3381	2.3029	6.3092	11.754
-0.62407	3.8792	1.3381	2.3029	6.3092	11.754
-0.62407	3.8792	1.3381	2.3029	6.3092	11.754
-0.63053	3.8791	1.3445	2.3029	6.3092	11.754
-0.63053	3.8791	1.3445	2.3029	6.3092	11.754
-0.63673	3.879	1.3504	2.3029	6.3092	11.754
-0.63673	3.879	1.3504	2.3029	6.3092	11.754
-0.63673	3.879	1.3504	2.3029	6.3092	11.754
-0.64305	3.8789	1.3568	2.3029	6.3092	11.754
-0.64305	3.8789	1.3568	2.3029	6.3092	11.754
-0.6496	3.8787	1.3632	2.3029	6.3092	11.754
-0.6496	3.8787	1.3632	2.3029	6.3092	11.754
-0.6496	3.8787	1.3632	2.3029	6.3092	11.754
-0.65549	3.8785	1.3697	2.3029	6.3092	11.754
-0.65549	3.8785	1.3697	2.3029	6.3092	11.754
-0.66179	3.8784	1.3761	2.3029	6.3092	11.754
-0.66179	3.8784	1.3761	2.3029	6.3092	11.754
-0.66179	3.8784	1.3761	2.3029	6.3092	11.754
-0.66807	3.8782	1.3824	2.3029	6.3092	11.754
-0.66807	3.8782	1.3824	2.3029	6.3092	11.754
-0.67461	3.8781	1.3886	2.3029	6.3092	11.754
-0.67461	3.8781	1.3886	2.3029	6.3092	11.754
-0.67461	3.8781	1.3886	2.3029	6.3092	11.754
-0.6807	3.8778	1.3951	2.3029	6.3092	11.754
-0.6807	3.8778	1.3951	2.3029	6.3092	11.754
-0.68732	3.8775	1.401	2.3029	6.3092	11.754
-0.68732	3.8775	1.401	2.3029	6.3092	11.754
-0.68732	3.8775	1.401	2.3029	6.3092	11.754
-0.6932	3.8774	1.4078	2.3029	6.3092	11.754
-0.6932	3.8774	1.4078	2.3029	6.3092	11.754
-0.69915	3.8772	1.414	2.3029	6.3092	11.754
-0.69915	3.8772	1.414	2.3029	6.3092	11.754
-0.69915	3.8772	1.414	2.3029	6.3092	11.754
-0.70581	3.8769	1.4202	2.3029	6.3092	11.754
-0.70581	3.8769	1.4202	2.3029	6.3092	11.754
-0.71189	3.8766	1.4267	2.3029	6.3092	11.754
-0.71189	3.8766	1.4267	2.3029	6.3092	11.754
-0.71189	3.8766	1.4267	2.3029	6.3092	11.754
-0.71847	3.8764	1.4327	2.3029	6.3092	11.754
-0.71847	3.8764	1.4327	2.3029	6.3092	11.754
-0.72435	3.8761	1.4391	2.3029	6.3092	11.754
-0.72435	3.8761	1.4391	2.3029	6.3092	11.754
-0.72435	3.8761	1.4391	2.3029	6.3092	11.754
-0.73088	3.8759	1.4453	2.3029	6.3092	11.754
-0.73088	3.8759	1.4453	2.3029	6.3092	11.754
-0.73716	3.8757	1.4514	2.3029	6.3092	11.754
-0.73716	3.8757	1.4514	2.3029	6.3092	11.754
-0.73716	3.8757	1.4514	2.3029	6.3092	11.754
-0.74362	3.8755	1.4579	2.3029	6.3092	11.754
-0.74362	3.8755	1.4579	2.3029	6.3092	11.754
-0.75013	3.8753	1.4641	2.3029	6.3092	11.754
-0.75013	3.8753	1.4641	2.3029	6.3092	11.754
-0.75013	3.8753	1.4641	2.3029	6.3092	11.754
-0.75603	3.8751	1.4703	2.3029	6.3092	11.754
-0.75603	3.8751	1.4703	2.3029	6.3092	11.754
-0.76254	3.875	1.4762	2.3029	6.3092	11.754
-0.76254	3.875	1.4762	2.3029	6.3092	11.754
-0.76254	3.875	1.4762	2.3029	6.3092	11.754
-0.76864	3.8748	1.4827	2.3029	6.3092	11.754
-0.76864	3.8748	1.4827	2.3029	6.3092	11.754
-0.77516	3.8747	1.4888	2.3029	6.3092	11.754
-0.77516	3.8747	1.4888	2.3029	6.3092	11.754
-0.77516	3.8747	1.4888	2.3029	6.3092	11.754
-0.78156	3.8745	1.4948	2.3029	6.3092	11.754
-0.78156	3.8745	1.4948	2.3029	6.3092	11.754
-0.78742	3.8744	1.5014	2.3029	6.3092	11.754
-0.78742	3.8744	1.5014	2.3029	6.3092	11.754
-0.78742	3.8744	1.5014	2.3029	6.3092	11.754
-0.79381	3.8743	1.5079	2.3029	6.3092	11.754
-0.79381	3.8743	1.5079	2.3029	6.3092	11.754
-0.80011	3.8742	1.5138	2.3029	6.3092	11.754
-0.80011	3.8742	1.5138	2.3029	6.3092	11.754
-0.80011	3.8742	1.5138	2.3029	6.3092	11.754
-0.80618	3.8741	1.5204	2.3029	6.3092	11.754
-0.80618	3.8741	1.5204	2.3029	6.3092	11.754
-0.81276	3.8739	1.5265	2.3029	6.3092	11.754
-0.81276	3.8739	1.5265	2.3029	6.3092	11.754
-0.81276	3.8739	1.5265	2.3029	6.3092	11.754
-0.81918	3.8737	1.5322	2.3029	6.3092	11.754
-0.81918	3.8737	1.5322	2.3029	6.3092	11.754
-0.82506	3.8735	1.5388	2.3029	6.3092	11.754
-0.82506	3.8735	1.5388	2.3029	6.3092	11.754
-0.82506	3.8735	1.5388	2.3029	6.3092	11.754
-0.83159	3.8734	1.5451	2.3029	6.3092	11.754
-0.83159	3.8734	1.5451	2.3029	6.3092	11.754
-0.83755	3.8733	1.5513	2.3029	6.3092	11.754
-0.83755	3.8733	1.5513	2.3029	6.3091	11.754
-0.83755	3.8733	1.5513	2.3029	6.3091	11.754
-0.84408	3.8732	1.5574	2.3029	6.3091	11.754
-0.84408	3.8732	1.5574	2.3029	6.3091	11.754
-0.85059	3.873	1.5634	2.3029	6.3091	11.754
-0.85059	3.873	1.5634	2.3029	6.3091	11.754
-0.85059	3.873	1.5634	2.3029	6.3091	11.754
-0.8565	3.8729	1.5699	2.3029	6.3091	11.754
-0.8565	3.8729	1.5699	2.3029	6.3091	11.754
-0.86287	3.8727	1.5764	2.3029	6.3091	11.754
-0.86287	3.8727	1.5764	2.3029	6.309	11.754
-0.86287	3.8727	1.5764	2.3029	6.309	11.754
-0.86897	3.8727	1.5826	2.3029	6.309	11.754
-0.86897	3.8727	1.5826	2.3029	6.309	11.754
-0.87539	3.8725	1.5887	2.3029	6.309	11.754
-0.87539	3.8725	1.5887	2.3029	6.309	11.754
-0.87539	3.8725	1.5887	2.3029	6.309	11.754
-0.88175	3.8724	1.595	2.3029	6.3089	11.754
-0.88175	3.8724	1.595	2.3029	6.3089	11.754
-0.88762	3.8723	1.6009	2.3029	6.3089	11.754
-0.88762	3.8723	1.6009	2.3029	6.3089	11.754
-0.88762	3.8723	1.6009	2.3029	6.3089	11.754
-0.8941	3.872	1.6074	2.3029	6.3089	11.754
-0.8941	3.872	1.6074	2.3029	6.3089	11.754
-0.90034	3.8719	1.6141	2.3029	6.3089	11.754
-0.90034	3.8719	1.6141	2.3029	6.3088	11.754
-0.90034	3.8719	1.6141	2.3029	6.3088	11.754
-0.90695	3.8718	1.6198	2.3029	6.3087	11.754
-0.90695	3.8718	1.6198	2.3029	6.3087	11.754
-0.91274	3.8717	1.6264	2.3029	6.3087	11.754
-0.91274	3.8717	1.6264	2.3029	6.3087	11.754
-0.91274	3.8717	1.6264	2.3029	6.3087	11.754
-0.91903	3.8716	1.6325	2.3029	6.3086	11.754
-0.91903	3.8716	1.6325	2.3029	6.3086	11.754
-0.92557	3.8714	1.6386	2.3029	6.3086	11.754
-0.92557	3.8714	1.6386	2.3029	6.3086	11.754
-0.92557	3.8714	1.6386	2.3029	6.3086	11.754
-0.93161	3.8713	1.6451	2.3029	6.3085	11.754
-0.93161	3.8713	1.6451	2.3029	6.3085	11.754
-0.93747	3.8712	1.6514	2.3029	6.3085	11.754
-0.93747	3.8712	1.6514	2.3029	6.3085	11.754
-0.93747	3.8712	1.6514	2.3029	6.3085	11.754
-0.94383	3.8711	1.658	2.3029	6.3085	11.754
-0.94383	3.8711	1.658	2.3029	6.3085	11.754
-0.95029	3.8711	1.6638	2.3029	6.3085	11.754
-0.95029	3.8711	1.6638	2.3029	6.3085	11.754
-0.95029	3.8711	1.6638	2.3029	6.3085	11.754
-0.95623	3.871	1.6702	2.3029	6.3085	11.754
-0.95623	3.871	1.6702	2.3029	6.3085	11.754
-0.96272	3.871	1.6761	2.3029	6.3085	11.754
-0.96272	3.871	1.6761	2.3029	6.3085	11.754
-0.96272	3.871	1.6761	2.3029	6.3085	11.754
-0.96896	3.8709	1.6829	2.3029	6.3085	11.754
-0.96896	3.8709	1.6829	2.3029	6.3085	11.754
-0.97512	3.8709	1.6887	2.3029	6.3085	11.754
-0.97512	3.8709	1.6887	2.3029	6.3084	11.754
-0.97512	3.8709	1.6887	2.3029	6.3084	11.754
-0.98101	3.8709	1.6948	2.3029	6.3084	11.754
-0.98101	3.8709	1.6948	2.3029	6.3084	11.754
-0.9871	3.8709	1.7014	2.3029	6.3084	11.754
-0.9871	3.8709	1.7014	2.3029	6.3084	11.754
-0.9871	3.8709	1.7014	2.3029	6.3084	11.754
-0.99351	3.8709	1.7073	2.3029	6.3084	11.754
-0.99351	3.8709	1.7073	2.3029	6.3084	11.754
-0.99973	3.8709	1.7136	2.3029	6.3084	11.754
-0.99973	3.8709	1.7136	2.3029	6.3084	11.754
-0.99973	3.8709	1.7136	2.3029	6.3084	11.754
-1.0056	3.8709	1.7196	2.3029	6.3084	11.754
-1.0056	3.8709	1.7196	2.3029	6.3084	11.754
-1.0121	3.8708	1.7262	2.3029	6.3084	11.754
-1.0121	3.8708	1.7262	2.3029	6.3084	11.754
-1.0121	3.8708	1.7262	2.3029	6.3084	11.754
-1.0182	3.8708	1.7324	2.3029	6.3084	11.754
-1.0182	3.8708	1.7324	2.3029	6.3084	11.754
-1.0249	3.8708	1.7382	2.3029	6.3084	11.754
-1.0249	3.8708	1.7382	2.3029	6.3084	11.754
-1.0249	3.8708	1.7382	2.3029	6.3084	11.754
-1.031	3.8708	1.7452	2.3029	6.3084	11.754
-1.031	3.8708	1.7452	2.3029	6.3084	11.754
-1.0373	3.8708	1.7511	2.3029	6.3084	11.754
-1.0373	3.8708	1.7511	2.3029	6.3084	11.754
-1.0373	3.8708	1.7511	2.3029	6.3084	11.754
-1.0433	3.8708	1.7573	2.3029	6.3084	11.754
-1.0433	3.8708	1.7573	2.3029	6.3084	11.754
-1.0498	3.8708	1.7637	2.3029	6.3084	11.754
-1.0498	3.8708	1.7637	2.3029	6.3084	11.754
-1.0498	3.8708	1.7637	2.3029	6.3084	11.754
-1.0555	3.8708	1.77	2.3029	6.3084	11.754
-1.0555	3.8708	1.77	2.3029	6.3084	11.754
-1.0619	3.8708	1.7765	2.3029	6.3084	11.754
-1.0619	3.8708	1.7765	2.3029	6.3084	11.754
-1.0619	3.8708	1.7765	2.3029	6.3084	11.754
-1.0683	3.8708	1.7825	2.3029	6.3084	11.754
-1.0683	3.8708	1.7825	2.3029	6.3084	11.754
-1.074	3.8708	1.7883	2.3029	6.3084	11.754
-1.074	3.8708	1.7883	2.3029	6.3084	11.754
-1.074	3.8708	1.7883	2.3029	6.3084	11.754
-1.0805	3.8708	1.7952	2.3029	6.3084	11.754
-1.0805	3.8708	1.7952	2.3029	6.3084	11.754
-1.0868	3.8708	1.8012	2.3029	6.3084	11.754
-1.0868	3.8708	1.8012	2.3029	6.3084	11.754
-1.0868	3.8708	1.8012	2.3029	6.3084	11.754
-1.0927	3.8708	1.807	2.3029	6.3084	11.754
-1.0927	3.8708	1.807	2.3029	6.3084	11.754
-1.0988	3.8708	1.8132	2.3029	6.3084	11.754
-1.0988	3.8708	1.8132	2.3029	6.3084	11.754
-1.0988	3.8708	1.8132	2.3029	6.3084	11.754
-1.1051	3.8708	1.8199	2.3029	6.3084	11.754
-1.1051	3.8708	1.8199	2.3029	6.3084	11.754
-1.1113	3.8708	1.8258	2.3029	6.3084	11.754
-1.1113	3.8708	1.8258	2.3029	6.3084	11.754
-1.1113	3.8708	1.8258	2.3029	6.3084	11.754
-1.1171	3.8708	1.832	2.3029	6.3084	11.754
-1.1171	3.8708	1.832	2.3029	6.3084	11.754
-1.1225	3.8708	1.8386	2.3029	6.3084	11.754
-1.1225	3.8708	1.8386	2.3029	6.3084	11.754
-1.1225	3.8708	1.8386	2.3029	6.3084	11.754
-1.1283	3.8708	1.8448	2.3029	6.3084	11.754
-1.1283	3.8708	1.8448	2.3029	6.3084	11.754
-1.1337	3.8708	1.8513	2.3029	6.3084	11.754
-1.1337	3.8708	1.8513	2.3029	6.3084	11.754
-1.1337	3.8708	1.8513	2.3029	6.3084	11.754
-1.1394	3.8708	1.8572	2.3029	6.3084	11.754
-1.1394	3.8708	1.8572	2.3029	6.3084	11.754
-1.1438	3.8707	1.8635	2.3029	6.3084	11.754
-1.1438	3.8707	1.8635	2.3029	6.3084	11.754
-1.1438	3.8707	1.8635	2.3029	6.3084	11.754
-1.1491	3.8707	1.8697	2.3029	6.3084	11.754
-1.1491	3.8707	1.8697	2.3029	6.3084	11.754
-1.1537	3.8707	1.8758	2.3029	6.3084	11.754
-1.1537	3.8707	1.8758	2.3029	6.3084	11.754
-1.1537	3.8707	1.8758	2.3029	6.3084	11.754
-1.1587	3.8707	1.8817	2.3029	6.3084	11.754
-1.1587	3.8707	1.8817	2.3029	6.3084	11.754
-1.163	3.8707	1.8883	2.3029	6.3084	11.754
-1.163	3.8707	1.8883	2.3029	6.3084	11.754
-1.163	3.8707	1.8883	2.3029	6.3084	11.754
-1.168	3.8707	1.8947	2.3029	6.3084	11.754
-1.168	3.8707	1.8947	2.3029	6.3084	11.754
-1.1727	3.8707	1.9005	2.3029	6.3084	11.754
-1.1727	3.8707	1.9005	2.3029	6.3084	11.754
-1.1727	3.8707	1.9005	2.3029	6.3084	11.754
-1.1771	3.8707	1.9063	2.3029	6.3084	11.754
-1.1771	3.8707	1.9063	2.3029	6.3084	11.754
-1.1822	3.8707	1.9131	2.3029	6.3084	11.754
-1.1822	3.8707	1.9131	2.3029	6.3084	11.754
-1.1822	3.8707	1.9131	2.3029	6.3084	11.754
-1.187	3.8707	1.9195	2.3029	6.3084	11.754
-1.187	3.8707	1.9195	2.3029	6.3084	11.754
-1.1924	3.8707	1.9257	2.3029	6.3084	11.754
-1.1924	3.8707	1.9257	2.3029	6.3084	11.754
-1.1924	3.8707	1.9257	2.3029	6.3084	11.754
-1.1973	3.8707	1.9319	2.3029	6.3084	11.754
-1.1973	3.8707	1.9319	2.3029	6.3084	11.754
-1.2025	3.8706	1.938	2.3029	6.3084	11.754
-1.2025	3.8706	1.938	2.3029	6.3084	11.754
-1.2025	3.8706	1.938	2.3029	6.3084	11.754
-1.2077	3.8706	1.9441	2.3029	6.3084	11.754
-1.2077	3.8706	1.9441	2.3029	6.3084	11.754
-1.2127	3.8705	1.95	2.3029	6.3084	11.754
-1.2127	3.8705	1.95	2.3029	6.3084	11.754
-1.2127	3.8705	1.95	2.3029	6.3084	11.754
-1.2177	3.8704	1.9565	2.3029	6.3084	11.754
-1.2177	3.8704	1.9565	2.3029	6.3084	11.754
-1.223	3.8704	1.9632	2.3029	6.3084	11.754
-1.223	3.8704	1.9632	2.3029	6.3084	11.754
-1.223	3.8704	1.9632	2.3029	6.3084	11.754
-1.2277	3.8704	1.9695	2.3029	6.3084	11.754
-1.2277	3.8704	1.9695	2.3029	6.3084	11.754
-1.232	3.8704	1.9759	2.3029	6.3084	11.754
-1.232	3.8704	1.9759	2.3029	6.3084	11.754
-1.232	3.8704	1.9759	2.3029	6.3084	11.754
-1.2366	3.8704	1.9821	2.3029	6.3083	11.754
-1.2366	3.8704	1.9821	2.3029	6.3083	11.754
-1.2413	3.8704	1.9878	2.3029	6.3083	11.754
-1.2413	3.8704	1.9878	2.3029	6.3083	11.754
-1.2413	3.8704	1.9878	2.3029	6.3083	11.754
-1.2454	3.8704	1.9946	2.3029	6.3083	11.754
-1.2454	3.8704	1.9946	2.3029	6.3083	11.754
-1.2499	3.8704	2.0002	2.3029	6.3083	11.754
-1.2499	3.8704	2.0002	2.3029	6.3083	11.754
-1.2499	3.8704	2.0002	2.3029	6.3083	11.754
-1.254	3.8704	2.0067	2.3029	6.3083	11.754
-1.254	3.8704	2.0067	2.3029	6.3083	11.754
-1.2577	3.8704	2.0126	2.3029	6.3083	11.754
-1.2577	3.8704	2.0126	2.3029	6.3083	11.754
-1.2577	3.8704	2.0126	2.3029	6.3083	11.754
-1.2618	3.8704	2.0188	2.3029	6.3083	11.754
-1.2618	3.8704	2.0188	2.3029	6.3083	11.754
-1.266	3.8704	2.025	2.3029	6.3083	11.754
-1.266	3.8704	2.025	2.3029	6.3083	11.754
-1.266	3.8704	2.025	2.3029	6.3083	11.754
-1.2696	3.8704	2.0308	2.3029	6.3083	11.754
-1.2696	3.8704	2.0308	2.3029	6.3083	11.754
-1.2737	3.8704	2.0372	2.3029	6.3083	11.754
-1.2737	3.8704	2.0372	2.3029	6.3083	11.754
-1.2737	3.8704	2.0372	2.3029	6.3083	11.754
-1.2781	3.8704	2.0427	2.3029	6.3083	11.754
-1.2781	3.8704	2.0427	2.3029	6.3083	11.754
-1.2822	3.8704	2.0487	2.3029	6.3083	11.754
-1.2822	3.8704	2.0487	2.3029	6.3083	11.754
-1.2822	3.8704	2.0487	2.3029	6.3083	11.754
-1.2865	3.8704	2.0547	2.3029	6.3083	11.754
-1.2865	3.8704	2.0547	2.3029	6.3083	11.754
-1.2912	3.8704	2.06	2.3029	6.3083	11.754
-1.2912	3.8704	2.06	2.3029	6.3083	11.754
-1.2912	3.8704	2.06	2.3029	6.3083	11.754
-1.2958	3.8704	2.0661	2.3029	6.3083	11.754
-1.2958	3.8704	2.0661	2.3029	6.3083	11.754
-1.2998	3.8703	2.0715	2.3029	6.3083	11.754
-1.2998	3.8703	2.0715	2.3029	6.3083	11.754
-1.2998	3.8703	2.0715	2.3029	6.3083	11.754
-1.3042	3.8703	2.0767	2.3029	6.3083	11.754
-1.3042	3.8703	2.0767	2.3029	6.3083	11.754
-1.3087	3.8703	2.082	2.3029	6.3083	11.754
-1.3087	3.8703	2.082	2.3029	6.3083	11.754
-1.3087	3.8703	2.082	2.3029	6.3083	11.754
-1.3127	3.8703	2.087	2.3029	6.3083	11.754
-1.3127	3.8703	2.087	2.3029	6.3083	11.754
-1.3172	3.8703	2.0924	2.3029	6.3083	11.754
-1.3172	3.8703	2.0924	2.3029	6.3083	11.754
-1.3172	3.8703	2.0924	2.3029	6.3083	11.754
-1.3211	3.8703	2.0972	2.3029	6.3083	11.754
-1.3211	3.8703	2.0972	2.3029	6.3083	11.754
-1.3249	3.8703	2.1019	2.3029	6.3083	11.754
-1.3249	3.8703	2.1019	2.3029	6.3083	11.754
-1.3249	3.8703	2.1019	2.3029	6.3083	11.754
-1.329	3.8703	2.1071	2.3029	6.3083	11.754
-1.329	3.8703	2.1071	2.3029	6.3083	11.754
-1.3326	3.8703	2.1117	2.3029	6.3083	11.754
-1.3326	3.8703	2.1117	2.3029	6.3083	11.754
-1.3326	3.8703	2.1117	2.3029	6.3083	11.754
-1.3365	3.8703	2.1167	2.3029	6.3083	11.754
-1.3365	3.8703	2.1167	2.3029	6.3083	11.754
-1.3398	3.8703	2.1212	2.3029	6.3083	11.754
-1.3398	3.8703	2.1212	2.3029	6.3083	11.754
-1.3398	3.8703	2.1212	2.3029	6.3083	11.754
-1.3436	3.8703	2.1254	2.3029	6.3083	11.754
-1.3436	3.8703	2.1254	2.3029	6.3083	11.754
-1.3473	3.8703	2.1295	2.3029	6.3083	11.754
-1.3473	3.8703	2.1295	2.3029	6.3083	11.754
-1.3473	3.8703	2.1295	2.3029	6.3083	11.754
-1.3511	3.8703	2.1334	2.3029	6.3083	11.754
-1.3511	3.8703	2.1334	2.3029	6.3083	11.754
-1.3547	3.8703	2.1375	2.3029	6.3083	11.754
-1.3547	3.8703	2.1375	2.3029	6.3083	11.754
-1.3547	3.8703	2.1375	2.3029	6.3083	11.754
-1.3589	3.8703	2.1414	2.3029	6.3083	11.754
-1.3589	3.8703	2.1414	2.3029	6.3083	11.754
-1.3629	3.8703	2.1455	2.3029	6.3083	11.754
-1.3629	3.8703	2.1455	2.3029	6.3083	11.754
-1.3629	3.8703	2.1455	2.3029	6.3083	11.754
-1.3669	3.8703	2.149	2.3029	6.3083	11.754
-1.3669	3.8703	2.149	2.3029	6.3083	11.754
-1.3712	3.8703	2.1528	2.3029	6.3083	11.754
-1.3712	3.8703	2.1528	2.3029	6.3083	11.754
-1.3712	3.8703	2.1528	2.3029	6.3083	11.754
-1.3754	3.8703	2.1562	2.3029	6.3083	11.754
-1.3754	3.8703	2.1562	2.3029	6.3083	11.754
-1.3798	3.8703	2.1593	2.3029	6.3083	11.754
-1.3798	3.8703	2.1593	2.3029	6.3083	11.754
-1.3798	3.8703	2.1593	2.3029	6.3083	11.754
-1.3841	3.8703	2.1627	2.3029	6.3083	11.754
-1.3841	3.8703	2.1627	2.3029	6.3083	11.754
-1.3879	3.8703	2.1654	2.3029	6.3083	11.754
-1.3879	3.8703	2.1654	2.3029	6.3083	11.754
-1.3879	3.8703	2.1654	2.3029	6.3083	11.754
-1.392	3.8703	2.1686	2.3029	6.3083	11.754
-1.392	3.8703	2.1686	2.3029	6.3083	11.754
-1.3959	3.8703	2.1713	2.3029	6.3083	11.754
-1.3959	3.8703	2.1713	2.3029	6.3083	11.754
-1.3959	3.8703	2.1713	2.3029	6.3083	11.754
-1.3998	3.8703	2.1743	2.3029	6.3083	11.754
-1.3998	3.8703	2.1743	2.3029	6.3083	11.754
-1.4038	3.8703	2.177	2.3029	6.3083	11.754
-1.4038	3.8703	2.177	2.3029	6.3083	11.754
-1.4038	3.8703	2.177	2.3029	6.3083	11.754
-1.4076	3.8703	2.1798	2.3029	6.3083	11.754
-1.4076	3.8703	2.1798	2.3029	6.3083	11.754
-1.4113	3.8703	2.1826	2.3029	6.3083	11.754
-1.4113	3.8703	2.1826	2.3029	6.3083	11.754
-1.4113	3.8703	2.1826	2.3029	6.3083	11.754
-1.4146	3.8703	2.1851	2.3029	6.3083	11.754
-1.4146	3.8703	2.1851	2.3029	6.3083	11.754
-1.4178	3.8703	2.1878	2.3029	6.3083	11.754
-1.4178	3.8703	2.1878	2.3029	6.3083	11.754
-1.4178	3.8703	2.1878	2.3029	6.3083	11.754
-1.4211	3.8703	2.1901	2.3029	6.3083	11.754
-1.4211	3.8703	2.1901	2.3029	6.3083	11.754
-1.4243	3.8703	2.1927	2.3029	6.3083	11.754
-1.4243	3.8703	2.1927	2.3029	6.3083	11.754
-1.4243	3.8703	2.1927	2.3029	6.3083	11.754
-1.4273	3.8703	2.1953	2.3029	6.3083	11.754
-1.4273	3.8703	2.1953	2.3029	6.3083	11.754
-1.4302	3.8703	2.1953	2.3029	6.3083	11.754
-1.4302	3.8703	2.1975	2.3029	6.3083	11.754
-1.4302	3.8703	2.1975	2.3029	6.3083	11.754
-1.4326	3.8703	2.1998	2.3029	6.3083	11.754
-1.4326	3.8703	2.1998	2.3029	6.3083	11.754
-1.4352	3.8703	2.2019	2.3029	6.3083	11.754
-1.4352	3.8703	2.2019	2.3029	6.3083	11.754
-1.4352	3.8703	2.2019	2.3029	6.3083	11.754
-1.4377	3.8703	2.204	2.3029	6.3083	11.754
-1.4377	3.8703	2.204	2.3029	6.3083	11.754
-1.4399	3.8703	2.2063	2.3029	6.3083	11.754
-1.4399	3.8703	2.2063	2.3029	6.3083	11.754
-1.4399	3.8703	2.2063	2.3029	6.3083	11.754
-1.4423	3.8703	2.2082	2.3029	6.3083	11.754
-1.4423	3.8703	2.2082	2.3029	6.3083	11.754
-1.4445	3.8703	2.21	2.3029	6.3083	11.754
-1.4445	3.8703	2.21	2.3029	6.3083	11.754
-1.4445	3.8703	2.21	2.3029	6.3083	11.754
-1.4467	3.8703	2.212	2.3029	6.3083	11.754
-1.4467	3.8703	2.212	2.3029	6.3083	11.754
-1.4487	3.8703	2.2138	2.3029	6.3083	11.754
-1.4487	3.8703	2.2138	2.3029	6.3083	11.754
-1.4487	3.8703	2.2138	2.3029	6.3083	11.754
-1.4507	3.8703	2.2157	2.3029	6.3083	11.754
-1.4507	3.8703	2.2157	2.3029	6.3083	11.754
-1.4524	3.8703	2.2172	2.3029	6.3083	11.754
-1.4524	3.8703	2.2172	2.3029	6.3083	11.754
-1.4524	3.8703	2.2172	2.3029	6.3083	11.754
-1.4544	3.8703	2.2186	2.3029	6.3083	11.754
-1.4544	3.8703	2.2186	2.3029	6.3083	11.754
-1.4563	3.8703	2.2201	2.3029	6.3083	11.754
-1.4563	3.8703	2.2201	2.3029	6.3083	11.754
-1.4563	3.8703	2.2201	2.3029	6.3083	11.754
-1.4578	3.8703	2.2215	2.3029	6.3083	11.754
-1.4578	3.8703	2.2215	2.3029	6.3083	11.754
-1.4595	3.8703	2.2228	2.3029	6.3083	11.754
-1.4595	3.8703	2.2228	2.3029	6.3083	11.754
-1.4595	3.8703	2.2228	2.3029	6.3083	11.754
-1.4611	3.8703	2.2242	2.3029	6.3083	11.754
-1.4611	3.8703	2.2242	2.3029	6.3083	11.754
-1.4625	3.8703	2.2254	2.3029	6.3083	11.754
-1.4625	3.8703	2.2254	2.3029	6.3083	11.754
-1.4625	3.8703	2.2254	2.3029	6.3083	11.754
-1.4639	3.8703	2.2265	2.3029	6.3083	11.754
-1.4639	3.8703	2.2265	2.3029	6.3083	11.754
-1.4654	3.8703	2.2277	2.3029	6.3083	11.754
-1.4654	3.8703	2.2277	2.3029	6.3083	11.754
-1.4654	3.8703	2.2277	2.3029	6.3083	11.754
-1.4667	3.8703	2.2287	2.3029	6.3083	11.754
-1.4667	3.8703	2.2287	2.3029	6.3083	11.754
-1.4678	3.8703	2.2295	2.3029	6.3083	11.754
-1.4678	3.8703	2.2295	2.3029	6.3083	11.754
-1.4678	3.8703	2.2295	2.3029	6.3083	11.754
-1.469	3.8703	2.2304	2.3029	6.3083	11.754
-1.469	3.8703	2.2304	2.3029	6.3083	11.754
-1.47	3.8703	2.2311	2.3029	6.3083	11.754
-1.47	3.8703	2.2311	2.3029	6.3083	11.754
-1.47	3.8703	2.2311	2.3029	6.3083	11.754
-1.471	3.8703	2.2317	2.3029	6.3083	11.754
-1.471	3.8703	2.2317	2.3029	6.3083	11.754
-1.4719	3.8703	2.2324	2.3029	6.3083	11.754
-1.4719	3.8703	2.2324	2.3029	6.3083	11.754
-1.4719	3.8703	2.2324	2.3029	6.3083	11.754
-1.4727	3.8703	2.2332	2.3029	6.3083	11.754
-1.4727	3.8703	2.2332	2.3029	6.3083	11.754
-1.4736	3.8703	2.2338	2.3029	6.3083	11.754
-1.4736	3.8703	2.2338	2.3029	6.3083	11.754
-1.4736	3.8703	2.2338	2.3029	6.3083	11.754
-1.4744	3.8703	2.2345	2.3029	6.3083	11.754
-1.4744	3.8703	2.2345	2.3029	6.3083	11.754
-1.4751	3.8703	2.2351	2.3029	6.3083	11.754
-1.4751	3.8703	2.2351	2.3029	6.3083	11.754
-1.4751	3.8703	2.2351	2.3029	6.3083	11.754
-1.4757	3.8703	2.2358	2.3029	6.3083	11.754
-1.4757	3.8703	2.2358	2.3029	6.3083	11.754
-1.4764	3.8703	2.2364	2.3029	6.3083	11.754
-1.4764	3.8703	2.2364	2.3029	6.3083	11.754
-1.4764	3.8703	2.2364	2.3029	6.3083	11.754
-1.4771	3.8703	2.237	2.3029	6.3083	11.754
-1.4771	3.8703	2.237	2.3029	6.3083	11.754
-1.4777	3.8703	2.2375	2.3029	6.3083	11.754
-1.4777	3.8703	2.2375	2.3029	6.3083	11.754
-1.4777	3.8703	2.2375	2.3029	6.3083	11.754
-1.4782	3.8703	2.238	2.3029	6.3083	11.754
-1.4782	3.8703	2.238	2.3029	6.3083	11.754
-1.4787	3.8703	2.2384	2.3029	6.3083	11.754
-1.4787	3.8703	2.2384	2.3029	6.3083	11.754
-1.4787	3.8703	2.2384	2.3029	6.3083	11.754
-1.4791	3.8703	2.2388	2.3029	6.3083	11.754
-1.4791	3.8703	2.2388	2.3029	6.3083	11.754
-1.4795	3.8703	2.2392	2.3029	6.3083	11.754
-1.4795	3.8703	2.2392	2.3029	6.3083	11.754
-1.4795	3.8703	2.2392	2.3029	6.3083	11.754
-1.4798	3.8703	2.2395	2.3029	6.3083	11.754
-1.4798	3.8703	2.2395	2.3029	6.3083	11.754
-1.4802	3.8703	2.2398	2.3029	6.3083	11.754
-1.4802	3.8703	2.2398	2.3029	6.3083	11.754
-1.4802	3.8703	2.2398	2.3029	6.3083	11.754
-1.4804	3.8703	2.2401	2.3029	6.3083	11.754
-1.4804	3.8703	2.2401	2.3029	6.3083	11.754
-1.4807	3.8703	2.2404	2.3029	6.3083	11.754
-1.4807	3.8703	2.2404	2.3029	6.3083	11.754
-1.4807	3.8703	2.2404	2.3029	6.3083	11.754
-1.481	3.8703	2.2407	2.3029	6.3083	11.754
-1.481	3.8703	2.2407	2.3029	6.3083	11.754
-1.4812	3.8703	2.241	2.3029	6.3083	11.754
-1.4812	3.8703	2.241	2.3029	6.3083	11.754
-1.4812	3.8703	2.241	2.3029	6.3083	11.754
-1.4815	3.8703	2.2413	2.3029	6.3083	11.754
-1.4815	3.8703	2.2413	2.3029	6.3083	11.754
-1.4817	3.8703	2.2415	2.3029	6.3083	11.754
-1.4817	3.8703	2.2415	2.3029	6.3083	11.754
-1.4817	3.8703	2.2415	2.3029	6.3083	11.754
-1.482	3.8703	2.2417	2.3029	6.3083	11.754
-1.482	3.8703	2.2417	2.3029	6.3083	11.754
-1.4822	3.8703	2.2419	2.3029	6.3083	11.754
-1.4822	3.8703	2.2419	2.3029	6.3083	11.754
-1.4822	3.8703	2.2419	2.3029	6.3083	11.754
-1.4824	3.8703	2.2421	2.3029	6.3083	11.754
-1.4824	3.8703	2.2421	2.3029	6.3083	11.754
-1.4826	3.8703	2.2423	2.3029	6.3083	11.754
-1.4826	3.8703	2.2423	2.3029	6.3083	11.754
-1.4826	3.8703	2.2423	2.3029	6.3083	11.754
-1.4827	3.8703	2.2424	2.3029	6.3083	11.754
-1.4827	3.8703	2.2424	2.3029	6.3083	11.754
-1.4829	3.8703	2.2425	2.3029	6.3083	11.754
-1.4829	3.8703	2.2425	2.3029	6.3083	11.754
-1.4829	3.8703	2.2425	2.3029	6.3083	11.754
-1.483	3.8703	2.2426	2.3029	6.3083	11.754
-1.483	3.8703	2.2426	2.3029	6.3083	11.754
-1.4831	3.8703	2.2427	2.3029	6.3083	11.754
-1.4831	3.8703	2.2427	2.3029	6.3083	11.754
-1.4831	3.8703	2.2427	2.3029	6.3083	11.754
-1.4832	3.8703	2.2428	2.3029	6.3083	11.754
-1.4832	3.8703	2.2428	2.3029	6.3083	11.754
-1.4833	3.8703	2.2429	2.3029	6.3083	11.754
-1.4833	3.8703	2.2429	2.3029	6.3083	11.754
-1.4833	3.8703	2.2429	2.3029	6.3083	11.754
-1.4833	3.8703	2.243	2.3029	6.3083	11.754
-1.4833	3.8703	2.243	2.3029	6.3083	11.754
-1.4834	3.8703	2.2431	2.3029	6.3083	11.754
-1.4834	3.8703	2.2431	2.3029	6.3083	11.754
-1.4834	3.8703	2.2431	2.3029	6.3083	11.754
-1.4836	3.8703	2.2432	2.3029	6.3083	11.754
-1.4836	3.8703	2.2432	2.3029	6.3083	11.754
-1.4837	3.8703	2.2432	2.3029	6.3083	11.754
-1.4837	3.8703	2.2432	2.3029	6.3083	11.754
-1.4837	3.8703	2.2432	2.3029	6.3083	11.754
-1.4839	3.8703	2.2433	2.3029	6.3083	11.754
-1.4839	3.8703	2.2433	2.3029	6.3083	11.754
-1.484	3.8703	2.2433	2.3029	6.3083	11.754
-1.484	3.8703	2.2433	2.3029	6.3083	11.754
-1.484	3.8703	2.2433	2.3029	6.3083	11.754
-1.4841	3.8703	2.2433	2.3029	6.3083	11.754
-1.4841	3.8703	2.2433	2.3029	6.3083	11.754
-1.4842	3.8703	2.2434	2.3029	6.3083	11.754
-1.4842	3.8703	2.2434	2.3029	6.3083	11.754
-1.4842	3.8703	2.2434	2.3029	6.3083	11.754
-1.4843	3.8703	2.2434	2.3029	6.3083	11.754
-1.4843	3.8703	2.2434	2.3029	6.3083	11.754
-1.4844	3.8703	2.2434	2.3029	6.3083	11.754
-1.4844	3.8703	2.2434	2.3029	6.3083	11.754
-1.4844	3.8703	2.2434	2.3029	6.3083	11.754
-1.4846	3.8703	2.2434	2.3029	6.3083	11.754
-1.4846	3.8703	2.2434	2.3029	6.3083	11.754
-1.4847	3.8703	2.2434	2.3029	6.3083	11.754
-1.4847	3.8703	2.2434	2.3029	6.3083	11.754
-1.4847	3.8703	2.2434	2.3029	6.3083	11.754
-1.4849	3.8703	2.2434	2.3029	6.3083	11.754
-1.4849	3.8703	2.2434	2.3029	6.3083	11.754
-1.485	3.8703	2.2434	2.3029	6.3083	11.754
-1.485	3.8703	2.2434	2.3029	6.3083	11.754
-1.485	3.8703	2.2434	2.3029	6.3083	11.754
-1.4851	3.8703	2.2435	2.3029	6.3083	11.754
-1.4851	3.8703	2.2435	2.3029	6.3083	11.754
-1.4851	3.8703	2.2435	2.3029	6.3083	11.754
-1.4851	3.8703	2.2435	2.3029	6.3083	11.754
-1.4851	3.8703	2.2435	2.3029	6.3083	11.754
-1.4852	3.8703	2.2435	2.3029	6.3083	11.754
-1.4852	3.8703	2.2435	2.3029	6.3083	11.754
-1.4852	3.8703	2.2435	2.3029	6.3083	11.754
-1.4852	3.8703	2.2435	2.3029	6.3083	11.754
-1.4852	3.8703	2.2435	2.3029	6.3083	11.754
-1.4853	3.8703	2.2435	2.3029	6.3083	11.754
-1.4853	3.8703	2.2435	2.3029	6.3083	11.754
-1.4854	3.8703	2.2435	2.3029	6.3083	11.754
-1.4854	3.8703	2.2435	2.3029	6.3083	11.754
-1.4854	3.8703	2.2435	2.3029	6.3083	11.754
-1.4854	3.8703	2.2435	2.3029	6.3083	11.754
-1.4854	3.8703	2.2435	2.3029	6.3083	11.754
-1.4855	3.8703	2.2435	2.3029	6.3083	11.754
-1.4855	3.8703	2.2435	2.3029	6.3083	11.754
-1.4855	3.8703	2.2435	2.3029	6.3083	11.754
-1.4856	3.8703	2.2435	2.3029	6.3083	11.754
-1.4856	3.8703	2.2435	2.3029	6.3083	11.754
-1.4857	3.8703	2.2435	2.3029	6.3083	11.754
-1.4857	3.8703	2.2435	2.3029	6.3083	11.754
-1.4857	3.8703	2.2435	2.3029	6.3083	11.754
-1.4858	3.8703	2.2435	2.3029	6.3083	11.754
-1.4858	3.8703	2.2435	2.3029	6.3083	11.754
