1.4795	3.7296	2.3356	1.9416	6.5531	11.74
1.4795	3.7296	2.3356	1.9416	6.5531	11.74
1.4795	3.7296	2.3356	1.9416	6.5531	11.74
1.4795	3.7296	2.3356	1.9416	6.5531	11.74
1.4795	3.7296	2.3356	1.9416	6.5531	11.74
1.4795	3.7296	2.3356	1.9416	6.5531	11.74
1.4795	3.7296	2.3356	1.9416	6.5531	11.74
1.4795	3.7296	2.3356	1.9416	6.5531	11.74
1.4795	3.7296	2.3356	1.9416	6.5531	11.74
1.4795	3.7296	2.3356	1.9416	6.5531	11.74
1.4795	3.7296	2.3356	1.9416	6.5531	11.74
1.4795	3.7296	2.3356	1.9416	6.5531	11.74
1.4795	3.7296	2.3356	1.9416	6.5531	11.74
1.4795	3.7296	2.3356	1.9416	6.5531	11.74
1.4795	3.7296	2.3356	1.9416	6.5531	11.74
1.4795	3.7296	2.3356	1.9416	6.5531	11.74
1.4795	3.7296	2.3356	1.9416	6.5531	11.74
1.4795	3.7296	2.3356	1.9416	6.5531	11.74
1.4795	3.7296	2.3356	1.9416	6.5531	11.74
1.4795	3.7296	2.3356	1.9416	6.5531	11.74
1.4795	3.7296	2.3356	1.9416	6.5531	11.74
1.4795	3.7296	2.3356	1.9416	6.5531	11.74
1.4795	3.7296	2.3356	1.9416	6.5531	11.74
1.4795	3.7296	2.3356	1.9416	6.5531	11.74
1.4795	3.7296	2.3356	1.9416	6.5531	11.74
1.4795	3.7296	2.3356	1.9416	6.5531	11.74
1.4795	3.7296	2.3356	1.9416	6.5531	11.74
1.4795	3.7296	2.3356	1.9416	6.5531	11.74
1.4795	3.7296	2.3356	1.9416	6.5531	11.74
1.4795	3.7296	2.3356	1.9416	6.5531	11.74
1.4795	3.7296	2.3356	1.9416	6.5531	11.74
1.4795	3.7296	2.3356	1.9416	6.5531	11.74
1.4795	3.7296	2.3356	1.9416	6.5531	11.74
1.4795	3.7296	2.3356	1.9416	6.5531	11.74
1.4795	3.7296	2.3356	1.9416	6.5531	11.74
1.4795	3.7296	2.3356	1.9416	6.5531	11.74
1.4795	3.7296	2.3356	1.9416	6.5531	11.74
1.4795	3.7296	2.3356	1.9416	6.5531	11.74
1.4795	3.7296	2.3356	1.9416	6.5531	11.74
1.4795	3.7296	2.3356	1.9416	6.5531	11.74
1.4795	3.7296	2.3356	1.9416	6.5531	11.74
1.4795	3.7296	2.3356	1.9416	6.5531	11.74
1.4795	3.7296	2.3356	1.9416	6.5531	11.74
1.4795	3.7296	2.3356	1.9416	6.5531	11.74
1.4795	3.7296	2.3356	1.9416	6.5531	11.74
1.4795	3.7296	2.3356	1.9416	6.5531	11.74
1.4795	3.7296	2.3356	1.9416	6.5531	11.74
1.4795	3.7296	2.3356	1.9416	6.5531	11.74
1.4795	3.7296	2.3356	1.9416	6.5531	11.74
1.4795	3.7296	2.3356	1.9416	6.5531	11.74
1.4795	3.7296	2.3356	1.9416	6.5531	11.74
1.4795	3.7296	2.3356	1.9416	6.5531	11.74
1.4795	3.7296	2.3356	1.9416	6.5531	11.74
1.4795	3.7296	2.3356	1.9416	6.5531	11.74
1.4795	3.7296	2.3356	1.9416	6.5531	11.74
1.4795	3.7296	2.3356	1.9416	6.5531	11.74
1.4795	3.7296	2.3356	1.9416	6.5531	11.74
1.4795	3.7296	2.3356	1.9416	6.5531	11.74
1.4795	3.7296	2.3356	1.9416	6.5531	11.74
1.4795	3.7296	2.3356	1.9416	6.5531	11.74
1.4795	3.7296	2.3356	1.9416	6.5531	11.74
1.4795	3.7296	2.3356	1.9416	6.5531	11.74
1.4795	3.7296	2.3356	1.9416	6.5531	11.74
1.4795	3.7296	2.3356	1.9416	6.5531	11.74
1.4795	3.7296	2.3356	1.9416	6.5531	11.74
1.4795	3.7296	2.3355	1.9416	6.5531	11.74
1.4795	3.7296	2.3355	1.9416	6.5531	11.74
1.4794	3.7296	2.3355	1.9416	6.5531	11.74
1.4794	3.7296	2.3355	1.9416	6.5531	11.74
1.4794	3.7296	2.3355	1.9416	6.5531	11.74
1.4794	3.7296	2.3355	1.9416	6.5531	11.74
1.4794	3.7296	2.3355	1.9416	6.5531	11.74
1.4794	3.7296	2.3355	1.9416	6.5531	11.74
1.4794	3.7296	2.3355	1.9416	6.5531	11.74
1.4794	3.7296	2.3355	1.9416	6.5531	11.74
1.4794	3.7296	2.3355	1.9416	6.5531	11.74
1.4794	3.7296	2.3355	1.9416	6.5531	11.74
1.4794	3.7296	2.3355	1.9416	6.5531	11.74
1.4794	3.7296	2.3355	1.9416	6.5531	11.74
1.4794	3.7296	2.3355	1.9416	6.5531	11.74
1.4794	3.7296	2.3355	1.9416	6.5531	11.74
1.4794	3.7296	2.3355	1.9416	6.5531	11.74
1.4794	3.7296	2.3354	1.9416	6.5531	11.74
1.4794	3.7296	2.3354	1.9416	6.5531	11.74
1.4794	3.7296	2.3354	1.9416	6.5531	11.74
1.4794	3.7296	2.3354	1.9416	6.5531	11.74
1.4794	3.7296	2.3354	1.9416	6.5531	11.74
1.4794	3.7296	2.3353	1.9416	6.5531	11.74
1.4794	3.7296	2.3353	1.9416	6.5531	11.74
1.4794	3.7296	2.3353	1.9416	6.5531	11.74
1.4794	3.7296	2.3353	1.9416	6.5531	11.74
1.4794	3.7296	2.3353	1.9416	6.5531	11.74
1.4794	3.7296	2.3352	1.9416	6.5531	11.74
1.4794	3.7296	2.3352	1.9416	6.5531	11.74
1.4794	3.7296	2.3352	1.9416	6.5531	11.74
1.4794	3.7296	2.3351	1.9416	6.5531	11.74
1.4794	3.7296	2.3351	1.9416	6.5531	11.74
1.4794	3.7296	2.335	1.9416	6.5531	11.74
1.4794	3.7296	2.335	1.9416	6.5531	11.74
1.4794	3.7296	2.335	1.9416	6.5531	11.74
1.4794	3.7296	2.3348	1.9416	6.5531	11.74
1.4794	3.7296	2.3348	1.9416	6.5531	11.74
1.4794	3.7296	2.3347	1.9416	6.5531	11.74
1.4794	3.7296	2.3347	1.9416	6.5531	11.74
1.4793	3.7296	2.3347	1.9416	6.5531	11.74
1.4793	3.7296	2.3346	1.9416	6.5531	11.74
1.4793	3.7296	2.3346	1.9416	6.5531	11.74
1.4793	3.7296	2.3344	1.9416	6.5531	11.74
1.4793	3.7296	2.3344	1.9416	6.5531	11.74
1.4793	3.7296	2.3344	1.9416	6.5531	11.74
1.4793	3.7296	2.3341	1.9416	6.5531	11.74
1.4793	3.7296	2.3341	1.9416	6.5531	11.74
1.4792	3.7296	2.3338	1.9416	6.5531	11.74
1.4792	3.7296	2.3338	1.9416	6.5531	11.74
1.4791	3.7296	2.3338	1.9416	6.5531	11.74
1.4791	3.7296	2.3334	1.9416	6.5531	11.74
1.4791	3.7296	2.3334	1.9416	6.5531	11.74
1.4791	3.7296	2.3331	1.9416	6.5531	11.74
1.4791	3.7296	2.3331	1.9416	6.5531	11.74
1.479	3.7296	2.3331	1.9416	6.5531	11.74
1.479	3.7296	2.3326	1.9416	6.5531	11.74
1.479	3.7296	2.3326	1.9416	6.5531	11.74
1.4789	3.7296	2.3322	1.9416	6.5531	11.74
1.4789	3.7296	2.3322	1.9416	6.5531	11.74
1.4787	3.7296	2.3322	1.9416	6.5531	11.74
1.4787	3.7296	2.3316	1.9416	6.5531	11.74
1.4787	3.7296	2.3316	1.9416	6.5531	11.74
1.4786	3.7296	2.331	1.9416	6.5531	11.74
1.4786	3.7296	2.331	1.9416	6.5531	11.74
1.4785	3.7296	2.331	1.9416	6.5531	11.74
1.4785	3.7297	2.3303	1.9416	6.5531	11.74
1.4785	3.7297	2.3303	1.9416	6.5531	11.74
1.4784	3.7297	2.3297	1.9416	6.5531	11.74
1.4784	3.7297	2.3297	1.9416	6.5531	11.74
1.4784	3.7297	2.3297	1.9416	6.5531	11.74
1.4784	3.7298	2.329	1.9416	6.5531	11.74
1.4784	3.7298	2.329	1.9416	6.5531	11.74
1.4784	3.7298	2.3283	1.9416	6.5531	11.74
1.4784	3.7298	2.3283	1.9416	6.5531	11.74
1.4783	3.7298	2.3283	1.9416	6.5531	11.74
1.4783	3.7299	2.3274	1.9416	6.5531	11.74
1.4783	3.7299	2.3274	1.9416	6.5531	11.74
1.4783	3.7299	2.3264	1.9416	6.5531	11.74
1.4783	3.7299	2.3264	1.9416	6.5531	11.74
1.4783	3.7299	2.3264	1.9416	6.5531	11.74
1.4783	3.7299	2.3252	1.9416	6.5531	11.74
1.4783	3.7299	2.3252	1.9416	6.5531	11.74
1.4782	3.7299	2.3241	1.9416	6.5531	11.74
1.4782	3.7299	2.3241	1.9416	6.5531	11.74
1.4782	3.7299	2.3241	1.9416	6.5531	11.74
1.4782	3.7299	2.3226	1.9416	6.5531	11.74
1.4782	3.7299	2.3226	1.9416	6.5531	11.74
1.4781	3.7299	2.3211	1.9416	6.5531	11.74
1.4781	3.7299	2.3211	1.9416	6.5531	11.74
1.478	3.7299	2.3211	1.9416	6.5531	11.74
1.478	3.7299	2.3195	1.9416	6.5531	11.74
1.478	3.7299	2.3195	1.9416	6.5531	11.74
1.4779	3.7299	2.3178	1.9416	6.5531	11.74
1.4779	3.7299	2.3178	1.9416	6.5531	11.74
1.4777	3.7299	2.3178	1.9416	6.5531	11.74
1.4777	3.7299	2.3162	1.9416	6.5531	11.74
1.4777	3.7299	2.3162	1.9416	6.5531	11.74
1.4775	3.73	2.3142	1.9416	6.5531	11.74
1.4775	3.73	2.3142	1.9416	6.5531	11.74
1.4774	3.73	2.3142	1.9416	6.5531	11.74
1.4774	3.73	2.3122	1.9416	6.5531	11.74
1.4774	3.73	2.3122	1.9416	6.5531	11.74
1.4774	3.73	2.31	1.9416	6.5531	11.74
1.4774	3.73	2.31	1.9416	6.5531	11.74
1.4773	3.73	2.31	1.9416	6.5531	11.74
1.4773	3.73	2.3078	1.9416	6.5531	11.74
1.4773	3.73	2.3078	1.9416	6.5531	11.74
1.4772	3.73	2.3054	1.9416	6.5531	11.74
1.4772	3.73	2.3054	1.9416	6.5531	11.74
1.4771	3.73	2.3054	1.9416	6.5531	11.74
1.4771	3.73	2.3032	1.9416	6.5531	11.74
1.4771	3.73	2.3032	1.9416	6.5531	11.74
1.4769	3.73	2.3007	1.9416	6.5531	11.74
1.4769	3.73	2.3007	1.9416	6.5531	11.74
1.4766	3.73	2.3007	1.9416	6.5531	11.74
1.4766	3.73	2.298	1.9416	6.5531	11.74
1.4766	3.73	2.298	1.9416	6.5531	11.74
1.4764	3.73	2.2954	1.9416	6.5531	11.74
1.4764	3.73	2.2954	1.9416	6.5531	11.74
1.4762	3.73	2.2954	1.9416	6.5531	11.74
1.4762	3.73	2.2929	1.9416	6.5531	11.74
1.4762	3.73	2.2929	1.9416	6.5531	11.74
1.4759	3.73	2.2906	1.9416	6.5531	11.74
1.4759	3.73	2.2906	1.9416	6.5531	11.74
1.4755	3.73	2.2906	1.9416	6.5531	11.74
1.4755	3.73	2.2879	1.9416	6.5531	11.74
1.4755	3.73	2.2879	1.9416	6.5531	11.74
1.4751	3.73	2.2852	1.9416	6.5531	11.74
1.4751	3.73	2.2852	1.9416	6.5531	11.74
1.4745	3.73	2.2852	1.9416	6.5531	11.74
1.4745	3.73	2.2826	1.9416	6.5531	11.74
1.4745	3.73	2.2826	1.9416	6.5531	11.74
1.474	3.73	2.2802	1.9416	6.5531	11.74
1.474	3.73	2.2802	1.9416	6.5531	11.74
1.4733	3.73	2.2802	1.9416	6.5531	11.74
1.4733	3.73	2.2776	1.9416	6.5531	11.74
1.4733	3.73	2.2776	1.9416	6.5531	11.74
1.4726	3.7301	2.2751	1.9416	6.5531	11.74
1.4726	3.7301	2.2751	1.9416	6.5531	11.74
1.4718	3.7301	2.2751	1.9416	6.5531	11.74
1.4718	3.7301	2.2727	1.9416	6.5531	11.74
1.4718	3.7301	2.2727	1.9416	6.5531	11.74
1.4709	3.7303	2.2703	1.9416	6.5531	11.74
1.4709	3.7303	2.2703	1.9416	6.5531	11.74
1.4702	3.7303	2.2703	1.9416	6.5531	11.74
1.4702	3.7304	2.2682	1.9416	6.5531	11.74
1.4702	3.7304	2.2682	1.9416	6.5531	11.74
1.4692	3.7305	2.2657	1.9416	6.5531	11.74
1.4692	3.7305	2.2657	1.9416	6.5531	11.74
1.4683	3.7305	2.2657	1.9416	6.5531	11.74
1.4683	3.7306	2.2631	1.9416	6.5531	11.74
1.4683	3.7306	2.2631	1.9416	6.5531	11.74
1.4673	3.7306	2.2604	1.9416	6.5531	11.74
1.4673	3.7306	2.2604	1.9416	6.5531	11.74
1.4663	3.7306	2.2604	1.9416	6.5531	11.74
1.4663	3.7306	2.2575	1.9416	6.5531	11.74
1.4663	3.7306	2.2575	1.9416	6.5531	11.74
1.4653	3.7306	2.2548	1.9416	6.5531	11.74
1.4653	3.7306	2.2548	1.9416	6.5531	11.74
1.4641	3.7306	2.2548	1.9416	6.5531	11.74
1.4641	3.7306	2.2517	1.9416	6.5531	11.74
1.4641	3.7306	2.2517	1.9416	6.5531	11.74
1.4627	3.7306	2.2484	1.9416	6.5531	11.74
1.4627	3.7306	2.2484	1.9416	6.5531	11.74
1.4612	3.7306	2.2484	1.9416	6.5531	11.74
1.4612	3.7306	2.2452	1.9416	6.5531	11.74
1.4612	3.7306	2.2452	1.9416	6.5531	11.74
1.4596	3.7306	2.2418	1.9416	6.5531	11.74
1.4596	3.7306	2.2418	1.9416	6.5531	11.74
1.4578	3.7306	2.2418	1.9416	6.5531	11.74
1.4578	3.7306	2.2383	1.9416	6.5531	11.74
1.4578	3.7306	2.2383	1.9416	6.5531	11.74
1.4557	3.7306	2.2347	1.9416	6.5531	11.74
1.4557	3.7306	2.2347	1.9416	6.5531	11.74
1.4536	3.7306	2.2347	1.9416	6.5531	11.74
1.4536	3.7307	2.2314	1.9416	6.5531	11.74
1.4536	3.7307	2.2314	1.9416	6.5531	11.74
1.451	3.7307	2.2276	1.9416	6.5531	11.74
1.451	3.7307	2.2276	1.9416	6.5531	11.74
1.4481	3.7307	2.2276	1.9416	6.5531	11.74
1.4481	3.7308	2.2241	1.9416	6.5531	11.74
1.4481	3.7308	2.2241	1.9416	6.5531	11.74
1.4453	3.731	2.2202	1.9416	6.5531	11.74
1.4453	3.731	2.2202	1.9416	6.5531	11.74
1.442	3.731	2.2202	1.9416	6.5531	11.74
1.442	3.7311	2.2162	1.9416	6.5531	11.74
1.442	3.7311	2.2162	1.9416	6.5531	11.74
1.4392	3.7313	2.2125	1.9416	6.5531	11.74
1.4392	3.7313	2.2125	1.9416	6.5531	11.74
1.436	3.7313	2.2125	1.9416	6.5531	11.74
1.436	3.7314	2.2082	1.9416	6.5531	11.74
1.436	3.7314	2.2082	1.9416	6.5531	11.74
1.4328	3.7314	2.2036	1.9416	6.5531	11.74
1.4328	3.7314	2.2036	1.9416	6.5531	11.74
1.4295	3.7314	2.2036	1.9416	6.5531	11.74
1.4295	3.7314	2.1988	1.9416	6.5531	11.74
1.4295	3.7314	2.1988	1.9416	6.5531	11.74
1.4265	3.7314	2.1937	1.9416	6.5531	11.74
1.4265	3.7314	2.1937	1.9416	6.5531	11.74
1.4233	3.7314	2.1937	1.9416	6.5531	11.74
1.4233	3.7314	2.189	1.9416	6.5531	11.74
1.4233	3.7314	2.189	1.9416	6.5531	11.74
1.4204	3.7314	2.1835	1.9416	6.5531	11.74
1.4204	3.7314	2.1835	1.9416	6.5531	11.74
1.4172	3.7314	2.1835	1.9416	6.5531	11.74
1.4172	3.7314	2.178	1.9416	6.5531	11.74
1.4172	3.7314	2.178	1.9416	6.5531	11.74
1.4142	3.7314	2.1723	1.9416	6.5531	11.74
1.4142	3.7314	2.1723	1.9416	6.5531	11.74
1.4114	3.7314	2.1723	1.9416	6.5531	11.74
1.4114	3.7314	2.1671	1.9416	6.5531	11.74
1.4114	3.7314	2.1671	1.9416	6.5531	11.74
1.4085	3.7314	2.1611	1.9416	6.5531	11.74
1.4085	3.7314	2.1611	1.9416	6.5531	11.74
1.4053	3.7314	2.1611	1.9416	6.5531	11.74
1.4053	3.7314	2.1551	1.9416	6.5531	11.74
1.4053	3.7314	2.1551	1.9416	6.5531	11.74
1.4024	3.7315	2.1491	1.9416	6.5531	11.74
1.4024	3.7315	2.1491	1.9416	6.5531	11.74
1.4024	3.7315	2.1491	1.9416	6.5531	11.74
1.399	3.7315	2.1436	1.9416	6.5531	11.74
1.399	3.7315	2.1436	1.9416	6.5531	11.74
1.3959	3.7315	2.1373	1.9416	6.5531	11.74
1.3959	3.7315	2.1373	1.9416	6.5531	11.74
1.3959	3.7315	2.1373	1.9416	6.5531	11.74
1.3923	3.7315	2.1311	1.9416	6.5531	11.74
1.3923	3.7315	2.1311	1.9416	6.5531	11.74
1.3885	3.7315	2.1249	1.9416	6.5531	11.74
1.3885	3.7315	2.1249	1.9416	6.5531	11.74
1.3851	3.7315	2.1249	1.9416	6.5531	11.74
1.3851	3.7316	2.1191	1.9416	6.5531	11.74
1.3851	3.7316	2.1191	1.9416	6.5531	11.74
1.3808	3.7316	2.1128	1.9416	6.5531	11.74
1.3808	3.7316	2.1128	1.9416	6.5531	11.74
1.3808	3.7316	2.1128	1.9416	6.5531	11.74
1.3768	3.7316	2.1065	1.9416	6.5531	11.74
1.3768	3.7316	2.1065	1.9416	6.5531	11.74
1.3728	3.7317	2.1007	1.9416	6.5531	11.74
1.3728	3.7317	2.1007	1.9416	6.5531	11.74
1.3728	3.7317	2.1007	1.9416	6.5531	11.74
1.3685	3.7318	2.0943	1.9416	6.5531	11.74
1.3685	3.7318	2.0943	1.9416	6.5531	11.74
1.3645	3.7318	2.0881	1.9416	6.5531	11.74
1.3645	3.7318	2.0881	1.9416	6.5531	11.74
1.3605	3.7318	2.0881	1.9416	6.5531	11.74
1.3605	3.7318	2.0818	1.9416	6.5531	11.74
1.3605	3.7318	2.0818	1.9416	6.5531	11.74
1.3563	3.7319	2.0754	1.9416	6.5531	11.74
1.3563	3.7319	2.0754	1.9416	6.5531	11.74
1.3563	3.7319	2.0754	1.9416	6.5531	11.74
1.3521	3.7319	2.0691	1.9416	6.5531	11.74
1.3521	3.7319	2.0691	1.9416	6.5531	11.74
1.3482	3.7319	2.0635	1.9416	6.5531	11.74
1.3482	3.7319	2.0635	1.9416	6.5531	11.74
1.3445	3.7319	2.0635	1.9416	6.5531	11.74
1.3445	3.7319	2.0571	1.9416	6.5531	11.74
1.3445	3.7319	2.0571	1.9416	6.5531	11.74
1.3406	3.732	2.0506	1.9416	6.5531	11.74
1.3406	3.732	2.0506	1.9416	6.5531	11.74
1.337	3.732	2.0506	1.9416	6.5531	11.74
1.337	3.732	2.0443	1.9416	6.5531	11.74
1.337	3.732	2.0443	1.9416	6.5531	11.74
1.3332	3.732	2.0386	1.9416	6.5531	11.74
1.3332	3.732	2.0386	1.9416	6.5531	11.74
1.3295	3.732	2.0386	1.9416	6.5531	11.74
1.3295	3.732	2.0322	1.9416	6.5531	11.74
1.3295	3.732	2.0322	1.9416	6.5531	11.74
1.3262	3.732	2.0258	1.9416	6.5531	11.74
1.3262	3.732	2.0258	1.9416	6.5531	11.74
1.3226	3.732	2.0258	1.9416	6.5531	11.74
1.3226	3.732	2.02	1.9416	6.5531	11.74
1.3226	3.732	2.02	1.9416	6.5531	11.74
1.319	3.732	2.0135	1.9416	6.5531	11.74
1.319	3.732	2.0135	1.9416	6.5531	11.74
1.3157	3.732	2.0135	1.9416	6.5531	11.74
1.3157	3.732	2.007	1.9416	6.5531	11.74
1.3157	3.732	2.007	1.9416	6.5531	11.74
1.3118	3.732	2.0014	1.9416	6.5531	11.74
1.3118	3.732	2.0014	1.9416	6.5531	11.74
1.3077	3.732	2.0014	1.9416	6.5531	11.74
1.3077	3.732	1.9948	1.9416	6.5531	11.74
1.3077	3.732	1.9948	1.9416	6.5531	11.74
1.3039	3.732	1.9883	1.9416	6.5531	11.74
1.3039	3.732	1.9883	1.9416	6.5531	11.74
1.3002	3.732	1.9883	1.9416	6.5531	11.74
1.3002	3.732	1.9826	1.9416	6.5531	11.74
1.3002	3.732	1.9826	1.9416	6.5531	11.74
1.296	3.732	1.9762	1.9416	6.5531	11.74
1.296	3.732	1.9762	1.9416	6.5531	11.74
1.296	3.732	1.9762	1.9416	6.5531	11.74
1.2914	3.732	1.9705	1.9416	6.5531	11.74
1.2914	3.732	1.9705	1.9416	6.5531	11.74
1.2867	3.7321	1.9643	1.9416	6.5531	11.74
1.2867	3.7321	1.9643	1.9416	6.5531	11.74
1.2821	3.7321	1.9643	1.9416	6.5531	11.74
1.2821	3.7321	1.9581	1.9416	6.5531	11.74
1.2821	3.7321	1.9581	1.9416	6.5531	11.74
1.2778	3.7321	1.952	1.9416	6.5531	11.74
1.2778	3.7321	1.952	1.9416	6.5531	11.74
1.2778	3.7321	1.952	1.9416	6.5531	11.74
1.2737	3.7321	1.9465	1.9416	6.5531	11.74
1.2737	3.7321	1.9465	1.9416	6.5531	11.74
1.2693	3.7322	1.9404	1.9416	6.5531	11.74
1.2693	3.7322	1.9404	1.9416	6.5531	11.74
1.2693	3.7322	1.9404	1.9416	6.5531	11.74
1.2649	3.7322	1.9345	1.9416	6.5531	11.74
1.2649	3.7322	1.9345	1.9416	6.5531	11.74
1.261	3.7322	1.9284	1.9416	6.5531	11.74
1.261	3.7322	1.9284	1.9416	6.5531	11.74
1.261	3.7322	1.9284	1.9416	6.5531	11.74
1.2565	3.7322	1.923	1.9416	6.5531	11.74
1.2565	3.7322	1.923	1.9416	6.5531	11.74
1.2527	3.7322	1.917	1.9416	6.5531	11.74
1.2527	3.7322	1.917	1.9416	6.5531	11.74
1.2527	3.7322	1.917	1.9416	6.5531	11.74
1.2485	3.7322	1.9109	1.9416	6.5531	11.74
1.2485	3.7322	1.9109	1.9416	6.5531	11.74
1.2445	3.7322	1.905	1.9416	6.5531	11.74
1.2445	3.7322	1.905	1.9416	6.5531	11.74
1.2445	3.7322	1.905	1.9416	6.5531	11.74
1.2408	3.7322	1.899	1.9416	6.5531	11.74
1.2408	3.7322	1.899	1.9416	6.5531	11.74
1.2368	3.7322	1.8937	1.9416	6.5531	11.74
1.2368	3.7322	1.8937	1.9416	6.5531	11.74
1.2368	3.7322	1.8937	1.9416	6.5531	11.74
1.2333	3.7322	1.8878	1.9416	6.5531	11.74
1.2333	3.7322	1.8878	1.9416	6.5531	11.74
1.2297	3.7322	1.8821	1.9416	6.5531	11.74
1.2297	3.7322	1.8821	1.9416	6.5531	11.74
1.2297	3.7322	1.8821	1.9416	6.5531	11.74
1.2262	3.7322	1.8766	1.9416	6.5531	11.74
1.2262	3.7322	1.8766	1.9416	6.5531	11.74
1.2232	3.7322	1.8717	1.9416	6.5531	11.74
1.2232	3.7322	1.8717	1.9416	6.5531	11.74
1.2232	3.7322	1.8717	1.9416	6.5531	11.74
1.2197	3.7322	1.8663	1.9416	6.5531	11.74
1.2197	3.7322	1.8663	1.9416	6.5531	11.74
1.2162	3.7322	1.8611	1.9416	6.5531	11.74
1.2162	3.7322	1.8611	1.9416	6.5531	11.74
1.2162	3.7322	1.8611	1.9416	6.5531	11.74
1.2127	3.7322	1.856	1.9416	6.5531	11.74
1.2127	3.7322	1.856	1.9416	6.5531	11.74
1.2092	3.7322	1.8511	1.9416	6.5531	11.74
1.2092	3.7322	1.8511	1.9416	6.5531	11.74
1.2092	3.7322	1.8511	1.9416	6.5531	11.74
1.206	3.7323	1.8468	1.9416	6.5531	11.74
1.206	3.7323	1.8468	1.9416	6.5531	11.74
1.2023	3.7323	1.8421	1.9416	6.5531	11.74
1.2023	3.7323	1.8421	1.9416	6.5531	11.74
1.2023	3.7323	1.8421	1.9416	6.5531	11.74
1.1984	3.7323	1.8375	1.9416	6.5531	11.74
1.1984	3.7323	1.8375	1.9416	6.5531	11.74
1.195	3.7323	1.8329	1.9416	6.5531	11.74
1.195	3.7323	1.8329	1.9416	6.5531	11.74
1.195	3.7323	1.8329	1.9416	6.5531	11.74
1.1911	3.7323	1.8285	1.9416	6.5531	11.74
1.1911	3.7323	1.8285	1.9416	6.5531	11.74
1.1873	3.7323	1.8241	1.9416	6.5531	11.74
1.1873	3.7323	1.8241	1.9416	6.5531	11.74
1.1873	3.7323	1.8241	1.9416	6.5531	11.74
1.1839	3.7323	1.8203	1.9416	6.5531	11.74
1.1839	3.7323	1.8203	1.9416	6.5531	11.74
1.1804	3.7323	1.816	1.9416	6.5531	11.74
1.1804	3.7323	1.816	1.9416	6.5531	11.74
1.1804	3.7323	1.816	1.9416	6.5531	11.74
1.1773	3.7323	1.8118	1.9416	6.5531	11.74
1.1773	3.7323	1.8118	1.9416	6.5531	11.74
1.1738	3.7323	1.8076	1.9416	6.5531	11.74
1.1738	3.7323	1.8076	1.9416	6.5531	11.74
1.1738	3.7323	1.8076	1.9416	6.5531	11.74
1.1705	3.7323	1.8039	1.9416	6.5531	11.74
1.1705	3.7323	1.8039	1.9416	6.5531	11.74
1.1669	3.7323	1.7998	1.9416	6.5531	11.74
1.1669	3.7323	1.7998	1.9416	6.5531	11.74
1.1669	3.7323	1.7998	1.9416	6.5531	11.74
1.1637	3.7323	1.7958	1.9416	6.5531	11.74
1.1637	3.7323	1.7958	1.9416	6.5531	11.74
1.1604	3.7323	1.7917	1.9416	6.5531	11.74
1.1604	3.7323	1.7917	1.9416	6.5531	11.74
1.1604	3.7323	1.7917	1.9416	6.5531	11.74
1.1573	3.7323	1.7877	1.9416	6.5531	11.74
1.1573	3.7323	1.7877	1.9416	6.5531	11.74
1.1545	3.7323	1.7837	1.9416	6.5531	11.74
1.1545	3.7323	1.7837	1.9416	6.5531	11.74
1.1545	3.7323	1.7837	1.9416	6.5531	11.74
1.1514	3.7323	1.7796	1.9416	6.5531	11.74
1.1514	3.7323	1.7796	1.9416	6.5531	11.74
1.1484	3.7323	1.7759	1.9416	6.5531	11.74
1.1484	3.7323	1.7759	1.9416	6.5531	11.74
1.1484	3.7323	1.7759	1.9416	6.5531	11.74
1.1453	3.7323	1.7721	1.9416	6.5531	11.74
1.1453	3.7323	1.7721	1.9416	6.5531	11.74
1.1426	3.7323	1.768	1.9416	6.5531	11.74
1.1426	3.7323	1.768	1.9416	6.5531	11.74
1.1426	3.7323	1.768	1.9416	6.5531	11.74
1.1395	3.7323	1.7639	1.9416	6.5531	11.74
1.1395	3.7323	1.7639	1.9416	6.5531	11.74
1.1363	3.7323	1.7599	1.9416	6.5531	11.74
1.1363	3.7323	1.7599	1.9416	6.5531	11.74
1.1363	3.7323	1.7599	1.9416	6.5531	11.74
1.1334	3.7323	1.7563	1.9416	6.5531	11.74
1.1334	3.7323	1.7563	1.9416	6.5531	11.74
1.13	3.7324	1.7523	1.9416	6.5531	11.74
1.13	3.7324	1.7523	1.9416	6.5531	11.74
1.13	3.7324	1.7523	1.9416	6.5531	11.74
1.1263	3.7324	1.7483	1.9416	6.5531	11.74
1.1263	3.7324	1.7483	1.9416	6.5531	11.74
1.1228	3.7324	1.7443	1.9416	6.5531	11.74
1.1228	3.7324	1.7443	1.9416	6.5531	11.74
1.1228	3.7324	1.7443	1.9416	6.5531	11.74
1.119	3.7324	1.7407	1.9416	6.5531	11.74
1.119	3.7324	1.7407	1.9416	6.5531	11.74
1.115	3.7325	1.7365	1.9416	6.5531	11.74
1.115	3.7325	1.7365	1.9416	6.5531	11.74
1.115	3.7325	1.7365	1.9416	6.5531	11.74
1.1117	3.7326	1.7323	1.9416	6.5531	11.74
1.1117	3.7326	1.7323	1.9416	6.5531	11.74
1.1082	3.7327	1.7283	1.9416	6.5531	11.74
1.1082	3.7327	1.7283	1.9416	6.5531	11.74
1.1082	3.7327	1.7283	1.9416	6.5531	11.74
1.1049	3.7327	1.7241	1.9416	6.5531	11.74
1.1049	3.7327	1.7241	1.9416	6.5531	11.74
1.1012	3.7328	1.7198	1.9416	6.5531	11.74
1.1012	3.7328	1.7198	1.9416	6.5531	11.74
1.1012	3.7328	1.7198	1.9416	6.5531	11.74
1.0976	3.7329	1.7159	1.9416	6.5531	11.74
1.0976	3.7329	1.7159	1.9416	6.5531	11.74
1.0943	3.7331	1.7114	1.9416	6.5531	11.74
1.0943	3.7331	1.7114	1.9416	6.5531	11.74
1.0943	3.7331	1.7114	1.9416	6.5531	11.74
1.0908	3.7333	1.7069	1.9416	6.5531	11.74
1.0908	3.7333	1.7069	1.9416	6.5531	11.74
1.0875	3.7334	1.7022	1.9416	6.5531	11.74
1.0875	3.7334	1.7022	1.9416	6.5531	11.74
1.0875	3.7334	1.7022	1.9416	6.5531	11.74
1.0845	3.7336	1.6981	1.9416	6.5531	11.74
1.0845	3.7336	1.6981	1.9416	6.5531	11.74
1.0811	3.7338	1.6935	1.9416	6.5531	11.74
1.0811	3.7338	1.6935	1.9416	6.5531	11.74
1.0811	3.7338	1.6935	1.9416	6.5531	11.74
1.0779	3.7341	1.6887	1.9416	6.5531	11.74
1.0779	3.7341	1.6887	1.9416	6.5531	11.74
1.0747	3.7344	1.6839	1.9416	6.5531	11.74
1.0747	3.7344	1.6839	1.9416	6.5531	11.74
1.0747	3.7344	1.6839	1.9416	6.5531	11.74
1.0717	3.7346	1.679	1.9416	6.5531	11.74
1.0717	3.7346	1.679	1.9416	6.5531	11.74
1.069	3.7347	1.6744	1.9416	6.5531	11.74
1.069	3.7347	1.6744	1.9416	6.5531	11.74
1.069	3.7347	1.6744	1.9416	6.5531	11.74
1.0663	3.7349	1.6697	1.9416	6.5531	11.74
1.0663	3.7349	1.6697	1.9416	6.5531	11.74
1.0633	3.7352	1.6655	1.9416	6.5531	11.74
1.0633	3.7352	1.6655	1.9416	6.5531	11.74
1.0633	3.7352	1.6655	1.9416	6.5531	11.74
1.06	3.7355	1.6611	1.9416	6.5531	11.74
1.06	3.7355	1.6611	1.9416	6.5531	11.74
1.0568	3.7358	1.6564	1.9416	6.5531	11.74
1.0568	3.7358	1.6564	1.9416	6.5531	11.74
1.0568	3.7358	1.6564	1.9416	6.5531	11.74
1.0533	3.7359	1.6519	1.9416	6.5531	11.74
1.0533	3.7359	1.6519	1.9416	6.5531	11.74
1.0494	3.7362	1.6473	1.9416	6.5531	11.74
1.0494	3.7362	1.6473	1.9416	6.5531	11.74
1.0494	3.7362	1.6473	1.9416	6.5531	11.74
1.0459	3.7365	1.6432	1.9416	6.5531	11.74
1.0459	3.7365	1.6432	1.9416	6.5531	11.74
1.0425	3.7368	1.6388	1.9416	6.5531	11.74
1.0425	3.7368	1.6388	1.9416	6.5531	11.74
1.0425	3.7368	1.6388	1.9416	6.5531	11.74
1.0387	3.7371	1.6341	1.9416	6.5531	11.74
1.0387	3.7371	1.6341	1.9416	6.5531	11.74
1.0352	3.7373	1.6298	1.9416	6.5531	11.74
1.0352	3.7373	1.6298	1.9416	6.5531	11.74
1.0352	3.7373	1.6298	1.9416	6.5531	11.74
1.0312	3.7375	1.6258	1.9416	6.5531	11.74
1.0312	3.7375	1.6258	1.9416	6.5531	11.74
1.0273	3.7378	1.6214	1.9416	6.5531	11.74
1.0273	3.7378	1.6214	1.9416	6.5531	11.74
1.0273	3.7378	1.6214	1.9416	6.5531	11.74
1.0239	3.7381	1.6171	1.9416	6.5531	11.74
1.0239	3.7381	1.6171	1.9416	6.5531	11.74
1.0203	3.7383	1.6128	1.9416	6.5531	11.74
1.0203	3.7383	1.6128	1.9416	6.5531	11.74
1.0203	3.7383	1.6128	1.9416	6.5531	11.74
1.017	3.7384	1.6089	1.9416	6.5531	11.74
1.017	3.7384	1.6089	1.9416	6.5531	11.74
1.0132	3.7385	1.6046	1.9416	6.5531	11.74
1.0132	3.7385	1.6046	1.9416	6.5531	11.74
1.0132	3.7385	1.6046	1.9416	6.5531	11.74
1.0096	3.7387	1.6003	1.9416	6.5531	11.74
1.0096	3.7387	1.6003	1.9416	6.5531	11.74
1.0063	3.7388	1.596	1.9416	6.5531	11.74
1.0063	3.7388	1.596	1.9416	6.5531	11.74
1.0063	3.7388	1.596	1.9416	6.5531	11.74
1.0029	3.7389	1.5915	1.9416	6.5531	11.74
1.0029	3.7389	1.5915	1.9416	6.5531	11.74
0.99962	3.7389	1.5876	1.9416	6.5531	11.74
0.99962	3.7389	1.5876	1.9416	6.5531	11.74
0.99962	3.7389	1.5876	1.9416	6.5531	11.74
0.99646	3.7389	1.5833	1.9416	6.5531	11.74
0.99646	3.7389	1.5833	1.9416	6.5531	11.74
0.99349	3.7389	1.5792	1.9416	6.5531	11.74
0.99349	3.7389	1.5792	1.9416	6.5531	11.74
0.99349	3.7389	1.5792	1.9416	6.5531	11.74
0.98995	3.739	1.5749	1.9416	6.5531	11.74
0.98995	3.739	1.5749	1.9416	6.5531	11.74
0.9863	3.7392	1.5708	1.9416	6.5531	11.74
0.9863	3.7392	1.5708	1.9416	6.5531	11.74
0.9863	3.7392	1.5708	1.9416	6.5531	11.74
0.98262	3.7394	1.5666	1.9416	6.5531	11.74
0.98262	3.7394	1.5666	1.9416	6.5531	11.74
0.97913	3.7394	1.5625	1.9416	6.5531	11.74
0.97913	3.7394	1.5625	1.9416	6.5531	11.74
0.97913	3.7394	1.5625	1.9416	6.5531	11.74
0.9752	3.7395	1.5589	1.9416	6.5531	11.74
0.9752	3.7395	1.5589	1.9416	6.5531	11.74
0.97149	3.7396	1.5548	1.9416	6.5531	11.74
0.97149	3.7396	1.5548	1.9416	6.5531	11.74
0.97149	3.7396	1.5548	1.9416	6.5531	11.74
0.96724	3.7398	1.5508	1.9416	6.5531	11.74
0.96724	3.7398	1.5508	1.9416	6.5531	11.74
0.96334	3.74	1.5468	1.9416	6.5531	11.74
0.96334	3.74	1.5468	1.9416	6.5531	11.74
0.96334	3.74	1.5468	1.9416	6.5531	11.74
0.95881	3.7402	1.5429	1.9416	6.5531	11.74
0.95881	3.7402	1.5429	1.9416	6.5531	11.74
0.95457	3.7403	1.5392	1.9416	6.5531	11.74
0.95457	3.7403	1.5392	1.9416	6.5531	11.74
0.95457	3.7403	1.5392	1.9416	6.5531	11.74
0.95096	3.7404	1.5352	1.9416	6.5531	11.74
0.95096	3.7404	1.5352	1.9416	6.5531	11.74
0.9469	3.7405	1.5311	1.9416	6.5531	11.74
0.9469	3.7405	1.5311	1.9416	6.5531	11.74
0.9469	3.7405	1.5311	1.9416	6.5531	11.74
0.94326	3.7407	1.5269	1.9416	6.5531	11.74
0.94326	3.7407	1.5269	1.9416	6.5531	11.74
0.93911	3.7408	1.5229	1.9416	6.5531	11.74
0.93911	3.7408	1.5229	1.9416	6.5531	11.74
0.93911	3.7408	1.5229	1.9416	6.5531	11.74
0.93533	3.7409	1.5192	1.9416	6.5531	11.74
0.93533	3.7409	1.5192	1.9416	6.5531	11.74
0.93138	3.741	1.515	1.9416	6.5531	11.74
0.93138	3.741	1.515	1.9416	6.5531	11.74
0.93138	3.741	1.515	1.9416	6.5531	11.74
0.92768	3.741	1.5108	1.9416	6.5531	11.74
0.92768	3.741	1.5108	1.9416	6.5531	11.74
0.92436	3.7412	1.5063	1.9416	6.5531	11.74
0.92436	3.7412	1.5063	1.9416	6.5531	11.74
0.92436	3.7412	1.5063	1.9416	6.5531	11.74
0.92078	3.7413	1.5019	1.9416	6.5531	11.74
0.92078	3.7413	1.5019	1.9416	6.5531	11.74
0.91699	3.7413	1.498	1.9416	6.5531	11.74
0.91699	3.7413	1.498	1.9416	6.5531	11.74
0.91699	3.7413	1.498	1.9416	6.5531	11.74
0.91326	3.7413	1.4934	1.9416	6.5531	11.74
0.91326	3.7413	1.4934	1.9416	6.5531	11.74
0.90994	3.7413	1.4891	1.9416	6.5531	11.74
0.90994	3.7413	1.4891	1.9416	6.5531	11.74
0.90994	3.7413	1.4891	1.9416	6.5531	11.74
0.9062	3.7414	1.4845	1.9416	6.5531	11.74
0.9062	3.7414	1.4845	1.9416	6.5531	11.74
0.90219	3.7416	1.48	1.9416	6.5531	11.74
0.90219	3.7416	1.48	1.9416	6.5531	11.74
0.90219	3.7416	1.48	1.9416	6.5531	11.74
0.89844	3.7418	1.476	1.9416	6.5531	11.74
0.89844	3.7418	1.476	1.9416	6.5531	11.74
0.89378	3.7419	1.4715	1.9416	6.5531	11.74
0.89378	3.7419	1.4715	1.9416	6.5531	11.74
0.89378	3.7419	1.4715	1.9416	6.5531	11.74
0.8895	3.742	1.467	1.9416	6.5531	11.74
0.8895	3.742	1.467	1.9416	6.5531	11.74
0.88476	3.742	1.4625	1.9416	6.5531	11.74
0.88476	3.742	1.4625	1.9416	6.5531	11.74
0.88476	3.742	1.4625	1.9416	6.5531	11.74
0.88065	3.7422	1.4579	1.9416	6.5531	11.74
0.88065	3.7422	1.4579	1.9416	6.5531	11.74
0.87584	3.7423	1.4532	1.9416	6.5531	11.74
0.87584	3.7423	1.4532	1.9416	6.5531	11.74
0.87584	3.7423	1.4532	1.9416	6.5531	11.74
0.87094	3.7424	1.4489	1.9416	6.5531	11.74
0.87094	3.7424	1.4489	1.9416	6.5531	11.74
0.86639	3.7424	1.444	1.9416	6.5531	11.74
0.86639	3.7424	1.444	1.9416	6.5531	11.74
0.86639	3.7424	1.444	1.9416	6.5531	11.74
0.86181	3.7425	1.4392	1.9416	6.5531	11.74
0.86181	3.7425	1.4392	1.9416	6.5531	11.74
0.85717	3.7426	1.4347	1.9416	6.5531	11.74
0.85717	3.7426	1.4347	1.9416	6.5531	11.74
0.85717	3.7426	1.4347	1.9416	6.5531	11.74
0.85259	3.7427	1.4297	1.9416	6.5531	11.74
0.85259	3.7427	1.4297	1.9416	6.5531	11.74
0.84838	3.7428	1.4246	1.9416	6.5531	11.74
0.84838	3.7428	1.4246	1.9416	6.5531	11.74
0.84838	3.7428	1.4246	1.9416	6.5531	11.74
0.8436	3.7428	1.42	1.9416	6.5531	11.74
0.8436	3.7428	1.42	1.9416	6.5531	11.74
0.83951	3.7428	1.4148	1.9416	6.5531	11.74
0.83951	3.7428	1.4148	1.9416	6.5531	11.74
0.83951	3.7428	1.4148	1.9416	6.5531	11.74
0.83522	3.7428	1.4102	1.9416	6.5531	11.74
0.83522	3.7428	1.4102	1.9416	6.5531	11.74
0.83127	3.7428	1.405	1.9416	6.5531	11.74
0.83127	3.7428	1.405	1.9416	6.5531	11.74
0.83127	3.7428	1.405	1.9416	6.5531	11.74
0.82754	3.7428	1.3998	1.9416	6.5531	11.74
0.82754	3.7428	1.3998	1.9416	6.5531	11.74
0.82325	3.7428	1.3946	1.9416	6.5531	11.74
0.82325	3.7428	1.3946	1.9416	6.5531	11.74
0.82325	3.7428	1.3946	1.9416	6.5531	11.74
0.81913	3.7429	1.3894	1.9416	6.5531	11.74
0.81913	3.7429	1.3894	1.9416	6.5531	11.74
0.81543	3.7429	1.3848	1.9416	6.5531	11.74
0.81543	3.7429	1.3848	1.9416	6.5531	11.74
0.81543	3.7429	1.3848	1.9416	6.5531	11.74
0.81123	3.743	1.3797	1.9416	6.5531	11.74
0.81123	3.743	1.3797	1.9416	6.5531	11.74
0.80703	3.743	1.3747	1.9416	6.5531	11.74
0.80703	3.743	1.3747	1.9416	6.5531	11.74
0.80703	3.743	1.3747	1.9416	6.5531	11.74
0.80287	3.743	1.3703	1.9416	6.5531	11.74
0.80287	3.743	1.3703	1.9416	6.5531	11.74
0.79785	3.7432	1.3653	1.9416	6.5531	11.74
0.79785	3.7432	1.3653	1.9416	6.5531	11.74
0.79785	3.7432	1.3653	1.9416	6.5531	11.74
0.79315	3.7433	1.3604	1.9416	6.5531	11.74
0.79315	3.7433	1.3604	1.9416	6.5531	11.74
0.78885	3.7434	1.3555	1.9416	6.5531	11.74
0.78885	3.7434	1.3555	1.9416	6.5531	11.74
0.78885	3.7434	1.3555	1.9416	6.5531	11.74
0.78413	3.7435	1.3512	1.9416	6.5531	11.74
0.78413	3.7435	1.3512	1.9416	6.5531	11.74
0.77936	3.7436	1.3464	1.9416	6.5531	11.74
0.77936	3.7436	1.3464	1.9416	6.5531	11.74
0.77936	3.7436	1.3464	1.9416	6.5531	11.74
0.77481	3.7437	1.3415	1.9416	6.5531	11.74
0.77481	3.7437	1.3415	1.9416	6.5531	11.74
0.77005	3.7437	1.3372	1.9416	6.5531	11.74
0.77005	3.7437	1.3372	1.9416	6.5531	11.74
0.77005	3.7437	1.3372	1.9416	6.5531	11.74
0.76597	3.7438	1.3325	1.9416	6.5531	11.74
0.76597	3.7438	1.3325	1.9416	6.5531	11.74
0.76149	3.7438	1.3277	1.9416	6.5531	11.74
0.76149	3.7438	1.3277	1.9416	6.5531	11.74
0.76149	3.7438	1.3277	1.9416	6.5531	11.74
0.75687	3.7438	1.3234	1.9416	6.5531	11.74
0.75687	3.7438	1.3234	1.9416	6.5531	11.74
0.75209	3.7438	1.3186	1.9416	6.5531	11.74
0.75209	3.7438	1.3186	1.9416	6.5531	11.74
0.75209	3.7438	1.3186	1.9416	6.5531	11.74
0.74772	3.7438	1.3138	1.9416	6.5531	11.74
0.74772	3.7438	1.3138	1.9416	6.5531	11.74
0.74399	3.7438	1.3091	1.9416	6.5531	11.74
0.74399	3.7438	1.3091	1.9416	6.5531	11.74
0.74399	3.7438	1.3091	1.9416	6.5531	11.74
0.73989	3.7438	1.3045	1.9416	6.5531	11.74
0.73989	3.7438	1.3045	1.9416	6.5531	11.74
0.73628	3.7438	1.2997	1.9416	6.5531	11.74
0.73628	3.7438	1.2997	1.9416	6.5531	11.74
0.73628	3.7438	1.2997	1.9416	6.5531	11.74
0.73204	3.7438	1.2951	1.9416	6.5531	11.741
0.73204	3.7438	1.2951	1.9416	6.5531	11.741
0.72793	3.7439	1.2911	1.9416	6.5531	11.74
0.72793	3.7439	1.2911	1.9416	6.5531	11.74
0.72793	3.7439	1.2911	1.9416	6.5531	11.74
0.72407	3.7439	1.2865	1.9416	6.5531	11.741
0.72407	3.7439	1.2865	1.9416	6.5531	11.741
0.71991	3.7439	1.282	1.9416	6.5531	11.741
0.71991	3.7439	1.282	1.9416	6.5531	11.741
0.71991	3.7439	1.282	1.9416	6.5531	11.741
0.71622	3.7439	1.2776	1.9416	6.5531	11.741
0.71622	3.7439	1.2776	1.9416	6.5531	11.741
0.71165	3.744	1.2737	1.9416	6.5531	11.741
0.71165	3.744	1.2737	1.9416	6.5531	11.741
0.71165	3.744	1.2737	1.9416	6.5531	11.741
0.70693	3.7441	1.2693	1.9416	6.5531	11.741
0.70693	3.7441	1.2693	1.9416	6.5531	11.741
0.70239	3.7441	1.2651	1.9416	6.5531	11.741
0.70239	3.7441	1.2651	1.9416	6.5531	11.741
0.70239	3.7441	1.2651	1.9416	6.5531	11.741
0.69746	3.7441	1.2608	1.9416	6.5531	11.741
0.69746	3.7441	1.2608	1.9416	6.5531	11.741
0.69289	3.7442	1.2571	1.9416	6.5531	11.741
0.69289	3.7442	1.2571	1.9416	6.5531	11.741
0.69289	3.7442	1.2571	1.9416	6.5531	11.741
0.6881	3.7442	1.2529	1.9416	6.5531	11.741
0.6881	3.7442	1.2529	1.9416	6.5531	11.741
0.68325	3.7443	1.2488	1.9416	6.5531	11.741
0.68325	3.7443	1.2488	1.9416	6.5531	11.741
0.68325	3.7443	1.2488	1.9416	6.5531	11.741
0.67893	3.7443	1.2447	1.9416	6.5531	11.741
0.67893	3.7443	1.2447	1.9416	6.5531	11.741
0.67425	3.7443	1.2411	1.9416	6.5531	11.741
0.67425	3.7443	1.2411	1.9416	6.5531	11.741
0.67425	3.7443	1.2411	1.9416	6.5531	11.741
0.67002	3.7443	1.2371	1.9416	6.5531	11.741
0.67002	3.7443	1.2371	1.9416	6.5531	11.741
0.66517	3.7443	1.2331	1.9416	6.5531	11.741
0.66517	3.7443	1.2331	1.9416	6.5531	11.741
0.66517	3.7443	1.2331	1.9416	6.5531	11.741
0.66087	3.7443	1.229	1.9416	6.5531	11.741
0.66087	3.7443	1.229	1.9416	6.5531	11.741
0.65628	3.7443	1.2249	1.9416	6.5531	11.741
0.65628	3.7443	1.2249	1.9416	6.5531	11.741
0.65628	3.7443	1.2249	1.9416	6.5531	11.741
0.65201	3.7443	1.221	1.9416	6.5531	11.741
0.65201	3.7443	1.221	1.9416	6.5531	11.741
0.64818	3.7443	1.2174	1.9416	6.5531	11.741
0.64818	3.7443	1.2174	1.9416	6.5531	11.741
0.64818	3.7443	1.2174	1.9416	6.5531	11.741
0.64386	3.7443	1.2135	1.9416	6.5531	11.741
0.64386	3.7443	1.2135	1.9416	6.5531	11.741
0.63945	3.7443	1.2096	1.9416	6.5531	11.741
0.63945	3.7443	1.2096	1.9416	6.5531	11.741
0.63945	3.7443	1.2096	1.9416	6.5531	11.741
0.63502	3.7444	1.2056	1.9416	6.5531	11.741
0.63502	3.7444	1.2056	1.9416	6.5531	11.741
0.63114	3.7444	1.2018	1.9416	6.553	11.741
0.63114	3.7444	1.2018	1.9416	6.553	11.741
0.63114	3.7444	1.2018	1.9416	6.553	11.741
0.62653	3.7444	1.1984	1.9416	6.553	11.741
0.62653	3.7444	1.1984	1.9416	6.553	11.741
0.62233	3.7444	1.1945	1.9416	6.553	11.741
0.62233	3.7444	1.1945	1.9416	6.553	11.741
0.62233	3.7444	1.1945	1.9416	6.553	11.741
0.61727	3.7444	1.1911	1.9416	6.553	11.741
0.61727	3.7444	1.1911	1.9416	6.553	11.741
0.61206	3.7444	1.1873	1.9416	6.5529	11.741
0.61206	3.7444	1.1873	1.9416	6.5529	11.741
0.61206	3.7444	1.1873	1.9416	6.5529	11.741
0.60745	3.7444	1.1835	1.9416	6.5527	11.741
0.60745	3.7444	1.1835	1.9416	6.5527	11.741
0.60233	3.7444	1.1801	1.9416	6.5524	11.741
0.60233	3.7444	1.1801	1.9416	6.5524	11.741
0.60233	3.7444	1.1801	1.9416	6.5524	11.741
0.59779	3.7444	1.1764	1.9416	6.5521	11.741
0.59779	3.7444	1.1764	1.9416	6.5521	11.741
0.59264	3.7444	1.1726	1.9416	6.5519	11.741
0.59264	3.7444	1.1726	1.9416	6.5519	11.741
0.59264	3.7444	1.1726	1.9416	6.5519	11.741
0.5874	3.7444	1.1692	1.9416	6.5518	11.741
0.5874	3.7444	1.1692	1.9416	6.5518	11.741
0.58287	3.7444	1.1653	1.9416	6.5515	11.741
0.58287	3.7444	1.1653	1.9416	6.5515	11.741
0.58287	3.7444	1.1653	1.9416	6.5515	11.741
0.5784	3.7444	1.1614	1.9416	6.551	11.741
0.5784	3.7444	1.1614	1.9416	6.551	11.741
0.57327	3.7444	1.1575	1.9416	6.5505	11.741
0.57327	3.7444	1.1575	1.9416	6.5505	11.741
0.57327	3.7444	1.1575	1.9416	6.5505	11.741
0.5688	3.7444	1.154	1.9416	6.55	11.741
0.5688	3.7444	1.154	1.9416	6.55	11.741
0.56419	3.7444	1.1501	1.9416	6.5495	11.741
0.56419	3.7444	1.1501	1.9416	6.5495	11.741
0.56419	3.7444	1.1501	1.9416	6.5495	11.741
0.55978	3.7444	1.1466	1.9416	6.5491	11.741
0.55978	3.7444	1.1466	1.9416	6.5491	11.741
0.55527	3.7444	1.1426	1.9416	6.5485	11.741
0.55527	3.7444	1.1426	1.9416	6.5485	11.741
0.55527	3.7444	1.1426	1.9416	6.5485	11.741
0.55121	3.7444	1.1386	1.9416	6.548	11.741
0.55121	3.7444	1.1386	1.9416	6.548	11.741
0.54666	3.7445	1.135	1.9416	6.5474	11.741
0.54666	3.7445	1.135	1.9416	6.5474	11.741
0.54666	3.7445	1.135	1.9416	6.5474	11.741
0.54206	3.7445	1.1311	1.9416	6.5468	11.741
0.54206	3.7445	1.1311	1.9416	6.5468	11.741
0.53793	3.7445	1.1272	1.9416	6.5461	11.741
0.53793	3.7445	1.1272	1.9416	6.5461	11.741
0.53793	3.7445	1.1272	1.9416	6.5461	11.741
0.53364	3.7445	1.1235	1.9416	6.5451	11.741
0.53364	3.7445	1.1235	1.9416	6.5451	11.741
0.52924	3.7445	1.12	1.9416	6.5437	11.741
0.52924	3.7445	1.12	1.9416	6.5437	11.741
0.52924	3.7445	1.12	1.9416	6.5437	11.741
0.52415	3.7445	1.1161	1.9416	6.5422	11.741
0.52415	3.7445	1.1161	1.9416	6.5422	11.741
0.51905	3.7445	1.1123	1.9416	6.5405	11.741
0.51905	3.7445	1.1123	1.9416	6.5405	11.741
0.51905	3.7445	1.1123	1.9416	6.5405	11.741
0.51464	3.7445	1.1087	1.9416	6.5386	11.741
0.51464	3.7445	1.1087	1.9416	6.5386	11.741
0.50975	3.7445	1.1054	1.9416	6.5365	11.741
0.50975	3.7445	1.1054	1.9416	6.5365	11.741
0.50975	3.7445	1.1054	1.9416	6.5365	11.741
0.5053	3.7445	1.1018	1.9416	6.5347	11.741
0.5053	3.7445	1.1018	1.9416	6.5347	11.741
0.50047	3.7446	1.0981	1.9416	6.5326	11.741
0.50047	3.7446	1.0981	1.9416	6.5326	11.741
0.50047	3.7446	1.0981	1.9416	6.5326	11.741
0.49594	3.7446	1.0944	1.9416	6.5306	11.741
0.49594	3.7446	1.0944	1.9416	6.5306	11.741
0.49131	3.7446	1.0907	1.9416	6.5287	11.741
0.49131	3.7446	1.0907	1.9416	6.5287	11.741
0.49131	3.7446	1.0907	1.9416	6.5287	11.741
0.48693	3.7446	1.0874	1.9416	6.5267	11.741
0.48693	3.7446	1.0874	1.9416	6.5267	11.741
0.4827	3.7446	1.0839	1.9416	6.5247	11.741
0.4827	3.7446	1.0839	1.9416	6.5247	11.741
0.4827	3.7446	1.0839	1.9416	6.5247	11.741
0.47793	3.7446	1.0803	1.9416	6.523	11.741
0.47793	3.7446	1.0803	1.9416	6.523	11.741
0.47343	3.7446	1.0771	1.9416	6.5213	11.741
0.47343	3.7446	1.0771	1.9416	6.5213	11.741
0.47343	3.7446	1.0771	1.9416	6.5213	11.741
0.46924	3.7446	1.0734	1.9416	6.5195	11.741
0.46924	3.7446	1.0734	1.9416	6.5195	11.741
0.46566	3.7447	1.0697	1.9416	6.5177	11.741
0.46566	3.7447	1.0697	1.9416	6.5177	11.741
0.46566	3.7447	1.0697	1.9416	6.5177	11.741
0.46147	3.7448	1.0661	1.9416	6.516	11.741
0.46147	3.7448	1.0661	1.9416	6.516	11.741
0.45729	3.7448	1.0629	1.9416	6.5145	11.741
0.45729	3.7448	1.0629	1.9416	6.5145	11.741
0.45729	3.7448	1.0629	1.9416	6.5145	11.741
0.45346	3.7448	1.0595	1.9416	6.5127	11.741
0.45346	3.7448	1.0595	1.9416	6.5127	11.741
0.44926	3.7449	1.0564	1.9416	6.5107	11.741
0.44926	3.7449	1.0564	1.9416	6.5107	11.741
0.44926	3.7449	1.0564	1.9416	6.5107	11.741
0.44534	3.745	1.0528	1.9416	6.5084	11.741
0.44534	3.745	1.0528	1.9416	6.5084	11.741
0.4412	3.7451	1.0494	1.9416	6.5061	11.741
0.4412	3.7451	1.0494	1.9416	6.5061	11.741
0.4412	3.7451	1.0494	1.9416	6.5061	11.741
0.43681	3.7453	1.0463	1.9416	6.5036	11.741
0.43681	3.7453	1.0463	1.9416	6.5036	11.741
0.43225	3.7454	1.043	1.9416	6.5011	11.741
0.43225	3.7454	1.043	1.9416	6.5011	11.741
0.43225	3.7454	1.043	1.9416	6.5011	11.741
0.42788	3.7454	1.0398	1.9416	6.4985	11.741
0.42788	3.7454	1.0398	1.9416	6.4985	11.741
0.424	3.7454	1.0369	1.9416	6.4963	11.741
0.424	3.7454	1.0369	1.9416	6.4963	11.741
0.424	3.7454	1.0369	1.9416	6.4963	11.741
0.42002	3.7454	1.0337	1.9416	6.4938	11.741
0.42002	3.7454	1.0337	1.9416	6.4938	11.741
0.41635	3.7455	1.0308	1.9416	6.4914	11.741
0.41635	3.7455	1.0308	1.9416	6.4914	11.741
0.41635	3.7455	1.0308	1.9416	6.4914	11.741
0.41192	3.7455	1.0275	1.9416	6.4892	11.741
0.41192	3.7455	1.0275	1.9416	6.4892	11.741
0.40776	3.7456	1.0245	1.9416	6.4867	11.741
0.40776	3.7456	1.0245	1.9416	6.4867	11.741
0.40776	3.7456	1.0245	1.9416	6.4867	11.741
0.40394	3.7457	1.0215	1.9416	6.4845	11.741
0.40394	3.7457	1.0215	1.9416	6.4845	11.741
0.40004	3.7457	1.0186	1.9416	6.4822	11.741
0.40004	3.7457	1.0186	1.9416	6.4822	11.741
0.40004	3.7457	1.0186	1.9416	6.4822	11.741
0.39678	3.7458	1.0162	1.9416	6.4801	11.741
0.39678	3.7458	1.0162	1.9416	6.4801	11.741
0.3929	3.7458	1.0133	1.9416	6.478	11.741
0.3929	3.7458	1.0133	1.9416	6.478	11.741
0.3929	3.7458	1.0133	1.9416	6.478	11.741
0.38956	3.7459	1.0107	1.9416	6.4762	11.741
0.38956	3.7459	1.0107	1.9416	6.4762	11.741
0.38575	3.746	1.0078	1.9416	6.4743	11.741
0.38575	3.746	1.0078	1.9416	6.4743	11.741
0.38575	3.746	1.0078	1.9416	6.4743	11.741
0.382	3.7461	1.0049	1.9416	6.4725	11.741
0.382	3.7461	1.0049	1.9416	6.4725	11.741
0.37839	3.7462	1.0022	1.9416	6.4708	11.741
0.37839	3.7462	1.0022	1.9416	6.4708	11.741
0.37839	3.7462	1.0022	1.9416	6.4708	11.741
0.3751	3.7463	0.9996	1.9416	6.4688	11.741
0.3751	3.7463	0.9996	1.9416	6.4688	11.741
0.37137	3.7464	0.99732	1.9416	6.4669	11.741
0.37137	3.7464	0.99732	1.9416	6.4669	11.741
0.37137	3.7464	0.99732	1.9416	6.4669	11.741
0.36777	3.7465	0.99492	1.9416	6.4649	11.741
0.36777	3.7465	0.99492	1.9416	6.4649	11.741
0.36349	3.7467	0.99253	1.9416	6.4629	11.741
0.36349	3.7467	0.99253	1.9416	6.4629	11.741
0.36349	3.7467	0.99253	1.9416	6.4629	11.741
0.35985	3.7468	0.99004	1.9416	6.461	11.741
0.35985	3.7468	0.99004	1.9416	6.461	11.741
0.35594	3.747	0.98787	1.9416	6.4591	11.741
0.35594	3.747	0.98787	1.9416	6.4591	11.741
0.35594	3.747	0.98787	1.9416	6.4591	11.741
0.35232	3.7471	0.98547	1.9416	6.4571	11.741
0.35232	3.7471	0.98547	1.9416	6.4571	11.741
0.34868	3.7474	0.98309	1.9416	6.4551	11.741
0.34868	3.7474	0.98309	1.9416	6.4551	11.741
0.34868	3.7474	0.98309	1.9416	6.4551	11.741
0.34512	3.7476	0.98089	1.9416	6.453	11.741
0.34512	3.7476	0.98089	1.9416	6.453	11.741
0.34105	3.7478	0.97885	1.9416	6.4512	11.741
0.34105	3.7478	0.97885	1.9416	6.4512	11.741
0.34105	3.7478	0.97885	1.9416	6.4512	11.741
0.33779	3.748	0.97681	1.9416	6.4493	11.741
0.33779	3.748	0.97681	1.9416	6.4493	11.741
0.33399	3.7483	0.97493	1.9416	6.4475	11.741
0.33399	3.7483	0.97493	1.9416	6.4475	11.741
0.33399	3.7483	0.97493	1.9416	6.4475	11.741
0.33072	3.7486	0.9728	1.9416	6.446	11.741
0.33072	3.7486	0.9728	1.9416	6.446	11.741
0.32787	3.7489	0.97089	1.9416	6.4443	11.741
0.32787	3.7489	0.97089	1.9416	6.4443	11.741
0.32787	3.7489	0.97089	1.9416	6.4443	11.741
0.32465	3.7493	0.96871	1.9416	6.4427	11.741
0.32465	3.7493	0.96871	1.9416	6.4427	11.741
0.32168	3.7496	0.96647	1.9416	6.4411	11.741
0.32168	3.7496	0.96647	1.9416	6.4411	11.741
0.32168	3.7496	0.96647	1.9416	6.4411	11.741
0.3184	3.7501	0.9643	1.9416	6.4395	11.741
0.3184	3.7501	0.9643	1.9416	6.4395	11.741
0.3154	3.7506	0.96213	1.9416	6.4381	11.741
0.3154	3.7506	0.96213	1.9416	6.4381	11.741
0.3154	3.7506	0.96213	1.9416	6.4381	11.741
0.31255	3.7513	0.96022	1.9416	6.4366	11.741
0.31255	3.7513	0.96022	1.9416	6.4366	11.741
0.30962	3.7519	0.95814	1.9416	6.4351	11.741
0.30962	3.7519	0.95814	1.9416	6.4351	11.741
0.30962	3.7519	0.95814	1.9416	6.4351	11.741
0.30687	3.7525	0.95621	1.9416	6.4336	11.741
0.30687	3.7525	0.95621	1.9416	6.4336	11.741
0.30442	3.7531	0.9542	1.9416	6.4323	11.741
0.30442	3.7531	0.9542	1.9416	6.4323	11.741
0.30442	3.7531	0.9542	1.9416	6.4323	11.741
0.30201	3.7539	0.95239	1.9416	6.4307	11.741
0.30201	3.7539	0.95239	1.9416	6.4307	11.741
0.29921	3.7545	0.95035	1.9416	6.4292	11.741
0.29921	3.7545	0.95035	1.9416	6.4292	11.741
0.29921	3.7545	0.95035	1.9416	6.4292	11.741
0.29642	3.7554	0.94823	1.9416	6.4279	11.741
0.29642	3.7554	0.94823	1.9416	6.4279	11.741
0.29374	3.7563	0.9462	1.9416	6.4264	11.741
0.29374	3.7563	0.9462	1.9416	6.4264	11.741
0.29374	3.7563	0.9462	1.9416	6.4264	11.741
0.29374	3.7563	0.9462	1.9416	6.4264	11.741
0.29374	3.7563	0.9462	1.9416	6.4264	11.741
0.28887	3.7583	0.9417	1.9416	6.4235	11.741
0.28887	3.7583	0.9417	1.9416	6.4235	11.741
0.28887	3.7583	0.9417	1.9416	6.4235	11.741
0.28655	3.7593	0.9395	1.9417	6.4221	11.741
0.28655	3.7593	0.9395	1.9417	6.4221	11.741
0.28452	3.7605	0.93732	1.9417	6.4208	11.741
0.28452	3.7605	0.93732	1.9417	6.4208	11.741
0.28452	3.7605	0.93732	1.9417	6.4208	11.741
0.28237	3.7617	0.93523	1.9417	6.4197	11.741
0.28237	3.7617	0.93523	1.9417	6.4197	11.741
0.28024	3.7629	0.93332	1.9417	6.4183	11.741
0.28024	3.7629	0.93332	1.9417	6.4183	11.741
0.28024	3.7629	0.93332	1.9417	6.4183	11.741
0.27818	3.764	0.93159	1.9417	6.4169	11.741
0.27818	3.764	0.93159	1.9417	6.4169	11.741
0.27578	3.7652	0.92956	1.9419	6.4153	11.741
0.27578	3.7652	0.92956	1.9419	6.4153	11.741
0.27578	3.7652	0.92956	1.9419	6.4153	11.741
0.27336	3.7664	0.92769	1.9421	6.4137	11.741
0.27336	3.7664	0.92769	1.9421	6.4137	11.741
0.271	3.7676	0.92589	1.9424	6.4117	11.741
0.271	3.7676	0.92589	1.9424	6.4117	11.741
0.271	3.7676	0.92589	1.9424	6.4117	11.741
0.26866	3.7687	0.92385	1.9429	6.4097	11.741
0.26866	3.7687	0.92385	1.9429	6.4097	11.741
0.26628	3.7699	0.92176	1.9438	6.4078	11.742
0.26628	3.7699	0.92176	1.9438	6.4078	11.742
0.26628	3.7699	0.92176	1.9438	6.4078	11.742
0.26384	3.7712	0.91975	1.945	6.4061	11.742
0.26384	3.7712	0.91975	1.945	6.4061	11.742
0.26166	3.7724	0.91775	1.9463	6.4042	11.743
0.26166	3.7724	0.91775	1.9463	6.4042	11.743
0.26166	3.7724	0.91775	1.9463	6.4042	11.743
0.25959	3.7735	0.91587	1.9478	6.4025	11.743
0.25959	3.7735	0.91587	1.9478	6.4025	11.743
0.25756	3.7746	0.91422	1.9492	6.4006	11.744
0.25756	3.7746	0.91422	1.9492	6.4006	11.744
0.25756	3.7746	0.91422	1.9492	6.4006	11.744
0.25521	3.7758	0.91238	1.9507	6.3988	11.744
0.25521	3.7758	0.91238	1.9507	6.3988	11.744
0.2527	3.7771	0.91064	1.9522	6.3971	11.744
0.2527	3.7771	0.91064	1.9522	6.3971	11.744
0.2527	3.7771	0.91064	1.9522	6.3971	11.744
0.25041	3.7783	0.90871	1.9535	6.3955	11.745
0.25041	3.7783	0.90871	1.9535	6.3955	11.745
0.24808	3.7795	0.90695	1.9548	6.3939	11.745
0.24808	3.7795	0.90695	1.9548	6.3939	11.745
0.24808	3.7795	0.90695	1.9548	6.3939	11.745
0.24576	3.7809	0.90498	1.9561	6.3923	11.745
0.24576	3.7809	0.90498	1.9561	6.3923	11.745
0.24363	3.7822	0.90297	1.9573	6.3909	11.746
0.24363	3.7822	0.90297	1.9573	6.3909	11.746
0.24363	3.7822	0.90297	1.9573	6.3909	11.746
0.24177	3.7834	0.90095	1.9586	6.3895	11.746
0.24177	3.7834	0.90095	1.9586	6.3895	11.746
0.23994	3.7847	0.89884	1.9599	6.3882	11.747
0.23994	3.7847	0.89884	1.9599	6.3882	11.747
0.23994	3.7847	0.89884	1.9599	6.3882	11.747
0.23819	3.7858	0.89694	1.9611	6.3869	11.747
0.23819	3.7858	0.89694	1.9611	6.3869	11.747
0.23669	3.7869	0.8948	1.9624	6.3858	11.747
0.23669	3.7869	0.8948	1.9624	6.3858	11.747
0.23669	3.7869	0.8948	1.9624	6.3858	11.747
0.23513	3.788	0.89266	1.9635	6.3845	11.748
0.23513	3.788	0.89266	1.9635	6.3845	11.748
0.23355	3.7891	0.89051	1.9645	6.3835	11.748
0.23355	3.7891	0.89051	1.9645	6.3835	11.748
0.23355	3.7891	0.89051	1.9645	6.3835	11.748
0.23178	3.7901	0.88844	1.9653	6.3824	11.748
0.23178	3.7901	0.88844	1.9653	6.3824	11.748
0.22988	3.7911	0.88654	1.9661	6.3815	11.748
0.22988	3.7911	0.88654	1.9661	6.3815	11.748
0.22988	3.7911	0.88654	1.9661	6.3815	11.748
0.22801	3.792	0.88459	1.9669	6.3807	11.749
0.22801	3.792	0.88459	1.9669	6.3807	11.749
0.2263	3.7929	0.88243	1.9676	6.3802	11.749
0.2263	3.7929	0.88243	1.9676	6.3802	11.749
0.2263	3.7929	0.88243	1.9676	6.3802	11.749
0.22451	3.7938	0.8805	1.9683	6.3795	11.749
0.22451	3.7938	0.8805	1.9683	6.3795	11.749
0.22282	3.7946	0.87827	1.9691	6.3789	11.749
0.22282	3.7946	0.87827	1.9691	6.3789	11.749
0.22282	3.7946	0.87827	1.9691	6.3789	11.749
0.22123	3.7954	0.87604	1.9698	6.3783	11.75
0.22123	3.7954	0.87604	1.9698	6.3783	11.75
0.21952	3.7963	0.8737	1.9707	6.3777	11.75
0.21952	3.7963	0.8737	1.9707	6.3777	11.75
0.21952	3.7963	0.8737	1.9707	6.3777	11.75
0.21808	3.7973	0.87161	1.9715	6.3771	11.75
0.21808	3.7973	0.87161	1.9715	6.3771	11.75
0.2165	3.7981	0.8693	1.9723	6.3764	11.75
0.2165	3.7981	0.8693	1.9723	6.3764	11.75
0.2165	3.7981	0.8693	1.9723	6.3764	11.75
0.21506	3.799	0.86701	1.9732	6.3757	11.751
0.21506	3.799	0.86701	1.9732	6.3757	11.751
0.21356	3.7999	0.86485	1.9739	6.3751	11.751
0.21356	3.7999	0.86485	1.9739	6.3751	11.751
0.21356	3.7999	0.86485	1.9739	6.3751	11.751
0.21203	3.8008	0.86273	1.9748	6.3744	11.751
0.21203	3.8008	0.86273	1.9748	6.3744	11.751
0.2105	3.8015	0.86083	1.9757	6.374	11.751
0.2105	3.8015	0.86083	1.9757	6.374	11.751
0.2105	3.8015	0.86083	1.9757	6.374	11.751
0.209	3.8023	0.85872	1.9766	6.3736	11.752
0.209	3.8023	0.85872	1.9766	6.3736	11.752
0.20728	3.8031	0.85656	1.9777	6.3733	11.752
0.20728	3.8031	0.85656	1.9777	6.3733	11.752
0.20728	3.8031	0.85656	1.9777	6.3733	11.752
0.20564	3.8039	0.85455	1.9788	6.3731	11.752
0.20564	3.8039	0.85455	1.9788	6.3731	11.752
0.20391	3.8047	0.85227	1.9799	6.3728	11.752
0.20391	3.8047	0.85227	1.9799	6.3728	11.752
0.20391	3.8047	0.85227	1.9799	6.3728	11.752
0.20225	3.8055	0.84996	1.9812	6.3725	11.752
0.20225	3.8055	0.84996	1.9812	6.3725	11.752
0.20072	3.8064	0.84792	1.9824	6.3723	11.752
0.20072	3.8064	0.84792	1.9824	6.3723	11.752
0.20072	3.8064	0.84792	1.9824	6.3723	11.752
0.19914	3.8072	0.84573	1.9835	6.3721	11.752
0.19914	3.8072	0.84573	1.9835	6.3721	11.752
0.19757	3.808	0.84362	1.9848	6.3719	11.753
0.19757	3.808	0.84362	1.9848	6.3719	11.753
0.19757	3.808	0.84362	1.9848	6.3719	11.753
0.19609	3.8088	0.8416	1.986	6.3716	11.753
0.19609	3.8088	0.8416	1.986	6.3716	11.753
0.19474	3.8095	0.83962	1.9871	6.3713	11.753
0.19474	3.8095	0.83962	1.9871	6.3713	11.753
0.19474	3.8095	0.83962	1.9871	6.3713	11.753
0.1935	3.8104	0.83764	1.9883	6.371	11.753
0.1935	3.8104	0.83764	1.9883	6.371	11.753
0.19203	3.8111	0.83585	1.9896	6.3706	11.753
0.19203	3.8111	0.83585	1.9896	6.3706	11.753
0.19203	3.8111	0.83585	1.9896	6.3706	11.753
0.19082	3.8119	0.83378	1.9908	6.3702	11.753
0.19082	3.8119	0.83378	1.9908	6.3702	11.753
0.18943	3.8128	0.8317	1.992	6.3698	11.753
0.18943	3.8128	0.8317	1.992	6.3698	11.753
0.18943	3.8128	0.8317	1.992	6.3698	11.753
0.18809	3.8137	0.82958	1.9929	6.3695	11.753
0.18809	3.8137	0.82958	1.9929	6.3695	11.753
0.18669	3.8147	0.82745	1.994	6.3693	11.753
0.18669	3.8147	0.82745	1.994	6.3693	11.753
0.18669	3.8147	0.82745	1.994	6.3693	11.753
0.18531	3.8157	0.82539	1.9951	6.3691	11.753
0.18531	3.8157	0.82539	1.9951	6.3691	11.753
0.1837	3.8169	0.82355	1.9963	6.3689	11.754
0.1837	3.8169	0.82355	1.9963	6.3689	11.754
0.1837	3.8169	0.82355	1.9963	6.3689	11.754
0.18232	3.8179	0.82158	1.9974	6.3688	11.754
0.18232	3.8179	0.82158	1.9974	6.3688	11.754
0.18085	3.819	0.81968	1.9989	6.3688	11.754
0.18085	3.819	0.81968	1.9989	6.3688	11.754
0.18085	3.819	0.81968	1.9989	6.3688	11.754
0.17943	3.8202	0.81788	2.0003	6.3688	11.754
0.17943	3.8202	0.81788	2.0003	6.3688	11.754
0.178	3.8213	0.81633	2.0017	6.3688	11.754
0.178	3.8213	0.81633	2.0017	6.3688	11.754
0.178	3.8213	0.81633	2.0017	6.3688	11.754
0.17674	3.8226	0.81458	2.003	6.3687	11.754
