5.5674 3.6197 3.8356 4.8819 2.8161 4.19 3.1473
5.5569 3.6192 3.8324 4.8838 2.8159 4.1974 3.1457
5.5464 3.6188 3.829 4.8856 2.8156 4.2047 3.1441
5.5358 3.6186 3.8256 4.8873 2.8153 4.2118 3.1425
5.5251 3.6186 3.8221 4.8889 2.8149 4.2188 3.1409
5.5144 3.6186 3.8185 4.8903 2.8145 4.2256 3.1392
5.5036 3.6189 3.8148 4.8915 2.814 4.2323 3.1376
5.4928 3.6192 3.811 4.8926 2.8134 4.2388 3.136
5.4819 3.6197 3.8071 4.8935 2.8128 4.2451 3.1343
5.471 3.6203 3.8031 4.8943 2.8121 4.2513 3.1327
5.46 3.6211 3.799 4.8949 2.8113 4.2573 3.1311
5.449 3.622 3.7948 4.8954 2.8105 4.2632 3.1295
5.4379 3.623 3.7906 4.8957 2.8096 4.2689 3.1278
5.4268 3.6241 3.7862 4.8958 2.8086 4.2744 3.1262
5.4156 3.6254 3.7818 4.8958 2.8076 4.2798 3.1246
5.4044 3.6268 3.7773 4.8956 2.8065 4.285 3.1229
5.3932 3.6283 3.7727 4.8952 2.8054 4.29 3.1213
5.382 3.6299 3.768 4.8946 2.8042 4.2948 3.1196
5.3707 3.6316 3.7633 4.8939 2.8029 4.2995 3.118
5.3594 3.6334 3.7585 4.893 2.8016 4.304 3.1163
5.3481 3.6353 3.7536 4.8919 2.8003 4.3084 3.1147
5.3369 3.6373 3.7487 4.8906 2.7988 4.3125 3.113
5.3256 3.6394 3.7437 4.8892 2.7974 4.3165 3.1114
5.3143 3.6416 3.7387 4.8876 2.7959 4.3203 3.1097
5.303 3.6439 3.7336 4.8858 2.7943 4.324 3.1081
5.2918 3.6463 3.7285 4.8839 2.7927 4.3275 3.1064
5.2806 3.6487 3.7234 4.8817 2.7911 4.3308 3.1047
5.2694 3.6512 3.7182 4.8794 2.7894 4.3339 3.1031
5.2582 3.6539 3.713 4.877 2.7877 4.3369 3.1014
5.247 3.6565 3.7077 4.8743 2.786 4.3397 3.0997
5.2359 3.6593 3.7024 4.8715 2.7842 4.3423 3.098
5.2248 3.6621 3.6971 4.8684 2.7824 4.3447 3.0963
5.2138 3.665 3.6918 4.8652 2.7805 4.347 3.0947
5.2028 3.668 3.6864 4.8619 2.7786 4.3491 3.093
5.1919 3.671 3.681 4.8583 2.7767 4.351 3.0913
5.181 3.6741 3.6756 4.8545 2.7747 4.3527 3.0896
5.1701 3.6772 3.6702 4.8506 2.7727 4.3542 3.0879
5.1594 3.6804 3.6648 4.8465 2.7707 4.3556 3.0862
5.1487 3.6837 3.6594 4.8422 2.7687 4.3568 3.0844
5.138 3.687 3.654 4.8377 2.7666 4.3578 3.0827
5.1275 3.6904 3.6485 4.8331 2.7645 4.3586 3.081
5.117 3.6938 3.6431 4.8283 2.7624 4.3592 3.0793
5.1066 3.6973 3.6377 4.8233 2.7603 4.3597 3.0775
5.0963 3.7009 3.6323 4.8181 2.7582 4.36 3.0758
5.0861 3.7045 3.627 4.8128 2.7561 4.3601 3.074
5.076 3.7081 3.6216 4.8072 2.7539 4.36 3.0723
5.0661 3.7119 3.6163 4.8016 2.7518 4.3597 3.0705
5.0562 3.7156 3.6111 4.7957 2.7496 4.3593 3.0688
5.0465 3.7195 3.6058 4.7897 2.7475 4.3586 3.067
5.0369 3.7234 3.6006 4.7835 2.7453 4.3578 3.0652
5.0274 3.7273 3.5955 4.7771 2.7432 4.3568 3.0634
5.018 3.7313 3.5904 4.7706 2.741 4.3556 3.0617
5.0088 3.7353 3.5854 4.764 2.7389 4.3542 3.0599
4.9998 3.7395 3.5804 4.7572 2.7368 4.3527 3.0581
4.9909 3.7436 3.5755 4.7502 2.7347 4.3509 3.0563
4.9821 3.7478 3.5706 4.7431 2.7327 4.349 3.0545
4.9735 3.7521 3.5658 4.7359 2.7306 4.347 3.0526
4.965 3.7564 3.5611 4.7286 2.7286 4.3448 3.0508
4.9566 3.7607 3.5564 4.7212 2.7265 4.3424 3.049
4.9485 3.7651 3.5518 4.7136 2.7245 4.3399 3.0471
4.9404 3.7696 3.5472 4.706 2.7226 4.3372 3.0453
4.9326 3.7741 3.5427 4.6983 2.7206 4.3345 3.0434
4.9248 3.7786 3.5383 4.6905 2.7187 4.3315 3.0416
4.9172 3.7832 3.5339 4.6826 2.7168 4.3285 3.0397
4.9098 3.7878 3.5296 4.6746 2.715 4.3253 3.0378
4.9025 3.7924 3.5253 4.6666 2.7131 4.322 3.036
4.8954 3.7971 3.5211 4.6585 2.7113 4.3186 3.0341
4.8884 3.8018 3.517 4.6504 2.7096 4.3151 3.0322
4.8815 3.8066 3.5129 4.6422 2.7078 4.3115 3.0303
4.8748 3.8114 3.5089 4.634 2.7061 4.3077 3.0284
4.8683 3.8162 3.5049 4.6257 2.7045 4.3039 3.0265
4.8619 3.821 3.501 4.6174 2.7028 4.3 3.0245
4.8556 3.8259 3.4972 4.6091 2.7012 4.296 3.0226
4.8495 3.8308 3.4934 4.6008 2.6997 4.2919 3.0207
4.8435 3.8357 3.4897 4.5925 2.6982 4.2878 3.0187
4.8377 3.8406 3.4861 4.5841 2.6967 4.2835 3.0168
4.832 3.8456 3.4825 4.5758 2.6952 4.2792 3.0148
4.8265 3.8505 3.4789 4.5675 2.6938 4.2749 3.0128
4.8211 3.8555 3.4754 4.5591 2.6925 4.2705 3.0108
4.8158 3.8605 3.472 4.5508 2.6911 4.266 3.0088
4.8107 3.8655 3.4686 4.5425 2.6898 4.2615 3.0068
4.8057 3.8706 3.4653 4.5342 2.6886 4.2569 3.0048
4.8008 3.8756 3.4621 4.526 2.6874 4.2523 3.0028
4.7961 3.8806 3.4588 4.5178 2.6862 4.2476 3.0008
4.7915 3.8856 3.4557 4.5096 2.6851 4.243 2.9988
4.7871 3.8907 3.4526 4.5014 2.684 4.2383 2.9967
4.7828 3.8957 3.4495 4.4934 2.683 4.2335 2.9947
4.7786 3.9007 3.4466 4.4853 2.682 4.2288 2.9926
4.7745 3.9057 3.4436 4.4773 2.6811 4.224 2.9906
4.7706 3.9107 3.4407 4.4694 2.6801 4.2193 2.9885
4.7667 3.9157 3.4379 4.4616 2.6793 4.2145 2.9864
4.763 3.9207 3.4351 4.4538 2.6785 4.2097 2.9843
4.7595 3.9256 3.4323 4.446 2.6777 4.2049 2.9822
4.756 3.9305 3.4296 4.4384 2.677 4.2002 2.9801
4.7527 3.9354 3.4269 4.4308 2.6763 4.1954 2.978
4.7494 3.9403 3.4243 4.4233 2.6756 4.1907 2.9759
4.7463 3.9452 3.4217 4.4159 2.675 4.1859 2.9737
4.7433 3.95 3.4192 4.4086 2.6745 4.1812 2.9716
4.7404 3.9548 3.4167 4.4014 2.6739 4.1765 2.9694
4.7376 3.9595 3.4142 4.3942 2.6735 4.1719 2.9673
4.7349 3.9642 3.4118 4.3872 2.673 4.1673 2.9651
4.7322 3.9689 3.4094 4.3802 2.6727 4.1627 2.9629
4.7297 3.9736 3.4071 4.3734 2.6723 4.1581 2.9607
4.7273 3.9782 3.4047 4.3667 2.672 4.1536 2.9585
4.725 3.9827 3.4025 4.36 2.6718 4.1492 2.9563
4.7228 3.9872 3.4002 4.3535 2.6715 4.1448 2.9541
4.7206 3.9916 3.398 4.3471 2.6714 4.1405 2.9519
4.7186 3.996 3.3958 4.3409 2.6712 4.1362 2.9496
4.7166 4.0003 3.3936 4.3348 2.6712 4.132 2.9474
4.7147 4.0046 3.3915 4.3288 2.6711 4.1279 2.9451
4.7128 4.0087 3.3893 4.323 2.6711 4.1239 2.9429
4.711 4.0128 3.3872 4.3173 2.6712 4.12 2.9406
4.7093 4.0168 3.3851 4.3118 2.6712 4.1162 2.9383
4.7077 4.0208 3.383 4.3064 2.6714 4.1125 2.936
4.7061 4.0246 3.381 4.3012 2.6715 4.1089 2.9337
4.7045 4.0284 3.3789 4.2961 2.6717 4.1054 2.9314
4.7031 4.0321 3.3769 4.2913 2.672 4.102 2.9291
4.7017 4.0356 3.3749 4.2866 2.6723 4.0988 2.9268
4.7004 4.0391 3.373 4.2821 2.6727 4.0957 2.9244
4.6992 4.0425 3.371 4.2778 2.6731 4.0927 2.9221
4.6981 4.0458 3.3692 4.2737 2.6736 4.0899 2.9198
4.697 4.049 3.3673 4.2698 2.6742 4.0872 2.9174
4.696 4.0521 3.3655 4.266 2.6747 4.0846 2.915
4.695 4.0552 3.3637 4.2624 2.6754 4.0821 2.9126
4.6941 4.0581 3.3619 4.2589 2.676 4.0796 2.9103
4.6933 4.061 3.3601 4.2555 2.6767 4.0773 2.9079
4.6925 4.0639 3.3583 4.2523 2.6774 4.075 2.9055
4.6918 4.0666 3.3566 4.2491 2.6782 4.0728 2.903
4.6911 4.0694 3.3548 4.246 2.679 4.0707 2.9006
4.6904 4.0721 3.3531 4.243 2.6798 4.0685 2.8982
4.6898 4.0748 3.3514 4.2401 2.6807 4.0664 2.8957
4.6893 4.0774 3.3497 4.2372 2.6815 4.0643 2.8933
4.6888 4.08 3.3481 4.2344 2.6824 4.0623 2.8908
4.6884 4.0826 3.3464 4.2317 2.6833 4.0603 2.8884
4.688 4.0851 3.3448 4.229 2.6843 4.0583 2.8859
4.6876 4.0876 3.3432 4.2264 2.6853 4.0563 2.8834
4.6873 4.0901 3.3416 4.2239 2.6863 4.0544 2.8809
4.687 4.0925 3.34 4.2214 2.6873 4.0526 2.8784
4.6868 4.0949 3.3384 4.219 2.6883 4.0508 2.8759
4.6865 4.0972 3.3369 4.2167 2.6894 4.049 2.8734
4.6864 4.0994 3.3353 4.2145 2.6905 4.0473 2.8709
4.6862 4.1016 3.3338 4.2125 2.6916 4.0457 2.8683
4.6861 4.1038 3.3322 4.2105 2.6928 4.0442 2.8658
4.686 4.1058 3.3307 4.2086 2.6939 4.0427 2.8632
4.6859 4.1078 3.3292 4.2068 2.6951 4.0414 2.8607
4.6858 4.1098 3.3277 4.2052 2.6964 4.0401 2.8581
4.6858 4.1117 3.3262 4.2036 2.6976 4.0388 2.8555
4.6859 4.1135 3.3247 4.2021 2.6989 4.0377 2.8529
4.6859 4.1153 3.3232 4.2007 2.7002 4.0365 2.8503
4.686 4.1171 3.3218 4.1993 2.7015 4.0355 2.8477
4.6861 4.1188 3.3203 4.198 2.7028 4.0344 2.8451
4.6862 4.1205 3.3189 4.1968 2.7042 4.0334 2.8425
4.6864 4.1221 3.3175 4.1956 2.7056 4.0325 2.8399
4.6865 4.1237 3.3161 4.1945 2.7069 4.0315 2.8373
4.6867 4.1253 3.3147 4.1934 2.7084 4.0307 2.8346
4.6869 4.1268 3.3133 4.1924 2.7098 4.0298 2.832
4.6872 4.1283 3.3119 4.1914 2.7112 4.0289 2.8293
4.6874 4.1298 3.3105 4.1904 2.7127 4.0281 2.8267
4.6877 4.1312 3.3092 4.1895 2.7141 4.0274 2.824
4.688 4.1326 3.3078 4.1886 2.7156 4.0266 2.8213
4.6883 4.134 3.3065 4.1878 2.7171 4.0259 2.8186
4.6886 4.1354 3.3052 4.187 2.7186 4.0251 2.816
4.689 4.1367 3.3039 4.1862 2.7201 4.0244 2.8133
4.6893 4.138 3.3025 4.1855 2.7217 4.0238 2.8106
4.6897 4.1393 3.3012 4.1847 2.7232 4.0231 2.8078
4.6901 4.1406 3.3 4.184 2.7248 4.0224 2.8051
4.6905 4.1418 3.2987 4.1832 2.7263 4.0217 2.8024
4.6909 4.1431 3.2974 4.1825 2.7279 4.0211 2.7997
4.6913 4.1443 3.2961 4.1819 2.7295 4.0204 2.7969
4.6917 4.1455 3.2949 4.1812 2.7311 4.0198 2.7942
4.6921 4.1467 3.2936 4.1806 2.7327 4.0192 2.7914
4.6926 4.1478 3.2924 4.1799 2.7343 4.0186 2.7887
4.693 4.1489 3.2912 4.1793 2.7359 4.018 2.7859
4.6934 4.1501 3.2899 4.1787 2.7375 4.0174 2.7832
4.6939 4.1512 3.2887 4.1782 2.7391 4.0168 2.7804
4.6943 4.1522 3.2875 4.1776 2.7408 4.0163 2.7776
4.6948 4.1533 3.2863 4.177 2.7424 4.0157 2.7748
4.6953 4.1544 3.2851 4.1765 2.7441 4.0152 2.772
4.6957 4.1554 3.2839 4.1759 2.7457 4.0147 2.7692
4.6962 4.1564 3.2827 4.1754 2.7474 4.0141 2.7664
4.6967 4.1574 3.2815 4.1749 2.7491 4.0136 2.7636
4.6971 4.1584 3.2803 4.1744 2.7507 4.0131 2.7608
4.6976 4.1594 3.2792 4.1739 2.7524 4.0126 2.758
4.6981 4.1603 3.278 4.1734 2.7541 4.0121 2.7551
4.6985 4.1613 3.2769 4.1729 2.7558 4.0117 2.7523
4.699 4.1622 3.2757 4.1724 2.7575 4.0112 2.7495
4.6995 4.1632 3.2745 4.1719 2.7592 4.0107 2.7466
4.6999 4.1641 3.2734 4.1714 2.7609 4.0102 2.7438
4.7004 4.165 3.2723 4.1709 2.7626 4.0098 2.7409
4.7008 4.166 3.2711 4.1704 2.7643 4.0093 2.7381
4.7013 4.1669 3.27 4.1699 2.766 4.0088 2.7352
4.7017 4.1678 3.2689 4.1694 2.7678 4.0083 2.7324
4.7022 4.1687 3.2678 4.1689 2.7695 4.0078 2.7295
4.7027 4.1696 3.2667 4.1684 2.7712 4.0073 2.7266
4.7031 4.1705 3.2656 4.1679 2.773 4.0069 2.7237
4.7036 4.1714 3.2645 4.1673 2.7747 4.0064 2.7209
4.704 4.1722 3.2634 4.1668 2.7765 4.006 2.718
4.7045 4.1731 3.2623 4.1663 2.7782 4.0055 2.7151
4.7049 4.1739 3.2613 4.1659 2.78 4.0051 2.7122
4.7054 4.1748 3.2602 4.1654 2.7817 4.0047 2.7093
4.7058 4.1756 3.2592 4.1649 2.7835 4.0043 2.7064
4.7062 4.1764 3.2581 4.1645 2.7853 4.0039 2.7035
4.7067 4.1772 3.2571 4.164 2.787 4.0035 2.7006
4.7071 4.178 3.2561 4.1636 2.7888 4.0031 2.6976
4.7075 4.1788 3.255 4.1632 2.7906 4.0028 2.6947
4.708 4.1795 3.254 4.1627 2.7924 4.0025 2.6918
4.7084 4.1803 3.253 4.1623 2.7942 4.0022 2.6889
4.7088 4.181 3.252 4.162 2.796 4.0019 2.6859
4.7092 4.1817 3.251 4.1616 2.7978 4.0016 2.683
4.7096 4.1825 3.25 4.1612 2.7996 4.0014 2.6801
4.71 4.1832 3.249 4.1608 2.8014 4.0011 2.6771
4.7104 4.1839 3.248 4.1605 2.8033 4.0009 2.6742
4.7108 4.1846 3.247 4.1602 2.8051 4.0007 2.6713
4.7112 4.1852 3.2461 4.1598 2.8069 4.0005 2.6683
4.7116 4.1859 3.2451 4.1595 2.8088 4.0003 2.6654
4.712 4.1866 3.2441 4.1592 2.8106 4.0001 2.6624
4.7124 4.1873 3.2432 4.1588 2.8124 3.9999 2.6595
4.7128 4.1879 3.2422 4.1585 2.8143 3.9997 2.6565
4.7131 4.1886 3.2413 4.1582 2.8161 3.9996 2.6536
4.7135 4.1892 3.2404 4.1579 2.818 3.9994 2.6506
4.7139 4.1899 3.2394 4.1576 2.8198 3.9993 2.6476
4.7142 4.1905 3.2385 4.1573 2.8217 3.9991 2.6447
4.7146 4.1912 3.2376 4.1569 2.8236 3.999 2.6417
4.7149 4.1918 3.2366 4.1566 2.8254 3.9989 2.6387
4.7153 4.1925 3.2357 4.1563 2.8273 3.9988 2.6358
4.7156 4.1931 3.2348 4.156 2.8292 3.9987 2.6328
4.7159 4.1938 3.2339 4.1557 2.831 3.9985 2.6298
4.7163 4.1944 3.233 4.1554 2.8329 3.9984 2.6268
4.7166 4.195 3.2321 4.155 2.8348 3.9983 2.6239
4.7169 4.1957 3.2312 4.1547 2.8367 3.9982 2.6209
4.7172 4.1963 3.2303 4.1544 2.8386 3.9981 2.6179
4.7176 4.197 3.2294 4.1541 2.8404 3.998 2.6149
4.7179 4.1976 3.2285 4.1537 2.8423 3.9979 2.612
4.7182 4.1982 3.2276 4.1534 2.8442 3.9978 2.609
4.7185 4.1989 3.2268 4.1531 2.8461 3.9978 2.606
4.7188 4.1995 3.2259 4.1528 2.848 3.9977 2.603
4.7191 4.2002 3.225 4.1524 2.8499 3.9976 2.6
4.7194 4.2008 3.2241 4.1521 2.8518 3.9975 2.597
4.7197 4.2014 3.2233 4.1518 2.8537 3.9974 2.594
4.72 4.2021 3.2224 4.1514 2.8556 3.9973 2.5911
4.7203 4.2027 3.2215 4.1511 2.8575 3.9973 2.5881
4.7206 4.2034 3.2207 4.1508 2.8594 3.9972 2.5851
4.7209 4.204 3.2198 4.1504 2.8613 3.9971 2.5821
4.7212 4.2047 3.219 4.1501 2.8632 3.997 2.5791
4.7215 4.2053 3.2181 4.1497 2.8651 3.997 2.5761
4.7217 4.2059 3.2172 4.1494 2.867 3.9969 2.5731
4.722 4.2066 3.2164 4.1491 2.8689 3.9968 2.5701
4.7223 4.2072 3.2155 4.1487 2.8708 3.9968 2.5671
4.7226 4.2079 3.2147 4.1484 2.8727 3.9967 2.5642
4.7229 4.2085 3.2138 4.148 2.8746 3.9966 2.5612
